user_id,course_id,gender,school,enroll_time,classification_encoded,classification,school_encoded,course_id_encoded,comment_count_week1,reply_count_week1,questions_done_week1,attempts_count_week1,correct_answers_week1,total_score_week1,user_watching_time_week1
U_33896355,C_697076,2.0,辽宁对外经贸学院,2020-11-28 21:46:14,4,E,781,121,0.0555555555555555,0.0,0.1834862385321101,0.1834862385321101,0.2103746397694524,0.0606060606060606,0.0654771346993073
U_29035147,C_1808487,0.0,辽宁对外经贸学院,2020-07-19 03:47:51,4,E,781,55,0.0416666666666666,0.0,0.0697247706422018,0.0697247706422018,0.0461095100864553,0.0333333333333333,0.0625167881309396
U_25176579,C_948395,1.0,西安美术学院,2020-05-23 11:05:08,0,A,727,170,0.0555555555555555,0.0,0.110091743119266,0.110091743119266,0.1440922190201729,0.0787878787878787,0.0679176487940826
U_33219132,C_697076,2.0,辽宁对外经贸学院,2020-09-24 10:43:06,0,A,781,121,0.125,0.0,0.2036697247706422,0.291743119266055,0.2564841498559078,0.075,0.0671904072888278
U_30356095,C_1829948,1.0,辽宁对外经贸学院,2020-06-04 17:53:52,4,E,781,61,0.125,0.0,0.0311926605504587,0.0311926605504587,0.0288184438040345,0.0075757575757575,0.059905041862177
U_30390924,C_682340,0.0,辽宁对外经贸学院,2020-06-07 13:58:41,4,E,781,106,0.0416666666666666,0.0,0.0275229357798165,0.0275229357798165,0.0259365994236311,0.0083333333333333,0.0620052211160003
U_29561800,C_707079,2.0,辽宁对外经贸学院,2020-04-22 10:13:16,4,E,781,132,0.0416666666666666,0.0,0.091743119266055,0.091743119266055,0.0605187319884726,0.034090909090909,0.0606304064298467
U_29938847,C_1992929,2.0,辽宁对外经贸学院,2020-09-21 07:42:36,4,E,781,81,0.0416666666666666,0.0,0.0770642201834862,0.0770642201834862,0.0864553314121037,0.0227272727272727,0.0635399667318955
U_18519865,C_801420,2.0,辽宁对外经贸学院,2020-07-14 21:19:45,4,E,781,155,0.0277777777777777,0.0,0.0073394495412844,0.0073394495412844,0.0,0.0,0.061505960670715
U_17894090,C_786631,1.0,北华航天工业学院,2020-04-23 14:32:20,0,A,186,154,0.125,0.0,0.1541284403669724,0.2458715596330275,0.2305475504322766,0.0787878787878787,0.0525060152362785
U_7872906,C_1829948,0.0,北方民族大学,2020-06-18 08:26:38,4,E,190,61,0.0416666666666666,0.0,0.0073394495412844,0.0073394495412844,0.0028818443804034,0.0007575757575757,0.061157647606941
U_33220334,C_697076,2.0,辽宁对外经贸学院,2020-10-07 08:50:26,4,E,781,121,0.0416666666666666,0.0,0.0605504587155963,0.0605504587155963,0.0691642651296829,0.0295454545454545,0.0621948017167757
U_31066049,C_801420,1.0,辽宁对外经贸学院,2020-07-26 17:01:22,4,E,781,155,0.0277777777777777,0.0,0.0018348623853211,0.0018348623853211,0.0,0.0,0.0612796980733893
U_33080073,C_735164,0.0,昆明理工大学,2020-11-10 09:33:55,0,A,476,138,0.2361111111111111,0.0,0.0605504587155963,0.0697247706422018,0.0835734870317002,0.0378787878787878,0.0676867706140939
U_5155464,C_735197,2.0,华南理工大学,2020-09-15 11:19:14,3,D,211,141,0.0972222222222222,0.0,0.0422018348623853,0.0422018348623853,0.0547550432276657,0.0143939393939393,0.1011482094087779
U_4053652,C_1017355,2.0,广州中医药大学,2020-05-05 16:22:10,0,A,423,0,0.0972222222222222,0.0,0.0825688073394495,0.0825688073394495,0.1152737752161383,0.0393939393939393,0.0677420437021861
U_14829611,C_1806527,2.0,昆明理工大学,2020-09-04 10:02:44,0,A,476,53,0.1111111111111111,0.0,0.2201834862385321,0.2678899082568807,0.1757925072046109,0.0856060606060606,0.0801378347481443
U_517063,C_735164,0.0,西南交通大学希望学院,2020-11-27 15:03:25,0,A,709,138,0.125,0.0,0.2862385321100917,0.3284403669724771,0.4149855907780979,0.1469696969696969,0.0692929290003761
U_27597420,C_747056,1.0,辽宁对外经贸学院,2020-02-27 19:31:17,4,E,781,147,0.0138888888888888,0.0,0.0660550458715596,0.0660550458715596,0.0432276657060518,0.0287878787878787,0.0619331595888228
U_33065897,C_735164,2.0,昆明理工大学,2020-09-17 21:10:52,0,A,476,138,0.0138888888888888,0.0,0.0990825688073394,0.1211009174311926,0.1498559077809798,0.0712121212121212,0.1274762472592991
U_20300148,C_801420,0.0,南京邮电大学通达学院,2020-09-04 14:03:49,4,E,229,155,0.0277777777777777,0.0,0.0036697247706422,0.0036697247706422,0.0028818443804034,0.0007575757575757,0.0612704371940118
U_32099316,C_1992917,2.0,辽宁对外经贸学院,2020-09-07 09:45:18,4,E,781,80,0.0416666666666666,0.0,0.1045871559633027,0.1045871559633027,0.0489913544668587,0.0303030303030303,0.0579904417168632
U_29686518,C_674959,2.0,辽宁对外经贸学院,2020-07-16 18:23:42,4,E,781,88,0.0416666666666666,0.0,0.0715596330275229,0.0715596330275229,0.0461095100864553,0.0121212121212121,0.0643085801014924
U_30352381,C_1829948,2.0,中国医科大学,2020-06-04 14:52:30,2,C,69,61,0.0416666666666666,0.0,0.073394495412844,0.073394495412844,0.0922190201729106,0.0242424242424242,0.0482062780834617
U_30267927,C_756642,2.0,广州中医药大学,2020-05-29 10:46:42,1,B,423,149,0.2222222222222222,0.0,0.0238532110091743,0.0238532110091743,0.0374639769452449,0.0303030303030303,0.1192177354434262
U_6762151,C_1824911,0.0,重庆三峡医药高等专科学校,2020-06-02 10:27:07,4,E,822,57,0.0416666666666666,0.0,0.0642201834862385,0.0642201834862385,0.0547550432276657,0.0318181818181818,0.0686295330870649
U_30002216,C_756642,1.0,辽宁对外经贸学院,2020-05-20 13:19:31,4,E,781,149,0.0277777777777777,0.0,0.0091743119266055,0.0091743119266055,0.0057636887608069,0.0015151515151515,0.0617515076874503
U_4825269,C_758928,0.0,陕西工业职业技术学院,2020-02-23 11:14:54,4,E,876,150,0.0138888888888888,0.0,0.0807339449541284,0.0807339449541284,0.0489913544668587,0.031060606060606,0.0641414781806606
U_4860012,C_758928,2.0,陕西工业职业技术学院,2020-02-23 11:52:00,4,E,876,150,0.0138888888888888,0.0,0.091743119266055,0.091743119266055,0.0489913544668587,0.025,0.0635720331457828
U_31252176,C_676635,2.0,辽宁对外经贸学院,2020-08-19 08:11:15,4,E,781,89,0.0416666666666666,0.0,0.036697247706422,0.036697247706422,0.0547550432276657,0.0143939393939393,0.015621033196138
U_33334172,C_697076,2.0,辽宁对外经贸学院,2020-11-09 13:34:43,4,E,781,121,0.0416666666666666,0.0,0.091743119266055,0.091743119266055,0.0518731988472622,0.0219696969696969,0.0622458851236093
U_6100222,C_1017355,2.0,广州中医药大学,2020-05-02 09:41:44,4,E,423,0,0.0277777777777777,0.0,0.036697247706422,0.036697247706422,0.031700288184438,0.0098484848484848,0.0616012338244392
U_7588963,C_948136,0.0,安徽医科大学临床医学院,2020-05-02 21:52:54,2,C,341,168,0.1805555555555555,0.0,0.2,0.2,0.2334293948126801,0.0621212121212121,0.0722071643131909
U_6766435,C_1824911,0.0,重庆三峡医专,2020-06-02 10:25:40,3,D,814,57,0.1805555555555555,0.0,0.1449541284403669,0.2587155963302752,0.0605187319884726,0.1704545454545454,0.0772689777442793
U_31067514,C_682392,0.0,昆明理工大学,2020-08-19 18:29:37,0,A,476,108,0.125,0.0,0.4495412844036697,0.4495412844036697,0.6743515850144092,0.2333333333333333,0.0631005701956558
U_31650869,C_735197,1.0,辽宁对外经贸学院,2020-11-01 17:23:10,4,E,781,141,0.0555555555555555,0.0,0.3376146788990826,0.3376146788990826,0.1873198847262247,0.0492424242424242,0.0725827350668546
U_8747140,C_1918363,1.0,信阳职业技术学院,2020-11-09 13:57:56,2,C,130,76,0.1527777777777777,0.0,0.1871559633027523,0.1871559633027523,0.1498559077809798,0.0636363636363636,0.0800894355106276
U_14431552,C_749807,1.0,天津中医药大学,2020-07-06 11:30:57,4,E,313,148,0.0138888888888888,0.0,0.0311926605504587,0.0311926605504587,0.0374639769452449,0.0098484848484848,0.0605690171994919
U_6131351,C_1017355,1.0,华南理工大学,2020-05-05 12:26:48,3,D,211,0,0.1527777777777777,0.0,0.0532110091743119,0.0532110091743119,0.0403458213256484,0.0106060606060606,0.0801009695149432
U_30140580,C_770766,2.0,河北科技学院,2020-05-28 10:26:44,4,E,564,152,0.0416666666666666,0.0,0.0091743119266055,0.0091743119266055,0.0115273775216138,0.003030303030303,0.0613364122929781
U_6159315,C_735197,2.0,华南理工大学,2020-10-22 11:11:55,4,E,211,141,0.1111111111111111,0.0,0.0678899082568807,0.0678899082568807,0.0691642651296829,0.0189393939393939,0.0650989540614554
U_32551405,C_735164,1.0,昆明理工大学,2020-11-26 21:33:52,4,E,476,138,0.0416666666666666,0.0,0.0752293577981651,0.0752293577981651,0.063400576368876,0.0318181818181818,0.0610863883591534
U_29956886,C_747056,2.0,辽宁对外经贸学院,2020-05-13 10:36:26,4,E,781,147,0.0277777777777777,0.0,0.0018348623853211,0.0018348623853211,0.0,0.0,0.0613368431467246
U_14749881,C_1918363,1.0,新乡医学院三全学院,2020-11-02 15:34:49,4,E,461,76,0.0416666666666666,0.0,0.0073394495412844,0.0073394495412844,0.0086455331412103,0.006060606060606,0.0615575244547142
U_30259296,C_674920,0.0,辽宁对外经贸学院,2020-05-28 17:25:16,4,E,781,87,0.0555555555555555,0.0,0.2201834862385321,0.2201834862385321,0.3458213256484149,0.0931818181818181,0.0654472225541522
U_6099726,C_1017355,2.0,广州中医药大学,2020-03-10 09:59:29,3,D,423,0,0.0138888888888888,0.0,0.1706422018348624,0.1926605504587156,0.1066282420749279,0.1340909090909091,0.0822255192433209
U_11283389,C_936971,0.0,汉江师范学院,2020-07-20 14:19:21,4,E,519,162,0.0416666666666666,0.0,0.0275229357798165,0.0275229357798165,0.0403458213256484,0.0151515151515151,0.0610221713415662
U_16517364,C_674959,1.0,辽宁对外经贸学院,2020-07-11 12:43:43,4,E,781,88,0.0277777777777777,0.0,0.0073394495412844,0.0073394495412844,0.0057636887608069,0.0015151515151515,0.0617169651026064
U_8770786,C_735164,1.0,湖北工程学院,2020-11-27 11:38:46,0,A,624,138,0.125,0.0,0.2862385321100917,0.3247706422018349,0.440922190201729,0.1590909090909091,0.0678633116986121
U_135286,C_1774987,0.0,重庆交通大学,2020-11-19 13:37:47,0,A,830,47,0.0972222222222222,0.0,0.0715596330275229,0.0715596330275229,0.1066282420749279,0.0537878787878787,0.0697643127130325
U_31509686,C_801420,2.0,辽宁对外经贸学院,2020-08-27 13:37:15,4,E,781,155,0.0277777777777777,0.0,0.0128440366972477,0.0128440366972477,0.0172910662824207,0.0045454545454545,0.0615281521148276
U_14749903,C_1918363,0.0,新乡医学院三全学院,2020-10-30 07:54:26,2,C,461,76,0.1111111111111111,0.0,0.0073394495412844,0.0073394495412844,0.0057636887608069,0.0045454545454545,0.0722574008695574
U_28992596,C_735164,1.0,昆明理工大学,2020-10-20 13:37:51,0,A,476,138,0.1111111111111111,0.0,0.1908256880733945,0.2844036697247706,0.2420749279538904,0.0651515151515151,0.0072546832326806
U_31104598,C_682392,0.0,中国医科大学,2020-09-14 19:44:42,2,C,69,108,0.0694444444444444,0.0,0.3669724770642202,0.3669724770642202,0.2737752161383285,0.0946969696969697,0.0680869446023819
U_16551956,C_735283,2.0,梧州学院,2020-07-04 16:00:38,4,E,500,143,0.0416666666666666,0.0,0.0055045871559633,0.0055045871559633,0.0086455331412103,0.0022727272727272,0.0657935348717933
U_14946379,C_674920,0.0,西昌民族幼儿师范高等专科学校,2020-06-04 10:04:29,4,E,751,87,0.0416666666666666,0.0,0.073394495412844,0.073394495412844,0.0835734870317002,0.0272727272727272,0.0599521782525058
U_31099509,C_682392,2.0,昆明理工大学,2020-07-30 14:10:40,0,A,476,108,0.0833333333333333,0.0,0.018348623853211,0.018348623853211,0.0144092219020172,0.0037878787878787,0.0617194363212211
U_34040429,C_735164,1.0,昆明理工大学,2020-10-03 16:37:47,0,A,476,138,0.1111111111111111,0.0,0.1981651376146789,0.2752293577981651,0.2334293948126801,0.0621212121212121,0.0672356221704944
U_11064791,C_676646,2.0,天津商业大学,2020-08-11 08:03:34,4,E,316,90,0.0416666666666666,0.0,0.0807339449541284,0.0807339449541284,0.0461095100864553,0.0318181818181818,0.0604676031417955
U_24678609,C_735197,0.0,昆明理工大学,2020-11-15 01:02:33,0,A,476,141,0.0138888888888888,0.0,0.2715596330275229,0.2715596330275229,0.1440922190201729,0.0378787878787878,0.0710121840189276
U_13459107,C_1750793,2.0,北京体育大学,2020-06-06 10:56:37,0,A,159,17,0.0972222222222222,0.0,0.0238532110091743,0.0238532110091743,0.0345821325648414,0.0181818181818181,0.0679944596171548
U_6762800,C_1824911,2.0,重庆三峡医药高等专科学校,2020-06-02 10:24:22,4,E,822,57,0.0416666666666666,0.0,0.0715596330275229,0.0715596330275229,0.0489913544668587,0.028030303030303,0.0632453370544595
U_29799486,C_674920,0.0,辽宁对外经贸学院,2020-06-17 17:51:04,4,E,781,87,0.0555555555555555,0.0,0.2201834862385321,0.2201834862385321,0.1066282420749279,0.028030303030303,0.0682809823108791
U_31144531,C_697076,0.0,辽宁对外经贸学院,2020-08-06 14:15:18,4,E,781,121,0.0416666666666666,0.0,0.0091743119266055,0.0091743119266055,0.0115273775216138,0.003030303030303,0.0606840551497913
U_30289996,C_1714448,0.0,辽宁对外经贸学院,2020-05-30 22:46:25,4,E,781,8,0.0277777777777777,0.0,0.0073394495412844,0.0073394495412844,0.0028818443804034,0.0007575757575757,0.0619993525908333
U_33713531,C_697076,2.0,辽宁对外经贸学院,2020-11-16 16:45:26,4,E,781,121,0.0416666666666666,0.0,0.091743119266055,0.091743119266055,0.0518731988472622,0.0212121212121212,0.0622450729395355
U_14345806,C_682575,0.0,昆明理工大学,2020-07-06 01:06:02,0,A,476,113,0.0833333333333333,0.0,0.110091743119266,0.110091743119266,0.1527377521613832,0.0401515151515151,0.070862628245494
U_14853779,C_682556,1.0,辽宁对外经贸学院,2020-07-05 22:27:44,4,E,781,112,0.0416666666666666,0.0,0.0862385321100917,0.0862385321100917,0.0605187319884726,0.0318181818181818,0.0624980385644566
U_9147318,C_735164,1.0,黄河交通学院,2020-11-30 16:02:35,4,E,903,138,0.0555555555555555,0.0,0.1247706422018348,0.1302752293577981,0.1902017291066282,0.0765151515151515,0.0624469502052811
U_29803555,C_766175,2.0,昆明理工大学,2020-05-09 17:05:48,0,A,476,151,0.0972222222222222,0.0,0.0110091743119266,0.0110091743119266,0.0172910662824207,0.0045454545454545,0.0599433779409263
U_30054044,C_676635,0.0,广州中医药大学,2020-05-19 14:18:24,1,B,423,89,0.2222222222222222,0.0,0.0165137614678899,0.0330275229357798,0.0259365994236311,0.0257575757575757,0.1185482778636135
U_34040612,C_735164,1.0,昆明理工大学,2020-10-20 20:04:33,0,A,476,138,0.1111111111111111,0.0,0.1981651376146789,0.2770642201834862,0.2190201729106628,0.0606060606060606,0.0689598047692495
U_30089646,C_674920,0.0,辽宁对外经贸学院,2020-05-20 15:28:54,4,E,781,87,0.0555555555555555,0.0,0.2201834862385321,0.2201834862385321,0.3342939481268011,0.0901515151515151,0.0655832732911888
U_32612192,C_735164,2.0,昆明理工大学,2020-11-28 10:45:19,0,A,476,138,0.125,0.0,0.2862385321100917,0.3229357798165138,0.440922190201729,0.1598484848484848,0.0703611640080573
U_30646473,C_735115,0.0,辽宁对外经贸学院,2020-06-22 12:56:05,4,E,781,136,0.0555555555555555,0.0,0.1651376146788991,0.1651376146788991,0.2363112391930835,0.0818181818181818,0.0640836992075604
U_16022635,C_1755893,1.0,清华大学,2020-05-09 10:45:14,4,E,612,19,0.0416666666666666,0.0,0.0678899082568807,0.0678899082568807,0.0547550432276657,0.0333333333333333,0.0637364261355882
U_1294688,C_735197,2.0,华南理工大学,2020-10-27 21:06:59,4,E,211,141,0.0555555555555555,0.0,0.0091743119266055,0.0091743119266055,0.0115273775216138,0.003030303030303,0.0796668846405354
U_33217491,C_697076,1.0,辽宁对外经贸学院,2020-10-08 18:35:24,4,E,781,121,0.0416666666666666,0.0,0.0935779816513761,0.0935779816513761,0.0489913544668587,0.0196969696969696,0.0623330562459637
U_4602254,C_735197,2.0,华南理工大学,2020-10-14 22:01:32,4,E,211,141,0.0138888888888888,0.0,0.0091743119266055,0.0091743119266055,0.0086455331412103,0.0022727272727272,0.061500889472596
U_30935631,C_758928,0.0,辽宁对外经贸学院,2020-07-12 04:24:40,4,E,781,150,0.0416666666666666,0.0,0.0055045871559633,0.0055045871559633,0.0086455331412103,0.0022727272727272,0.0612841007053501
U_28191769,C_735385,2.0,辽宁对外经贸学院,2020-05-10 22:38:53,4,E,781,146,0.0277777777777777,0.0,0.0055045871559633,0.0055045871559633,0.0057636887608069,0.0015151515151515,0.0612725320346411
U_22295978,C_707358,1.0,湖北文理学院理工学院,2020-05-14 11:27:54,0,A,626,134,0.0694444444444444,0.0,0.018348623853211,0.0201834862385321,0.0259365994236311,0.0068181818181818,0.0762759242391808
U_33329491,C_697076,2.0,辽宁对外经贸学院,2020-11-03 10:07:26,4,E,781,121,0.0277777777777777,0.0,0.0091743119266055,0.0091743119266055,0.0086455331412103,0.0022727272727272,0.0647397607024983
U_16489402,C_735197,1.0,辽宁对外经贸学院,2020-09-20 14:31:23,4,E,781,141,0.0138888888888888,0.0,0.0091743119266055,0.0091743119266055,0.0115273775216138,0.003030303030303,0.0605425915030436
U_32442895,C_948387,2.0,辽宁对外经贸学院,2020-09-14 21:12:55,4,E,781,169,0.0416666666666666,0.0,0.0880733944954128,0.0880733944954128,0.0576368876080691,0.0348484848484848,0.0626894020083207
U_34177195,C_697076,1.0,辽宁对外经贸学院,2020-11-16 11:50:19,4,E,781,121,0.0416666666666666,0.0,0.0715596330275229,0.0715596330275229,0.0835734870317002,0.0363636363636363,0.0612880724835644
U_32739344,C_735164,2.0,昆明理工大学,2020-09-15 10:53:18,0,A,476,138,0.0972222222222222,0.0,0.2091743119266055,0.2788990825688073,0.2074927953890489,0.05,0.0683093295159897
U_14505222,C_1017355,0.0,广州中医药大学,2020-05-01 11:31:07,2,C,423,0,0.1527777777777777,0.0,0.0825688073394495,0.0825688073394495,0.1095100864553314,0.0378787878787878,0.0752245172893202
U_33312020,C_1912004,1.0,辽宁对外经贸学院,2020-09-21 19:44:31,4,E,781,74,0.0138888888888888,0.0,0.0018348623853211,0.0018348623853211,0.0028818443804034,0.0007575757575757,0.0170346578451359
U_2329805,C_735164,0.0,华东交通大学,2020-09-20 10:59:19,0,A,195,138,0.0138888888888888,0.0,0.1871559633027523,0.2605504587155963,0.2103746397694524,0.0575757575757575,0.0667563790912219
U_33009480,C_735164,1.0,昆明理工大学,2020-10-21 16:45:27,0,A,476,138,0.1111111111111111,0.0,0.1908256880733945,0.273394495412844,0.2219020172910662,0.0643939393939393,0.0671127347582628
U_14185483,C_1017355,2.0,北京中医药大学,2020-03-24 00:30:46,1,B,155,0,0.0138888888888888,0.0,0.0256880733944954,0.0293577981651376,0.0403458213256484,0.0234848484848484,0.1113475132938641
U_31397527,C_1771165,0.0,辽宁对外经贸学院,2020-08-23 10:57:04,4,E,781,38,0.0416666666666666,0.0,0.0055045871559633,0.0055045871559633,0.0057636887608069,0.0015151515151515,0.0612951840465516
U_8763008,C_735197,0.0,华南理工大学,2020-09-24 11:29:58,3,D,211,141,0.1666666666666666,0.0,0.163302752293578,0.2440366972477064,0.0749279538904899,0.156060606060606,0.081736609192634
U_33201913,C_1912004,1.0,辽宁对外经贸学院,2020-10-03 19:00:01,4,E,781,74,0.0277777777777777,0.0,0.0055045871559633,0.0055045871559633,0.0086455331412103,0.0022727272727272,0.0617963660004992
U_32716468,C_735164,2.0,昆明理工大学,2020-12-06 22:55:27,0,A,476,138,0.125,0.0,0.2862385321100917,0.2899082568807339,0.4495677233429394,0.1636363636363636,0.0691860624142333
U_30356790,C_1829948,0.0,中国医科大学,2020-06-04 18:35:09,2,C,69,61,0.1527777777777777,0.0,0.1119266055045871,0.1119266055045871,0.1585014409221901,0.0416666666666666,0.0715629488201092
U_32756117,C_735164,1.0,昆明理工大学,2020-09-15 15:31:29,0,A,476,138,0.125,0.0,0.1963302752293578,0.2788990825688073,0.2420749279538904,0.0681818181818181,0.0678756083635823
U_17458754,C_677087,2.0,成都中医药大学,2020-05-04 20:49:26,1,B,451,92,0.2361111111111111,0.0,0.3559633027522936,0.3559633027522936,0.5389048991354467,0.1416666666666666,0.0930150330467912
U_29952502,C_697062,2.0,广州中医药大学,2020-05-12 22:26:27,1,B,423,120,0.25,0.0,0.146788990825688,0.146788990825688,0.1671469740634005,0.0484848484848484,0.1028357152494599
U_32756230,C_735164,2.0,昆明理工大学,2020-09-17 18:37:27,2,C,476,138,0.1388888888888889,0.0,0.0403669724770642,0.0642201834862385,0.0461095100864553,0.0204545454545454,0.0820540062314882
U_30994674,C_697076,2.0,昆明理工大学,2020-07-18 19:00:32,0,A,476,121,0.0972222222222222,0.0,0.1449541284403669,0.236697247706422,0.1152737752161383,0.0272727272727272,0.0688415527490485
U_34269126,C_697076,2.0,辽宁对外经贸学院,2020-11-27 15:15:54,4,E,781,121,0.0416666666666666,0.0,0.0697247706422018,0.0697247706422018,0.0115273775216138,0.0189393939393939,0.0649316639516309
U_12982151,C_1992950,0.0,华南农业大学,2020-10-13 18:55:21,4,E,209,83,0.0277777777777777,0.0,0.1431192660550458,0.1431192660550458,0.2103746397694524,0.056060606060606,0.0528347368354443
U_24747945,C_808528,0.0,昆明理工大学,2020-02-19 21:04:09,0,A,476,156,0.0138888888888888,0.0,0.1871559633027523,0.2678899082568807,0.2103746397694524,0.0606060606060606,0.0677526070474867
U_13535207,C_948120,0.0,中国农业大学,2020-10-09 12:09:22,0,A,67,167,0.0833333333333333,0.0,0.018348623853211,0.018348623853211,0.0230547550432276,0.0068181818181818,0.0680374707066701
U_8934540,C_735197,0.0,华南理工大学,2020-09-20 10:24:23,3,D,211,141,0.1527777777777777,0.0,0.1779816513761468,0.2477064220183486,0.1095100864553314,0.1545454545454545,0.082371860946853
U_33344790,C_697076,0.0,辽宁对外经贸学院,2020-10-15 10:46:49,4,E,781,121,0.0416666666666666,0.0,0.0844036697247706,0.0844036697247706,0.0778097982708933,0.034090909090909,0.0607018736759946
U_32028945,C_948120,2.0,辽宁对外经贸学院,2020-09-05 01:09:59,4,E,781,167,0.0416666666666666,0.0,0.018348623853211,0.018348623853211,0.0230547550432276,0.006060606060606,0.0616612611607679
U_8617846,C_758928,1.0,陕西工业职业技术学院,2020-03-19 18:39:10,4,E,876,150,0.0138888888888888,0.0,0.073394495412844,0.073394495412844,0.0489913544668587,0.031060606060606,0.0613453958412085
U_29956798,C_747056,2.0,辽宁对外经贸学院,2020-05-13 10:33:46,4,E,781,147,0.0277777777777777,0.0,0.0055045871559633,0.0055045871559633,0.0086455331412103,0.0022727272727272,0.0613856484762782
U_20962523,C_948120,2.0,中国农业大学,2020-09-24 16:40:50,4,E,67,167,0.0416666666666666,0.0,0.0275229357798165,0.0275229357798165,0.0374639769452449,0.0098484848484848,0.0616149468591966
U_30653020,C_948436,1.0,西安美术学院,2020-06-22 21:13:37,4,E,727,171,0.0277777777777777,0.0,0.018348623853211,0.018348623853211,0.0144092219020172,0.0,0.0620116443034616
U_33224744,C_697076,1.0,辽宁对外经贸学院,2020-09-24 15:09:55,0,A,781,121,0.0972222222222222,0.0,0.0275229357798165,0.0275229357798165,0.0432276657060518,0.0136363636363636,0.0635342319199602
U_19956975,C_676646,1.0,西安美术学院,2020-05-28 19:51:49,0,A,727,90,0.0972222222222222,0.0,0.0660550458715596,0.0660550458715596,0.1037463976945244,0.0272727272727272,0.068981545550248
U_31091880,C_735164,1.0,昆明理工大学,2020-10-10 09:45:01,0,A,476,138,0.0972222222222222,0.0,0.0403669724770642,0.0495412844036697,0.0605187319884726,0.0265151515151515,0.0254471669808054
U_29893315,C_1017355,0.0,华南理工大学,2020-05-09 12:17:03,3,D,211,0,0.1388888888888889,0.0,0.036697247706422,0.036697247706422,0.0144092219020172,0.0037878787878787,0.0797162963568432
U_7533198,C_682392,2.0,昆明理工大学,2019-10-31 09:05:40,0,A,476,108,0.0416666666666666,0.0,0.1559633027522936,0.2844036697247706,0.2305475504322766,0.0469696969696969,0.0558694279606114
U_29430350,C_682407,1.0,辽宁对外经贸学院,2020-06-24 22:15:35,4,E,781,110,0.0277777777777777,0.0,0.0018348623853211,0.0018348623853211,0.0028818443804034,0.0007575757575757,0.0612902267522966
U_22274236,C_677087,1.0,安徽新闻出版职业技术学院,2020-10-15 01:56:57,4,E,348,92,0.0416666666666666,0.0,0.073394495412844,0.073394495412844,0.0864553314121037,0.0227272727272727,0.0604003057675384
U_25244687,C_948120,2.0,中国农业大学,2020-10-18 17:59:48,4,E,67,167,0.0138888888888888,0.0,0.0899082568807339,0.0899082568807339,0.1066282420749279,0.0295454545454545,0.0627394602803783
U_3443139,C_676646,0.0,天津商业大学,2020-08-08 17:13:05,4,E,316,90,0.0277777777777777,0.0,0.0091743119266055,0.0091743119266055,0.0057636887608069,0.0015151515151515,0.0617752145481883
U_12390582,C_948387,0.0,深圳信息职业技术学院,2020-10-27 13:53:17,4,E,610,169,0.0416666666666666,0.0,0.073394495412844,0.073394495412844,0.0605187319884726,0.0159090909090909,0.0633533080128489
U_33748963,C_697076,2.0,辽宁对外经贸学院,2020-11-17 14:57:25,4,E,781,121,0.0416666666666666,0.0,0.036697247706422,0.036697247706422,0.0489913544668587,0.0143939393939393,0.0619315748394106
U_32612176,C_735164,1.0,昆明理工大学,2020-11-30 20:37:22,4,E,476,138,0.0416666666666666,0.0,0.018348623853211,0.018348623853211,0.0288184438040345,0.0136363636363636,0.0612828774768975
U_34177194,C_697076,0.0,辽宁对外经贸学院,2020-11-19 09:43:29,4,E,781,121,0.0416666666666666,0.0,0.0091743119266055,0.0091743119266055,0.0086455331412103,0.0022727272727272,0.0599297590006652
U_33383599,C_697076,2.0,辽宁对外经贸学院,2020-12-02 17:41:38,0,A,781,121,0.1527777777777777,0.0,0.5541284403669725,0.5541284403669725,0.8703170028818443,0.2931818181818181,0.0764215924242127
U_31026734,C_735283,2.0,辽宁对外经贸学院,2020-07-20 16:56:02,4,E,781,143,0.0277777777777777,0.0,0.0036697247706422,0.0036697247706422,0.0028818443804034,0.0007575757575757,0.0617598573359158
U_8013672,C_735164,0.0,广东海洋大学,2020-09-16 08:17:36,0,A,408,138,0.0833333333333333,0.0,0.0091743119266055,0.0146788990825688,0.0086455331412103,0.0037878787878787,0.0697292204182363
U_30371427,C_676635,1.0,昆明理工大学,2020-06-12 16:17:45,0,A,476,89,0.0833333333333333,0.0,0.0642201834862385,0.0642201834862385,0.100864553314121,0.0265151515151515,0.069916730940092
U_30887469,C_682750,2.0,辽宁对外经贸学院,2020-07-06 22:24:43,4,E,781,115,0.0277777777777777,0.0,0.0036697247706422,0.0036697247706422,0.0028818443804034,0.0007575757575757,0.0612084388256017
U_31246021,C_801420,1.0,辽宁对外经贸学院,2020-08-18 14:00:35,4,E,781,155,0.0277777777777777,0.0,0.0055045871559633,0.0055045871559633,0.0,0.0,0.0139650728930261
U_31433453,C_735164,1.0,昆明理工大学,2020-09-17 10:14:36,0,A,476,138,0.1111111111111111,0.0,0.0990825688073394,0.1394495412844036,0.1037463976945244,0.0492424242424242,0.0617845744744041
U_14798596,C_682392,0.0,昆明理工大学,2020-11-30 14:45:57,0,A,476,108,0.1388888888888889,0.0,0.4495412844036697,0.4495412844036697,0.7060518731988472,0.2469696969696969,0.0622557105699649
U_18559580,C_1731884,2.0,牡丹江师范学院,2020-07-09 10:13:36,0,A,656,11,0.2638888888888889,0.0,0.2403669724770642,0.2403669724770642,0.377521613832853,0.0992424242424242,0.0711134495063667
U_31646918,C_801420,0.0,辽宁对外经贸学院,2020-08-30 11:38:28,4,E,781,155,0.0416666666666666,0.0,0.0256880733944954,0.0256880733944954,0.031700288184438,0.0083333333333333,0.0618860331031777
U_6159239,C_735197,0.0,华南理工大学,2020-10-05 22:30:38,4,E,211,141,0.0416666666666666,0.0,0.0715596330275229,0.0715596330275229,0.0605187319884726,0.0212121212121212,0.0634384486750189
U_33248700,C_697076,1.0,辽宁对外经贸学院,2020-11-16 19:09:49,4,E,781,121,0.0416666666666666,0.0,0.0018348623853211,0.0018348623853211,0.0,0.0,0.0605184191221658
U_9538982,C_1771156,0.0,广东外语外贸大学,2020-09-19 20:05:40,4,E,402,36,0.0416666666666666,0.0,0.0275229357798165,0.0385321100917431,0.0403458213256484,0.0106060606060606,0.0620286754073007
U_33329452,C_697076,0.0,辽宁对外经贸学院,2020-11-03 23:33:13,4,E,781,121,0.0277777777777777,0.0,0.0770642201834862,0.0770642201834862,0.0403458213256484,0.0295454545454545,0.0605994394358641
U_25502704,C_1829948,2.0,北方民族大学,2020-06-05 11:03:04,1,B,190,61,0.0694444444444444,0.0,0.0825688073394495,0.0825688073394495,0.0806916426512968,0.0212121212121212,0.0866709245811697
U_30778080,C_1992929,1.0,辽宁对外经贸学院,2020-09-20 19:47:24,4,E,781,81,0.0416666666666666,0.0,0.0660550458715596,0.0660550458715596,0.0432276657060518,0.0295454545454545,0.0625691195279354
U_30199329,C_948395,2.0,昆明理工大学,2020-05-27 09:50:45,0,A,476,170,0.1805555555555555,0.0,0.110091743119266,0.110091743119266,0.1729106628242074,0.1,0.0697874302450829
U_17104808,C_707079,2.0,华南理工大学,2020-07-09 14:41:24,3,D,211,132,0.1805555555555555,0.0,0.0091743119266055,0.0091743119266055,0.0115273775216138,0.0037878787878787,0.0516160843468365
U_27581857,C_735283,1.0,辽宁对外经贸学院,2020-04-19 20:53:14,4,E,781,143,0.0416666666666666,0.0,0.0715596330275229,0.0715596330275229,0.0518731988472622,0.0333333333333333,0.0632624721574788
U_1751699,C_735164,0.0,合肥工业大学,2020-11-29 10:46:16,2,C,248,138,0.1944444444444444,0.0,0.2862385321100917,0.4256880733944954,0.340057636887608,0.1174242424242424,0.0729838054290288
U_5108251,C_674920,2.0,西昌名族幼儿师范高等专科学校,2020-06-29 19:51:08,4,E,734,87,0.6666666666666666,0.0,0.2201834862385321,0.2201834862385321,0.3285302593659942,0.0886363636363636,0.0718258389382241
U_33656073,C_697076,1.0,辽宁对外经贸学院,2020-12-06 08:10:13,4,E,781,121,0.0555555555555555,0.0,0.1834862385321101,0.1834862385321101,0.2449567723342939,0.0795454545454545,0.0650224502835818
U_30326209,C_676635,0.0,中国医科大学,2020-06-02 18:58:08,2,C,69,89,0.125,0.0,0.0623853211009174,0.0623853211009174,0.0806916426512968,0.0212121212121212,0.0755091630454594
U_22316048,C_707358,0.0,湖北文理学院理工学院,2020-05-14 15:53:09,1,B,626,134,0.0277777777777777,0.0,0.0458715596330275,0.0697247706422018,0.0662824207492795,0.0174242424242424,0.1126598244727324
U_31211837,C_1756077,0.0,辽宁对外经贸学院,2020-08-16 22:27:20,4,E,781,28,0.0138888888888888,0.0,0.0110091743119266,0.0110091743119266,0.0086455331412103,0.0022727272727272,0.0049467246220717
U_33454981,C_697076,2.0,辽宁对外经贸学院,2020-11-23 11:43:20,4,E,781,121,0.0416666666666666,0.0,0.0275229357798165,0.0275229357798165,0.0432276657060518,0.0136363636363636,0.0628806465959789
U_33344218,C_697076,2.0,辽宁对外经贸学院,2020-11-19 13:59:36,4,E,781,121,0.0416666666666666,0.0,0.0825688073394495,0.0825688073394495,0.0778097982708933,0.0219696969696969,0.0624767088278369
U_28673732,C_801420,1.0,辽宁对外经贸学院,2020-06-24 13:55:20,4,E,781,155,0.0416666666666666,0.0,0.0697247706422018,0.0697247706422018,0.0461095100864553,0.0333333333333333,0.0625548617355675
U_6758748,C_1824911,2.0,重庆市三峡医药高等专科学校,2020-06-10 20:14:16,4,E,841,57,0.25,0.0,0.0770642201834862,0.0770642201834862,0.0691642651296829,0.0348484848484848,0.0669029783165335
U_34542416,C_1912004,1.0,辽宁对外经贸学院,2020-12-02 22:53:47,4,E,781,74,0.0277777777777777,0.0,0.0018348623853211,0.0018348623853211,0.0,0.0,0.0617475606709456
U_6229920,C_735164,0.0,中国计量大学,2020-12-02 09:46:36,4,E,87,138,0.0277777777777777,0.0,0.0110091743119266,0.0110091743119266,0.0172910662824207,0.009090909090909,0.0630112051858339
U_19862611,C_707358,1.0,辽宁对外经贸学院,2020-05-14 12:33:35,4,E,781,134,0.0416666666666666,0.0,0.018348623853211,0.0238532110091743,0.0288184438040345,0.0075757575757575,0.0616130946833211
U_5503121,C_1017355,2.0,广州中医药大学,2020-05-08 22:11:43,0,A,423,0,0.1111111111111111,0.0,0.0825688073394495,0.0825688073394495,0.1037463976945244,0.034090909090909,0.0680211279783569
U_32576051,C_735164,1.0,昆明理工大学,2020-11-22 21:03:09,0,A,476,138,0.0833333333333333,0.0,0.0091743119266055,0.0091743119266055,0.0144092219020172,0.006060606060606,0.0664892299590617
U_28185235,C_682392,0.0,中国医科大学,2020-07-30 14:36:44,2,C,69,108,0.0138888888888888,0.0,0.4495412844036697,0.4495412844036697,0.3487031700288184,0.1189393939393939,0.0713154109619248
U_33224317,C_697076,1.0,辽宁对外经贸学院,2020-11-08 11:10:53,4,E,781,121,0.0416666666666666,0.0,0.091743119266055,0.091743119266055,0.0518731988472622,0.0219696969696969,0.0621996054884314
U_4121785,C_1017355,2.0,广州中医药大学,2020-03-01 22:24:44,1,B,423,0,0.2083333333333333,0.0,0.0403669724770642,0.0532110091743119,0.063400576368876,0.0265151515151515,0.1162262138827156
U_26396442,C_735115,1.0,广东财经大学,2020-06-05 13:50:20,0,A,418,136,0.1388888888888889,0.0,0.5211009174311927,0.5211009174311927,0.685878962536023,0.231060606060606,0.0734232217746362
U_19299134,C_948136,0.0,辽宁对外经贸学院,2020-05-28 10:34:06,4,E,781,168,0.0416666666666666,0.0,0.1229357798165137,0.1229357798165137,0.0547550432276657,0.0143939393939393,0.0656155922745137
U_28298952,C_1736024,0.0,广州中医药大学,2020-05-14 15:15:13,4,E,423,14,0.0416666666666666,0.0,0.0110091743119266,0.0165137614678899,0.0172910662824207,0.0075757575757575,0.0615017165136955
U_9811153,C_735197,1.0,华南理工大学,2020-09-24 11:26:13,2,C,211,141,0.0972222222222222,0.0,0.0678899082568807,0.0678899082568807,0.0749279538904899,0.0204545454545454,0.0778114869914917
U_23576002,C_948395,1.0,西安美术学院,2020-02-18 14:12:50,0,A,727,170,0.0416666666666666,0.0,0.1853211009174312,0.2697247706422018,0.201729106628242,0.0628787878787878,0.0695720380382564
U_34429088,C_1755941,0.0,辽宁对外经贸学院,2020-11-01 13:48:59,4,E,781,24,0.0277777777777777,0.0,0.0018348623853211,0.0018348623853211,0.0,0.0,0.0614327155338203
U_32578265,C_735164,1.0,昆明理工大学,2020-11-19 09:55:05,0,A,476,138,0.125,0.0,0.2862385321100917,0.291743119266055,0.4495677233429394,0.1636363636363636,0.0692452775664882
U_22751744,C_801420,2.0,南京邮电大学,2020-09-08 15:48:07,4,E,228,155,0.0277777777777777,0.0,0.0055045871559633,0.0055045871559633,0.0086455331412103,0.0022727272727272,0.0613151518891452
U_24160784,C_1738818,1.0,安徽工业大学,2020-06-15 19:16:44,4,E,344,15,0.0138888888888888,0.0,0.0055045871559633,0.0055045871559633,0.0057636887608069,0.003030303030303,0.0607014923456673
U_7598930,C_735164,0.0,吉林化工学院,2020-09-16 08:20:28,4,E,253,138,0.0416666666666666,0.0,0.0678899082568807,0.0678899082568807,0.0432276657060518,0.0401515151515151,0.0617227543903029
U_24162547,C_1738818,1.0,安徽工业大学,2020-06-15 19:24:35,4,E,344,15,0.0277777777777777,0.0,0.0055045871559633,0.0055045871559633,0.0057636887608069,0.003030303030303,0.0613160532153734
U_4662293,C_682392,0.0,陕西工业职业技术学院,2019-10-31 10:48:09,0,A,876,108,0.2083333333333333,0.0,0.1908256880733945,0.2954128440366972,0.2334293948126801,0.0575757575757575,0.0659084341565191
U_13701008,C_735385,0.0,哈尔滨工程大学,2020-11-27 11:21:34,4,E,273,146,0.0277777777777777,0.0,0.0036697247706422,0.0036697247706422,0.0,0.0,0.0613007653358877
U_19895915,C_735164,0.0,运城学院,2020-11-28 16:54:57,0,A,799,138,0.125,0.0,0.2862385321100917,0.2880733944954128,0.4495677233429394,0.1636363636363636,0.0667619653328999
U_30201879,C_674920,1.0,辽宁对外经贸学院,2020-06-04 15:28:44,4,E,781,87,0.0555555555555555,0.0,0.146788990825688,0.146788990825688,0.1642651296829971,0.0431818181818181,0.0645839005978092
U_32719370,C_735164,1.0,昆明理工大学,2020-11-30 20:51:24,4,E,476,138,0.0416666666666666,0.0,0.036697247706422,0.0403669724770642,0.0547550432276657,0.025,0.0618279371801952
U_12971370,C_801420,1.0,辽宁对外经贸学院,2020-07-09 22:27:26,4,E,781,155,0.0138888888888888,0.0,0.0201834862385321,0.0201834862385321,0.0288184438040345,0.0083333333333333,0.0598667553068468
U_33249412,C_1912004,2.0,辽宁对外经贸学院,2020-09-21 13:44:44,4,E,781,74,0.0277777777777777,0.0,0.0055045871559633,0.0055045871559633,0.0057636887608069,0.0015151515151515,0.0618303786847583
U_5647322,C_1824911,2.0,重庆三峡医药高等专科学校,2020-07-05 16:54:25,4,E,822,57,0.1111111111111111,0.0,0.0073394495412844,0.0073394495412844,0.0057636887608069,0.0015151515151515,0.0618154721355999
U_23153343,C_823315,1.0,西安石油大学,2020-06-12 08:39:05,4,E,725,158,0.0416666666666666,0.0,0.0330275229357798,0.0330275229357798,0.0489913544668587,0.0136363636363636,0.0636031586147067
U_30010787,C_674920,2.0,辽宁对外经贸学院,2020-05-16 12:08:19,4,E,781,87,0.0416666666666666,0.0,0.036697247706422,0.036697247706422,0.0489913544668587,0.0128787878787878,0.0614191411646365
U_32612160,C_735164,1.0,昆明理工大学,2020-11-28 09:36:52,0,A,476,138,0.1111111111111111,0.0,0.1541284403669724,0.1559633027522936,0.239193083573487,0.1045454545454545,0.0661156054757698
U_982938,C_735164,2.0,昆明理工大学,2020-11-30 10:11:14,4,E,476,138,0.0694444444444444,0.0,0.2715596330275229,0.2788990825688073,0.4034582132564841,0.1454545454545454,0.0673487336597896
U_31946640,C_682392,0.0,昆明理工大学,2020-09-15 08:09:18,0,A,476,108,0.0833333333333333,0.0,0.2091743119266055,0.2091743119266055,0.2190201729106628,0.075,0.0551444694849786
U_29653679,C_747056,0.0,辽宁对外经贸学院,2020-04-26 08:10:49,4,E,781,147,0.0416666666666666,0.0,0.0642201834862385,0.0642201834862385,0.0576368876080691,0.034090909090909,0.0623098941428361
U_5502895,C_758928,0.0,陕西工业职业技术学院,2020-02-23 19:08:46,4,E,876,150,0.0138888888888888,0.0,0.073394495412844,0.073394495412844,0.0489913544668587,0.031060606060606,0.0613453958412085
U_29937958,C_735115,0.0,辽宁对外经贸学院,2020-05-12 10:36:42,4,E,781,136,0.0694444444444444,0.0,0.3321100917431193,0.3321100917431193,0.1613832853025936,0.056060606060606,0.0718599556216635
U_31395466,C_801420,0.0,辽宁对外经贸学院,2020-08-22 22:24:23,4,E,781,155,0.0555555555555555,0.0,0.2862385321100917,0.2862385321100917,0.3429394812680115,0.0924242424242424,0.0689117323862991
U_31256358,C_697144,2.0,中国医科大学,2020-08-19 16:14:26,2,C,69,123,0.4305555555555555,0.0,0.0,0.0,0.0,0.0348484848484848,0.2191084329580377
U_3483797,C_735164,0.0,中国矿业大学,2020-09-15 10:52:18,4,E,83,138,0.0416666666666666,0.0,0.1119266055045871,0.1119266055045871,0.063400576368876,0.003030303030303,0.0624227035392746
U_25389263,C_948395,2.0,西安美术学院,2020-05-28 16:29:27,0,A,727,170,0.125,0.0,0.110091743119266,0.110091743119266,0.1613832853025936,0.0878787878787878,0.0683536034526928
U_5075955,C_1864065,1.0,湖北理工学院,2020-06-28 14:55:23,4,E,631,67,0.0416666666666666,0.0,0.0880733944954128,0.0880733944954128,0.0720461095100864,0.0371212121212121,0.0645009785848163
U_31132429,C_707035,2.0,辽宁对外经贸学院,2020-08-14 15:51:20,4,E,781,130,0.0416666666666666,0.0,0.018348623853211,0.018348623853211,0.0259365994236311,0.0075757575757575,0.0624810966027719
U_33805117,C_1912004,1.0,辽宁对外经贸学院,2020-09-26 17:48:01,4,E,781,74,0.0416666666666666,0.0,0.0697247706422018,0.0697247706422018,0.0662824207492795,0.0219696969696969,0.0628484118024665
U_16831372,C_1774985,1.0,辽宁对外经贸学院,2020-06-04 12:28:43,4,E,781,46,0.0277777777777777,0.0,0.0018348623853211,0.0018348623853211,0.0,0.0,0.0611571226586982
U_15273284,C_682392,0.0,昆明理工大学,2020-08-15 19:55:11,0,A,476,108,0.1805555555555555,0.0,0.4495412844036697,0.4495412844036697,0.6887608069164265,0.2416666666666666,0.0634382406766586
U_11534581,C_735197,0.0,辽宁石油化工大学,2020-11-23 20:12:45,4,E,790,141,0.0555555555555555,0.0,0.1853211009174312,0.1853211009174312,0.2910662824207493,0.0871212121212121,0.0645138249597389
U_4519494,C_735197,0.0,华南理工大学,2020-10-20 17:44:06,4,E,211,141,0.0416666666666666,0.0,0.0623853211009174,0.0623853211009174,0.0432276657060518,0.0257575757575757,0.0043120360041543
U_31082371,C_773985,0.0,南开大学,2020-07-28 09:54:34,4,E,231,153,0.125,0.0,0.018348623853211,0.018348623853211,0.0230547550432276,0.0068181818181818,0.0898490305757982
U_22138869,C_697062,2.0,昆明理工大学,2020-04-25 09:48:23,0,A,476,120,0.1111111111111111,0.0,0.1963302752293578,0.2770642201834862,0.2363112391930835,0.0606060606060606,0.064924250295787
U_21094451,C_948120,2.0,中国农业大学,2020-09-23 10:51:45,1,B,67,167,0.1666666666666666,0.0,0.0477064220183486,0.1302752293577981,0.0749279538904899,0.059090909090909,0.1029482819811446
U_33200385,C_697076,1.0,辽宁对外经贸学院,2020-09-21 10:29:18,4,E,781,121,0.0416666666666666,0.0,0.0091743119266055,0.0091743119266055,0.0115273775216138,0.003030303030303,0.0606840551497913
U_8351854,C_1750793,0.0,西安工业大学,2020-06-15 18:28:08,0,A,717,17,0.0833333333333333,0.0,0.036697247706422,0.036697247706422,0.0432276657060518,0.0227272727272727,0.0701777985963829
U_11435310,C_801420,0.0,南京邮电大学通达学院,2020-09-04 09:48:28,4,E,229,155,0.0277777777777777,0.0,0.0036697247706422,0.0036697247706422,0.0,0.0,0.061304449878271
U_5204042,C_674920,0.0,西昌民族幼儿师范高等专科院校,2020-06-14 22:03:19,4,E,753,87,0.0555555555555555,0.0,0.091743119266055,0.091743119266055,0.1412103746397694,0.0371212121212121,0.0607613909211063
U_2104150,C_1828106,0.0,华中科技大学,2020-08-28 16:48:32,4,E,200,59,0.0277777777777777,0.0,0.0018348623853211,0.0018348623853211,0.0028818443804034,0.0151515151515151,0.0208168250182713
U_4602246,C_735197,0.0,华工,2020-09-29 23:50:03,4,E,215,141,0.1388888888888889,0.0,0.0165137614678899,0.0165137614678899,0.0259365994236311,0.0219696969696969,0.0916115195392512
U_30326227,C_676635,1.0,广州中医药大学,2020-06-02 19:03:18,1,B,423,89,0.2222222222222222,0.0,0.0642201834862385,0.0642201834862385,0.0922190201729106,0.0242424242424242,0.1161817121382845
U_31181756,C_801420,2.0,辽宁对外经贸学院,2020-08-12 17:33:47,4,E,781,155,0.0277777777777777,0.0,0.0018348623853211,0.0018348623853211,0.0,0.0,0.0612796980733893
U_9046817,C_786631,2.0,中国传媒大学,2020-03-12 13:58:13,4,E,66,154,0.0277777777777777,0.0,0.0752293577981651,0.0752293577981651,0.0518731988472622,0.031060606060606,0.0616763311372095
U_33442587,C_697076,2.0,辽宁对外经贸学院,2020-09-28 15:51:10,2,C,781,121,0.1666666666666666,0.0,0.0825688073394495,0.0825688073394495,0.1095100864553314,0.0348484848484848,0.0122315074816324
U_27580696,C_735283,2.0,辽宁对外经贸学院,2020-04-20 09:38:17,4,E,781,143,0.0416666666666666,0.0,0.0678899082568807,0.0678899082568807,0.0547550432276657,0.034090909090909,0.0631938822219824
U_29716044,C_813262,1.0,辽宁对外经贸学院,2020-05-01 00:14:12,4,E,781,157,0.0555555555555555,0.0,0.1761467889908257,0.1761467889908257,0.0951008645533141,0.0757575757575757,0.0648920105499327
U_7751039,C_1017355,2.0,广州中医药大学,2020-04-02 17:54:25,0,A,423,0,0.125,0.0,0.181651376146789,0.2660550458715596,0.2103746397694524,0.0765151515151515,0.067671779875123
U_13810297,C_697076,0.0,西华师范大学,2020-11-10 09:12:10,4,E,708,121,0.0277777777777777,0.0,0.0018348623853211,0.0018348623853211,0.0,0.0,0.0612535893268235
U_30593460,C_1829948,2.0,辽宁对外经贸学院,2020-06-18 08:46:52,4,E,781,61,0.736111111111111,0.0,0.455045871559633,0.455045871559633,0.5561959654178674,0.1462121212121212,0.0794088203044846
U_30132222,C_756642,2.0,辽宁对外经贸学院,2020-05-22 23:07:30,4,E,781,149,0.0416666666666666,0.0,0.0660550458715596,0.0660550458715596,0.0576368876080691,0.0318181818181818,0.061656412818035
U_15349320,C_756642,2.0,辽宁对外经贸学院,2020-05-07 20:50:52,4,E,781,149,0.0416666666666666,0.0,0.0091743119266055,0.0091743119266055,0.0144092219020172,0.0053030303030303,0.0611995790859192
U_6509356,C_1774969,1.0,山东师范大学,2020-06-16 14:54:51,4,E,371,43,0.0416666666666666,0.0,0.091743119266055,0.091743119266055,0.0835734870317002,0.0401515151515151,0.0607557353466415
U_14441590,C_1776290,2.0,河北农业大学,2020-05-20 21:32:44,0,A,545,48,0.0972222222222222,0.0,0.2055045871559633,0.2660550458715596,0.1902017291066282,0.0818181818181818,0.0754071745161011
U_26004394,C_948120,1.0,中国医科大学,2020-10-04 09:52:58,2,C,69,167,0.0138888888888888,0.0,0.0477064220183486,0.0477064220183486,0.0691642651296829,0.0181818181818181,0.0768744444734303
U_30364717,C_682407,2.0,辽宁对外经贸学院,2020-06-05 10:23:51,4,E,781,110,0.0277777777777777,0.0,0.0018348623853211,0.0018348623853211,0.0,0.0,0.0613242394365557
U_8248779,C_1750793,0.0,北京体育大学,2020-05-09 20:59:03,2,C,159,17,0.1527777777777777,0.0,0.1889908256880734,0.1889908256880734,0.1642651296829971,0.0636363636363636,0.0790051697721736
U_19846763,C_735385,0.0,三峡大学,2020-06-20 20:11:54,4,E,37,146,0.0416666666666666,0.0,0.0110091743119266,0.0110091743119266,0.0144092219020172,0.0037878787878787,0.0613655518727948
U_32076402,C_1912002,2.0,辽宁对外经贸学院,2020-09-06 16:27:19,4,E,781,73,0.0416666666666666,0.0,0.0091743119266055,0.0091743119266055,0.0115273775216138,0.0121212121212121,0.0614345379956443
U_30595911,C_786631,0.0,昆明理工大学,2020-06-18 10:58:50,0,A,476,154,0.125,0.0,0.2495412844036697,0.2495412844036697,0.3688760806916426,0.1318181818181818,0.0701332621855584
U_8488542,C_735197,1.0,华南理工大学,2020-09-13 23:35:25,4,E,211,141,0.0416666666666666,0.0,0.0532110091743119,0.0532110091743119,0.0518731988472622,0.0287878787878787,0.0647048565966947
U_14749914,C_1918363,2.0,新乡医学院三全学院,2020-10-30 07:55:04,2,C,461,76,0.1388888888888889,0.0,0.1908256880733945,0.1908256880733945,0.1729106628242074,0.0636363636363636,0.0812902149972711
U_31091996,C_735283,1.0,辽宁对外经贸学院,2020-07-29 12:11:29,4,E,781,143,0.0277777777777777,0.0,0.0055045871559633,0.0055045871559633,0.0057636887608069,0.0015151515151515,0.0618012688189931
U_31877722,C_697076,2.0,辽宁对外经贸学院,2020-09-03 15:38:05,4,E,781,121,0.0416666666666666,0.0,0.0458715596330275,0.0458715596330275,0.0605187319884726,0.0174242424242424,0.0616071023496062
U_27702491,C_1017355,1.0,广州中医药大学,2020-05-01 20:28:36,4,E,423,0,0.0416666666666666,0.0,0.0091743119266055,0.0091743119266055,0.0086455331412103,0.0022727272727272,0.0612314375014462
U_5245102,C_674920,0.0,辽宁对外经贸学院,2020-06-26 13:04:06,4,E,781,87,0.5833333333333333,0.0,0.018348623853211,0.018348623853211,0.0259365994236311,0.0068181818181818,0.068714044801812
U_29926210,C_735115,0.0,中国医科大学,2020-05-11 15:56:08,2,C,69,136,0.2222222222222222,0.0,0.5211009174311927,0.5211009174311927,0.579250720461095,0.1878787878787878,0.0723917628580016
U_31067490,C_682392,0.0,华南理工大学,2020-07-30 21:58:21,3,D,211,108,0.1527777777777777,0.0,0.2403669724770642,0.3027522935779816,0.0,0.1409090909090909,0.0698423863832925
U_33317726,C_1992945,2.0,辽宁对外经贸学院,2020-11-05 16:06:29,4,E,781,82,0.0416666666666666,0.0,0.0128440366972477,0.0201834862385321,0.0086455331412103,0.0022727272727272,0.0619151528736268
U_31740123,C_735197,0.0,辽宁对外经贸学院,2020-08-31 19:04:21,4,E,781,141,0.0416666666666666,0.0,0.0128440366972477,0.0128440366972477,0.0172910662824207,0.0045454545454545,0.0365657575874139
U_30350097,C_674920,2.0,辽宁对外经贸学院,2020-06-04 12:04:10,4,E,781,87,0.0555555555555555,0.0,0.2201834862385321,0.2201834862385321,0.2507204610951008,0.0659090909090909,0.0665803679072884
U_31193172,C_801420,0.0,辽宁对外经贸学院,2020-08-13 17:57:18,4,E,781,155,0.0277777777777777,0.0,0.0055045871559633,0.0055045871559633,0.0028818443804034,0.0007575757575757,0.0613965287714613
U_33459860,C_2027893,0.0,辽宁对外经贸学院,2020-09-23 10:45:11,4,E,781,84,0.0416666666666666,0.0,0.0110091743119266,0.0110091743119266,0.0144092219020172,0.0053030303030303,0.0613840934409175
U_4419603,C_747056,2.0,清华大学,2020-06-04 20:37:38,4,E,612,147,0.0416666666666666,0.0,0.0678899082568807,0.0678899082568807,0.0461095100864553,0.0356060606060606,0.0643195544911718
U_6117186,C_1017355,0.0,广州中医药大学,2020-05-01 20:21:54,1,B,423,0,0.2916666666666666,0.0,0.0825688073394495,0.0825688073394495,0.1123919308357348,0.0386363636363636,0.1132394960936607
U_29394959,C_948113,2.0,华南理工大学,2020-04-14 23:06:14,3,D,211,166,0.0416666666666666,0.0,0.181651376146789,0.2146788990825688,0.1066282420749279,0.1378787878787878,0.0830119263774115
U_25340407,C_676646,0.0,西安美术学院,2020-06-23 19:38:00,2,C,727,90,0.125,0.0,0.0477064220183486,0.0477064220183486,0.0259365994236311,0.0068181818181818,0.07734324801595
U_33329872,C_697076,1.0,辽宁对外经贸学院,2020-11-17 15:01:07,4,E,781,121,0.0138888888888888,0.0,0.1559633027522936,0.1559633027522936,0.1930835734870317,0.059090909090909,0.0635430272791978
U_27023314,C_735283,2.0,辽宁对外经贸学院,2020-05-03 15:54:57,4,E,781,143,0.0416666666666666,0.0,0.0862385321100917,0.0862385321100917,0.0778097982708933,0.0212121212121212,0.0642659008188853
U_30318823,C_676635,2.0,辽宁对外经贸学院,2020-06-02 11:05:23,4,E,781,89,0.0416666666666666,0.0,0.0091743119266055,0.0091743119266055,0.0115273775216138,0.003030303030303,0.0610630034006398
U_5581712,C_1824911,2.0,重庆医药高等专科学校,2020-06-02 09:50:24,0,A,834,57,0.0416666666666666,0.0,0.1779816513761468,0.2825688073394495,0.2046109510086455,0.0651515151515151,0.068648847220526
U_33713995,C_697076,2.0,辽宁对外经贸学院,2020-11-16 16:44:07,4,E,781,121,0.0416666666666666,0.0,0.0091743119266055,0.0091743119266055,0.0115273775216138,0.0037878787878787,0.0609463856532701
U_25296033,C_948395,1.0,西安美术学院,2020-05-30 14:50:51,0,A,727,170,0.1111111111111111,0.0,0.110091743119266,0.110091743119266,0.170028818443804,0.0984848484848484,0.0680798924674977
U_29132462,C_674959,1.0,辽宁对外经贸学院,2020-08-01 21:28:08,4,E,781,88,0.0416666666666666,0.0,0.0256880733944954,0.0256880733944954,0.0144092219020172,0.0037878787878787,0.0623691390091425
U_33460048,C_2027893,1.0,辽宁对外经贸学院,2020-09-23 10:48:54,4,E,781,84,0.0416666666666666,0.0,0.0110091743119266,0.0110091743119266,0.0086455331412103,0.0037878787878787,0.0614521188094358
U_33499420,C_2027893,0.0,辽宁对外经贸学院,2020-09-23 14:32:24,4,E,781,84,0.0416666666666666,0.0,0.0110091743119266,0.0110091743119266,0.0115273775216138,0.0037878787878787,0.0614216866683798
U_27886426,C_735283,2.0,辽宁对外经贸学院,2020-04-20 12:07:34,4,E,781,143,0.0416666666666666,0.0,0.0642201834862385,0.0642201834862385,0.063400576368876,0.034090909090909,0.0631110196370924
U_7901304,C_707013,1.0,河北科技师范学院,2020-10-06 14:35:59,4,E,565,129,0.0416666666666666,0.0,0.018348623853211,0.018348623853211,0.0057636887608069,0.0015151515151515,0.061707357559295
U_33442629,C_697076,2.0,辽宁对外经贸学院,2020-11-26 07:54:35,4,E,781,121,0.0555555555555555,0.0,0.1834862385321101,0.1834862385321101,0.2881844380403458,0.0931818181818181,0.0645015282947686
U_2104130,C_1828106,2.0,华中科技大学,2020-08-29 15:51:37,4,E,200,59,0.0277777777777777,0.0,0.0788990825688073,0.0788990825688073,0.0028818443804034,0.0333333333333333,0.0619508196400849
U_28411150,C_681031,0.0,辽宁对外经贸学院,2020-05-29 22:29:39,4,E,781,101,0.0416666666666666,0.0,0.0201834862385321,0.0201834862385321,0.031700288184438,0.0106060606060606,0.0615885409721159
U_29768331,C_808528,1.0,广州中医药大学,2020-05-03 11:27:17,1,B,423,156,0.1944444444444444,0.0,0.0403669724770642,0.0403669724770642,0.0403458213256484,0.0106060606060606,0.1095793192325273
U_26698558,C_735385,2.0,辽宁对外经贸学院,2020-06-18 16:48:05,4,E,781,146,0.0416666666666666,0.0,0.0311926605504587,0.0311926605504587,0.031700288184438,0.0083333333333333,0.0620223166002843
U_30488561,C_1786221,0.0,辽宁对外经贸学院,2020-09-13 19:55:32,4,E,781,51,0.0277777777777777,0.0,0.0073394495412844,0.0073394495412844,0.0028818443804034,0.0015151515151515,0.0609963399261475
U_15838939,C_682407,1.0,辽宁对外经贸学院,2020-06-05 22:41:25,4,E,781,110,0.0277777777777777,0.0,0.0091743119266055,0.0091743119266055,0.0028818443804034,0.0007575757575757,0.0615919085646169
U_9107452,C_1017355,2.0,广州中医药大学,2020-03-04 12:21:59,0,A,423,0,0.0138888888888888,0.0,0.2073394495412844,0.2642201834862385,0.1959654178674351,0.0598484848484848,0.070733431549665
U_9332502,C_1017355,1.0,广州中医药大学,2020-04-27 18:41:11,0,A,423,0,0.0416666666666666,0.0,0.0091743119266055,0.0091743119266055,0.0057636887608069,0.0015151515151515,0.0645071392981562
U_14426983,C_747056,0.0,宝鸡文理学院,2020-05-12 12:36:14,4,E,356,147,0.0416666666666666,0.0,0.0513761467889908,0.0513761467889908,0.0662824207492795,0.0227272727272727,0.0619414498091853
U_28890365,C_2141845,2.0,辽宁对外经贸学院,2020-11-17 14:59:50,4,E,781,86,0.0416666666666666,0.0,0.036697247706422,0.036697247706422,0.0547550432276657,0.0143939393939393,0.0617070703234641
U_33795667,C_697076,2.0,辽宁对外经贸学院,2020-11-06 08:04:36,4,E,781,121,0.0416666666666666,0.0,0.0201834862385321,0.0201834862385321,0.0230547550432276,0.0075757575757575,0.0633739493739427
U_12390567,C_948387,2.0,深圳信息职业技术学院,2020-10-27 13:48:35,4,E,610,169,0.0416666666666666,0.0,0.073394495412844,0.073394495412844,0.0922190201729106,0.0242424242424242,0.0629791684859981
U_2398619,C_735164,0.0,西南科技大学,2020-09-16 23:37:24,0,A,713,138,0.0277777777777777,0.0,0.1871559633027523,0.2642201834862385,0.2103746397694524,0.0575757575757575,0.0668585112384957
U_31211917,C_801420,1.0,辽宁对外经贸学院,2020-08-16 22:41:06,4,E,781,155,0.0416666666666666,0.0,0.0972477064220183,0.0972477064220183,0.0576368876080691,0.0318181818181818,0.0576479823212304
U_32106056,C_1992917,1.0,辽宁对外经贸学院,2020-09-07 10:35:36,4,E,781,80,0.0416666666666666,0.0,0.0752293577981651,0.0752293577981651,0.0345821325648414,0.0469696969696969,0.0606095372610249
U_30593899,C_1829948,2.0,辽宁对外经贸学院,2020-06-18 09:13:37,4,E,781,61,0.1111111111111111,0.0,0.181651376146789,0.181651376146789,0.1412103746397694,0.0371212121212121,0.0671153248330833
U_33383566,C_697076,2.0,辽宁对外经贸学院,2020-11-19 08:16:15,4,E,781,121,0.0555555555555555,0.0,0.2110091743119266,0.2110091743119266,0.3198847262247838,0.103030303030303,0.0652515456204818
U_23623633,C_948395,2.0,西安美术学院,2020-03-07 14:15:15,2,C,727,170,0.0972222222222222,0.0,0.1651376146788991,0.1651376146788991,0.1729106628242074,0.0659090909090909,0.0770841068206633
U_29753547,C_1017355,0.0,华南理工大学,2020-05-01 17:27:16,3,D,211,0,0.1388888888888889,0.0,0.0715596330275229,0.0715596330275229,0.0201729106628242,0.0053030303030303,0.0810812707396155
U_2622045,C_735164,0.0,南京航空航天大学,2020-10-21 16:13:09,0,A,226,138,0.0138888888888888,0.0,0.0788990825688073,0.0825688073394495,0.1181556195965417,0.0553030303030303,0.0028118629072585
U_33459903,C_948120,2.0,昆明理工大学,2020-09-23 10:57:13,0,A,476,167,0.0972222222222222,0.0,0.2275229357798165,0.2678899082568807,0.2161383285302593,0.0939393939393939,0.0720617140312031
U_30607692,C_1829948,1.0,华南理工大学,2020-06-18 22:29:43,3,D,211,61,0.1944444444444444,0.0,0.1577981651376147,0.1577981651376147,0.0922190201729106,0.0242424242424242,0.0642354142020682
U_6131816,C_1017355,1.0,广州中医药大学,2020-03-04 13:10:42,1,B,423,0,0.2083333333333333,0.0,0.0385321100917431,0.0532110091743119,0.0605187319884726,0.0242424242424242,0.1124542725692873
U_33318425,C_1912004,1.0,辽宁对外经贸学院,2020-09-21 21:15:27,4,E,781,74,0.0416666666666666,0.0,0.0055045871559633,0.0055045871559633,0.0028818443804034,0.0007575757575757,0.0606542470038164
U_3097157,C_680979,1.0,西安交通大学,2020-07-08 17:03:51,4,E,715,100,0.0416666666666666,0.0,0.073394495412844,0.073394495412844,0.0979827089337175,0.0318181818181818,0.0608620225087804
U_5582212,C_1824911,2.0,重庆三峡医药高等专科学校,2020-06-11 11:02:49,4,E,822,57,0.2222222222222222,0.0,0.0220183486238532,0.0220183486238532,0.0115273775216138,0.003030303030303,0.0634780723626656
U_16009568,C_948113,0.0,西安思源学院,2020-05-08 19:35:04,4,E,721,166,0.0416666666666666,0.0,0.0165137614678899,0.0165137614678899,0.0144092219020172,0.0037878787878787,0.0614173731785735
U_31211313,C_677087,1.0,辽宁对外经贸学院,2020-08-16 20:27:07,4,E,781,92,0.0138888888888888,0.0,0.0,0.0,0.0,0.0325757575757575,0.0756073531285704
U_5728921,C_1829948,0.0,北方民族大学,2020-06-16 18:58:06,4,E,190,61,0.0138888888888888,0.0,0.0220183486238532,0.0220183486238532,0.0057636887608069,0.0015151515151515,0.0611124426299582
U_31057478,C_948113,2.0,中国医科大学,2020-07-24 22:02:17,2,C,69,166,0.2083333333333333,0.0,0.2642201834862385,0.2642201834862385,0.3025936599423631,0.0886363636363636,0.0773717933147371
U_20431724,C_1992929,2.0,广州中医药大学,2020-09-01 10:30:31,1,B,423,81,0.2083333333333333,0.0,0.0348623853211009,0.0348623853211009,0.0489913544668587,0.0128787878787878,0.0463529445705273
U_9046785,C_786631,1.0,中国传媒大学,2020-03-12 16:36:22,4,E,66,154,0.0138888888888888,0.0,0.0752293577981651,0.0752293577981651,0.0489913544668587,0.031060606060606,0.0616727010705872
U_3404844,C_1767581,2.0,湖南第一师范学院,2020-05-21 17:02:09,4,E,646,35,0.0416666666666666,0.0,0.0073394495412844,0.0073394495412844,0.0086455331412103,0.0022727272727272,0.0613157956935939
U_29482977,C_674920,1.0,辽宁对外经贸学院,2020-06-06 11:07:10,4,E,781,87,0.0555555555555555,0.0,0.2201834862385321,0.2201834862385321,0.1296829971181556,0.034090909090909,0.0680088857891477
U_17437090,C_747056,2.0,长春工业大学,2020-07-02 15:06:17,4,E,855,147,0.0416666666666666,0.0,0.0385321100917431,0.0385321100917431,0.0461095100864553,0.0227272727272727,0.0620269420876312
U_30430810,C_697076,2.0,辽宁对外经贸学院,2020-08-21 23:12:50,4,E,781,121,0.0416666666666666,0.0,0.0018348623853211,0.0018348623853211,0.0028818443804034,0.0007575757575757,0.0604844064379066
U_29465165,C_1017355,0.0,华南理工大学,2020-04-19 11:09:09,3,D,211,0,0.1527777777777777,0.0,0.1889908256880734,0.2055045871559633,0.1181556195965417,0.1401515151515151,0.0842926416148743
U_30459277,C_1829948,1.0,辽宁对外经贸学院,2020-06-11 18:37:18,4,E,781,61,0.0694444444444444,0.0,0.0422018348623853,0.0422018348623853,0.0374639769452449,0.0098484848484848,0.0725993650309988
U_33343414,C_697076,2.0,辽宁对外经贸学院,2020-11-19 09:19:35,4,E,781,121,0.0555555555555555,0.0,0.0825688073394495,0.0825688073394495,0.1123919308357348,0.0333333333333333,0.0617491404680158
U_29824277,C_756642,2.0,辽宁对外经贸学院,2020-05-08 06:39:28,4,E,781,149,0.0138888888888888,0.0,0.0678899082568807,0.0678899082568807,0.0461095100864553,0.0318181818181818,0.0623132914493885
U_17181626,C_1736024,1.0,辽宁对外经贸学院,2020-04-22 11:48:10,4,E,781,14,0.0138888888888888,0.0,0.0990825688073394,0.0990825688073394,0.0662824207492795,0.0265151515151515,0.0622353911110954
U_32731569,C_735164,1.0,昆明理工大学,2020-09-15 10:02:23,0,A,476,138,0.125,0.0,0.1889908256880734,0.2715596330275229,0.2247838616714697,0.0666666666666666,0.0669177412477764
U_27257290,C_1829948,2.0,北方民族大学,2020-06-05 11:42:20,2,C,190,61,0.2638888888888889,0.0,0.4605504587155963,0.4605504587155963,0.5619596541786743,0.1477272727272727,0.0734807679876664
U_20396248,C_707013,0.0,合肥学院,2020-08-23 10:55:07,4,E,247,129,0.0833333333333333,0.0,0.0715596330275229,0.0715596330275229,0.0835734870317002,0.0219696969696969,0.4497480478516751
U_8934343,C_735197,1.0,辽宁对外经贸学院,2020-09-12 23:55:24,4,E,781,141,0.0416666666666666,0.0,0.0899082568807339,0.0899082568807339,0.0547550432276657,0.0287878787878787,0.0588148234087434
U_1903731,C_735164,2.0,重庆科技学院,2020-10-27 13:51:43,0,A,845,138,0.0138888888888888,0.0,0.1853211009174312,0.2660550458715596,0.2276657060518732,0.0568181818181818,0.0643976133044061
U_27897724,C_735283,2.0,辽宁对外经贸学院,2020-04-20 13:52:32,4,E,781,143,0.0416666666666666,0.0,0.0715596330275229,0.0715596330275229,0.0518731988472622,0.0318181818181818,0.0633015411828313
U_30121086,C_681031,1.0,辽宁对外经贸学院,2020-05-22 14:46:54,4,E,781,101,0.0277777777777777,0.0,0.0055045871559633,0.0055045871559633,0.0028818443804034,0.0007575757575757,0.0613360359149927
U_16448730,C_676635,1.0,辽宁对外经贸学院,2020-06-15 21:25:43,4,E,781,89,0.0416666666666666,0.0,0.0678899082568807,0.0678899082568807,0.0576368876080691,0.0318181818181818,0.0618159128940302
U_28286981,C_707358,1.0,辽宁对外经贸学院,2020-03-04 13:43:31,4,E,781,134,0.1805555555555555,0.0,0.0788990825688073,0.0788990825688073,0.0605187319884726,0.0318181818181818,0.0626530518186786
U_10244946,C_707013,1.0,西昌学院,2020-09-13 16:02:07,4,E,736,129,0.0277777777777777,0.0,0.0036697247706422,0.0036697247706422,0.0028818443804034,0.0007575757575757,0.0612745624948254
U_31054799,C_676635,0.0,中国医科大学,2020-07-24 13:55:32,2,C,69,89,0.125,0.0,0.0642201834862385,0.0642201834862385,0.0489913544668587,0.0128787878787878,0.0787410465209223
U_33246403,C_697076,2.0,辽宁对外经贸学院,2020-11-17 22:21:30,4,E,781,121,0.0555555555555555,0.0,0.2018348623853211,0.2018348623853211,0.1902017291066282,0.0568181818181818,0.0664622694096867
U_4681791,C_682392,0.0,陕西工业职业技术学院,2020-08-18 10:54:22,0,A,876,108,0.1527777777777777,0.0,0.4495412844036697,0.4495412844036697,0.6829971181556196,0.2371212121212121,0.071707369014979
U_9947788,C_1992929,0.0,重庆三峡学院,2020-12-06 12:44:09,4,E,826,81,0.0416666666666666,0.0,0.0770642201834862,0.0770642201834862,0.100864553314121,0.0265151515151515,0.0626280474443593
U_15982163,C_1912004,2.0,河北建筑工程学院,2020-08-28 12:57:36,4,E,558,74,0.0416666666666666,0.0,0.0018348623853211,0.0018348623853211,0.0028818443804034,0.0007575757575757,0.0597775190579146
U_33454916,C_697076,2.0,辽宁对外经贸学院,2020-11-23 08:13:43,4,E,781,121,0.0555555555555555,0.0,0.1834862385321101,0.1834862385321101,0.2824207492795388,0.0901515151515151,0.0645767097973514
U_3984,C_735164,0.0,辽宁对外经贸学院,2020-11-26 12:54:35,4,E,781,138,0.0416666666666666,0.0,0.055045871559633,0.0623853211009174,0.0835734870317002,0.0386363636363636,0.0624558842300923
U_6075881,C_1829948,2.0,北方民族大学,2020-06-05 12:08:33,3,D,190,61,0.1666666666666666,0.0,0.0990825688073394,0.0990825688073394,0.1152737752161383,0.0303030303030303,0.0746800469147102
U_28976229,C_948436,2.0,辽宁对外经贸学院,2020-05-17 19:39:50,4,E,781,171,0.0416666666666666,0.0,0.0403669724770642,0.0403669724770642,0.0432276657060518,0.0053030303030303,0.0623462195707687
U_6220158,C_1017355,2.0,广州中医药大学,2020-03-10 14:31:56,1,B,423,0,0.2083333333333333,0.0,0.0385321100917431,0.0532110091743119,0.0605187319884726,0.0242424242424242,0.1124542725692873
U_30491885,C_823315,0.0,辽宁对外经贸学院,2020-06-13 19:38:01,4,E,781,158,0.0416666666666666,0.0,0.0660550458715596,0.0660550458715596,0.0489913544668587,0.0303030303030303,0.0620311614829411
U_29892905,C_682340,0.0,中国医科大学,2020-06-02 22:29:06,2,C,69,106,0.1388888888888889,0.0,0.0825688073394495,0.0825688073394495,0.0720461095100864,0.0212121212121212,0.076257848191198
U_31110354,C_697076,0.0,辽宁对外经贸学院,2020-07-31 17:57:52,4,E,781,121,0.0416666666666666,0.0,0.0018348623853211,0.0018348623853211,0.0028818443804034,0.0007575757575757,0.0604844064379066
U_33220377,C_697076,0.0,辽宁对外经贸学院,2020-11-21 09:19:57,4,E,781,121,0.0416666666666666,0.0,0.036697247706422,0.036697247706422,0.0288184438040345,0.0083333333333333,0.0613422659611194
U_15157371,C_1736024,1.0,辽宁对外经贸学院,2020-05-08 18:36:43,4,E,781,14,0.0555555555555555,0.0,0.1614678899082569,0.1944954128440367,0.2247838616714697,0.0818181818181818,0.0691465427257668
U_33499450,C_2027893,1.0,辽宁对外经贸学院,2020-09-23 14:32:52,4,E,781,84,0.0416666666666666,0.0,0.0110091743119266,0.0110091743119266,0.0115273775216138,0.0045454545454545,0.0614181061251766
U_30384309,C_1829948,0.0,中国医科大学,2020-06-06 15:28:12,2,C,69,61,0.2361111111111111,0.0,0.4678899082568807,0.4678899082568807,0.2910662824207493,0.0765151515151515,0.0762274259548258
U_20346658,C_948395,1.0,西安美术学院,2020-05-24 09:42:22,0,A,727,170,0.1111111111111111,0.0,0.110091743119266,0.110091743119266,0.170028818443804,0.0969696969696969,0.068087053553904
U_31092540,C_825821,1.0,辽宁对外经贸学院,2020-07-29 14:21:07,4,E,781,159,0.0416666666666666,0.0,0.0018348623853211,0.0018348623853211,0.0028818443804034,0.0007575757575757,0.0614448388668235
U_27568557,C_735283,2.0,辽宁对外经贸学院,2020-04-20 12:09:36,4,E,781,143,0.0416666666666666,0.0,0.0715596330275229,0.0715596330275229,0.0518731988472622,0.0318181818181818,0.0632286823286057
U_34340132,C_1755941,2.0,辽宁对外经贸学院,2020-10-14 15:17:25,4,E,781,24,0.0416666666666666,0.0,0.073394495412844,0.073394495412844,0.0576368876080691,0.0318181818181818,0.0630378042142492
U_30326359,C_676635,0.0,广州中医药大学,2020-06-02 19:00:47,1,B,423,89,0.2222222222222222,0.0,0.0458715596330275,0.0458715596330275,0.0720461095100864,0.0189393939393939,0.1138241992939727
U_5199970,C_674920,0.0,西昌民族幼儿师范高等专科学校,2020-06-11 08:29:44,4,E,751,87,0.0416666666666666,0.0,0.0770642201834862,0.0770642201834862,0.0893371757925072,0.0257575757575757,0.0600324210485238
U_33543434,C_697076,2.0,辽宁对外经贸学院,2020-10-14 10:14:35,4,E,781,121,0.0416666666666666,0.0,0.0825688073394495,0.0825688073394495,0.0662824207492795,0.0318181818181818,0.061786119605081
U_30662598,C_735283,0.0,辽宁对外经贸学院,2020-06-23 15:44:37,4,E,781,143,0.0416666666666666,0.0,0.0330275229357798,0.0330275229357798,0.0489913544668587,0.0128787878787878,0.062422396494076
U_7529681,C_1750793,2.0,北京体育大学,2020-06-08 08:11:59,0,A,159,17,0.0694444444444444,0.0,0.036697247706422,0.036697247706422,0.0547550432276657,0.0287878787878787,0.0698251175670416
U_31473030,C_735130,1.0,昆明理工大学,2020-08-26 10:16:21,0,A,476,137,0.125,0.0,0.2110091743119266,0.2110091743119266,0.30835734870317,0.081060606060606,0.0577095434088548
U_13933119,C_735283,0.0,辽宁对外经贸学院,2020-07-10 08:20:24,4,E,781,143,0.0416666666666666,0.0,0.0293577981651376,0.0293577981651376,0.0288184438040345,0.0075757575757575,0.062509641901559
U_1103863,C_735164,0.0,云南农业大学,2020-09-16 10:01:22,0,A,105,138,0.1111111111111111,0.0,0.1889908256880734,0.2807339449541284,0.2219020172910662,0.0515151515151515,0.0627946689880255
U_6021576,C_1824911,2.0,重庆三峡医药高等专科学校,2020-06-10 18:06:13,4,E,822,57,0.2083333333333333,0.0,0.0623853211009174,0.0623853211009174,0.0893371757925072,0.0234848484848484,0.0599747411222619
U_30584685,C_1829948,0.0,辽宁对外经贸学院,2020-06-17 16:22:53,4,E,781,61,0.0416666666666666,0.0,0.018348623853211,0.018348623853211,0.0172910662824207,0.0045454545454545,0.0612038925757255
U_1009297,C_735164,0.0,昆明理工大学,2020-09-17 10:26:27,0,A,476,138,0.0972222222222222,0.0,0.1614678899082569,0.2697247706422018,0.2103746397694524,0.0515151515151515,0.0069892679924606
U_33221695,C_697076,0.0,辽宁对外经贸学院,2020-12-06 20:22:31,4,E,781,121,0.0555555555555555,0.0,0.1834862385321101,0.1834862385321101,0.1815561959654178,0.0537878787878787,0.0658136760463539
U_8346362,C_1806527,1.0,北京理工大学,2020-07-01 20:02:25,0,A,175,53,0.0833333333333333,0.0,0.0091743119266055,0.0091743119266055,0.0057636887608069,0.0151515151515151,0.0706025213435342
U_5647301,C_1824911,0.0,重庆三峡医药高等专科学校,2020-06-10 21:39:02,4,E,822,57,0.0416666666666666,0.0,0.073394495412844,0.073394495412844,0.0605187319884726,0.028030303030303,0.0632280929999181
U_5581811,C_1824911,0.0,重庆医药高等专科学校,2020-06-02 10:02:26,4,E,834,57,0.0416666666666666,0.0,0.0605504587155963,0.0605504587155963,0.0489913544668587,0.0272727272727272,0.0610884138669959
U_13932267,C_813262,1.0,陕西工业职业技术学院,2019-11-05 20:56:59,4,E,876,157,0.0416666666666666,0.0,0.0807339449541284,0.0807339449541284,0.0576368876080691,0.031060606060606,0.0613638928382539
U_8425620,C_735197,1.0,内蒙古工业大学,2020-09-02 09:52:44,4,E,146,141,0.0416666666666666,0.0,0.0256880733944954,0.0256880733944954,0.0144092219020172,0.0037878787878787,0.0618846761614935
U_29777965,C_948113,1.0,辽宁对外经贸学院,2020-05-04 21:17:09,4,E,781,166,0.0416666666666666,0.0,0.018348623853211,0.018348623853211,0.0172910662824207,0.0053030303030303,0.0615453515982918
U_33320576,C_1912004,0.0,辽宁对外经贸学院,2020-09-23 19:11:43,4,E,781,74,0.0555555555555555,0.0,0.0055045871559633,0.0055045871559633,0.0057636887608069,0.0015151515151515,0.0572398994429072
U_6099786,C_1017355,0.0,广州中医药大学,2020-05-01 16:33:57,1,B,423,0,0.1388888888888889,0.0,0.0825688073394495,0.0825688073394495,0.1066282420749279,0.0371212121212121,0.111852206458228
U_13623950,C_948113,2.0,辽宁对外经贸学院,2020-05-12 14:50:06,4,E,781,166,0.0138888888888888,0.0,0.0605504587155963,0.0605504587155963,0.0835734870317002,0.025,0.0618724488293101
U_30831789,C_948113,0.0,辽宁对外经贸学院,2020-07-12 19:41:06,4,E,781,166,0.0277777777777777,0.0,0.0770642201834862,0.0770642201834862,0.0691642651296829,0.0189393939393939,0.062864338534059
U_24181535,C_948120,0.0,广州中医药大学,2020-09-23 09:59:20,1,B,423,167,0.2222222222222222,0.0,0.1137614678899082,0.1137614678899082,0.1786743515850144,0.0242424242424242,0.1021510341706063
U_13535080,C_948120,0.0,中国农业大学,2020-09-24 07:37:05,4,E,67,167,0.0416666666666666,0.0,0.0752293577981651,0.0752293577981651,0.0547550432276657,0.0303030303030303,0.0612972392684455
U_20332331,C_948113,2.0,西安思源学院,2020-06-25 11:33:22,3,D,721,166,0.3194444444444444,0.0,0.2642201834862385,0.2642201834862385,0.3371757925072046,0.0992424242424242,0.0811451361409268
U_14634035,C_677087,1.0,辽宁对外经贸学院,2020-06-26 10:54:37,4,E,781,92,0.0416666666666666,0.0,0.2513761467889908,0.2513761467889908,0.2853025936599423,0.075,0.06766123633919
U_12631844,C_707079,1.0,辽宁对外经贸学院,2020-07-13 15:38:43,4,E,781,132,0.0416666666666666,0.0,0.0036697247706422,0.0036697247706422,0.0057636887608069,0.0015151515151515,0.0610848036097412
U_16602119,C_735385,0.0,中国石油大学（华东）,2020-07-18 16:05:56,4,E,82,146,0.0416666666666666,0.0,0.0660550458715596,0.0660550458715596,0.0576368876080691,0.0325757575757575,0.0634388101959785
U_34539731,C_735385,0.0,辽宁对外经贸学院,2020-11-01 11:01:45,4,E,781,146,0.0277777777777777,0.0,0.0055045871559633,0.0055045871559633,0.0028818443804034,0.0007575757575757,0.0613065447189003
U_6758542,C_1824911,0.0,重庆三峡医药高等专科学校,2020-06-10 18:03:15,4,E,822,57,0.25,0.0,0.0623853211009174,0.0623853211009174,0.0979827089337175,0.0257575757575757,0.0643127202593317
U_30111301,C_677087,2.0,辽宁对外经贸学院,2020-05-31 09:58:35,4,E,781,92,0.0416666666666666,0.0,0.0770642201834862,0.0770642201834862,0.0547550432276657,0.031060606060606,0.0626034293527093
U_8294427,C_1017355,2.0,广州中医药大学,2020-04-17 22:07:59,0,A,423,0,0.0972222222222222,0.0,0.2055045871559633,0.2807339449541284,0.2334293948126801,0.0727272727272727,0.0673081591224956
U_29731042,C_674920,2.0,辽宁对外经贸学院,2020-04-29 21:46:32,4,E,781,87,0.0416666666666666,0.0,0.018348623853211,0.018348623853211,0.0201729106628242,0.0053030303030303,0.0610050560479146
U_32612155,C_735164,2.0,昆明理工大学,2020-11-29 11:05:24,0,A,476,138,0.125,0.0,0.2862385321100917,0.3045871559633027,0.4322766570605187,0.1575757575757575,0.0698710307289179
U_30459086,C_1829948,1.0,中国医科大学,2020-06-11 18:25:02,2,C,69,61,0.2916666666666666,0.0,0.473394495412844,0.473394495412844,0.2997118155619596,0.0787878787878787,0.0752966035782073
U_28290202,C_735283,1.0,辽宁对外经贸学院,2020-03-04 14:33:41,4,E,781,143,0.0138888888888888,0.0,0.0642201834862385,0.0642201834862385,0.0403458213256484,0.0295454545454545,0.0623147672472786
U_12616527,C_682392,2.0,昆明理工大学,2020-09-01 10:28:19,0,A,476,108,0.1111111111111111,0.0,0.1596330275229358,0.291743119266055,0.2334293948126801,0.0477272727272727,0.0559267513182556
U_5245095,C_674920,0.0,西昌民族幼儿师范高等专科学校,2020-07-06 14:28:34,4,E,751,87,0.0416666666666666,0.0,0.0752293577981651,0.0752293577981651,0.0489913544668587,0.0257575757575757,0.0639615645512996
U_30277005,C_948436,0.0,清华大学,2020-05-29 18:43:43,4,E,612,171,0.0416666666666666,0.0,0.0238532110091743,0.0238532110091743,0.0230547550432276,0.0,0.0617171978626764
U_14749837,C_1918363,0.0,新乡医学院三全学院,2020-10-30 07:55:14,0,A,461,76,0.1111111111111111,0.0,0.2055045871559633,0.2862385321100917,0.2132564841498559,0.0727272727272727,0.0732526977855425
U_33343907,C_697076,1.0,辽宁对外经贸学院,2020-11-23 11:00:55,4,E,781,121,0.0416666666666666,0.0,0.0825688073394495,0.0825688073394495,0.0691642651296829,0.0318181818181818,0.0612249845999334
U_31655547,C_801420,0.0,辽宁对外经贸学院,2020-08-30 20:17:41,4,E,781,155,0.0416666666666666,0.0,0.0715596330275229,0.0715596330275229,0.0605187319884726,0.0325757575757575,0.0615362392891717
U_31090881,C_735115,2.0,昆明理工大学,2020-07-29 09:47:30,0,A,476,136,0.1388888888888889,0.0,0.5211009174311927,0.5211009174311927,0.8069164265129682,0.2772727272727273,0.0713468187143377
U_30203904,C_697062,0.0,辽宁对外经贸学院,2020-05-27 14:20:09,4,E,781,120,0.0416666666666666,0.0,0.055045871559633,0.055045871559633,0.0518731988472622,0.0136363636363636,0.0622325336098116
U_29205499,C_676676,1.0,辽宁对外经贸学院,2020-04-19 21:25:52,4,E,781,91,0.0416666666666666,0.0,0.0678899082568807,0.0678899082568807,0.0605187319884726,0.0325757575757575,0.0628416766174647
U_19938826,C_948395,2.0,西安美术学院,2020-05-23 11:01:18,0,A,727,170,0.1666666666666666,0.0,0.110091743119266,0.110091743119266,0.1412103746397694,0.0757575757575757,0.0690208077169351
U_19887257,C_948395,0.0,西安美术学院,2020-05-25 11:32:19,2,C,727,170,0.125,0.0,0.110091743119266,0.110091743119266,0.0979827089337175,0.0545454545454545,0.0739331545167442
U_11538393,C_1714448,2.0,中国医科大学,2020-05-11 12:07:31,0,A,69,8,0.0972222222222222,0.0,0.1449541284403669,0.1449541284403669,0.1556195965417867,0.0409090909090909,0.0677583369070801
U_23622314,C_948395,2.0,西安美术学院,2020-05-21 17:04:39,1,B,727,170,0.125,0.0,0.110091743119266,0.110091743119266,0.1239193083573487,0.0696969696969697,0.1121642634268562
U_6758235,C_1824911,2.0,重庆三峡医药高等专科学校,2020-06-10 18:14:34,4,E,822,57,0.0694444444444444,0.0,0.0293577981651376,0.0293577981651376,0.0432276657060518,0.0363636363636363,0.0625439269646234
U_30459104,C_1829948,2.0,华南理工大学,2020-06-11 18:26:30,3,D,211,61,0.375,0.0,0.4770642201834862,0.4770642201834862,0.4668587896253602,0.1227272727272727,0.073896353663988
U_24693845,C_677087,2.0,辽宁对外经贸学院,2020-10-04 09:17:46,4,E,781,92,0.0416666666666666,0.0,0.0697247706422018,0.0697247706422018,0.0432276657060518,0.0386363636363636,0.0617919633685384
U_30187961,C_674920,1.0,辽宁对外经贸学院,2020-05-26 14:13:06,4,E,781,87,0.0138888888888888,0.0,0.091743119266055,0.091743119266055,0.1210374639769452,0.0325757575757575,0.0622133185231887
U_18436270,C_948120,0.0,中国农业大学,2020-10-04 14:58:29,2,C,67,167,0.0416666666666666,0.0,0.0660550458715596,0.0660550458715596,0.0951008645533141,0.0257575757575757,0.0748515811815543
U_31632863,C_1992917,2.0,辽宁对外经贸学院,2020-08-29 08:38:10,4,E,781,80,0.0416666666666666,0.0,0.0660550458715596,0.0660550458715596,0.0432276657060518,0.0287878787878787,0.0030189444935954
U_29687680,C_1918363,1.0,郑州工业应用技术学院,2020-11-24 15:57:58,0,A,808,76,0.0972222222222222,0.0,0.0605504587155963,0.0605504587155963,0.0951008645533141,0.0636363636363636,0.0695265161113912
U_16142984,C_786631,1.0,北华航天工业学院,2020-04-19 17:38:36,2,C,186,154,0.125,0.0,0.1871559633027523,0.1871559633027523,0.170028818443804,0.0651515151515151,0.0785436461722662
U_22710735,C_801420,1.0,辽宁对外经贸学院,2020-07-08 10:17:45,4,E,781,155,0.0277777777777777,0.0,0.0036697247706422,0.0036697247706422,0.0,0.0,0.0613551222407258
U_33268906,C_697076,2.0,辽宁对外经贸学院,2020-11-18 08:50:21,4,E,781,121,0.0416666666666666,0.0,0.036697247706422,0.036697247706422,0.0374639769452449,0.0106060606060606,0.0608250879427925
U_17910432,C_786631,1.0,北华航天工业学院,2020-04-23 10:29:01,3,D,186,154,0.0277777777777777,0.0,0.2110091743119266,0.2110091743119266,0.1815561959654178,0.0939393939393939,0.0873483257174111
U_29216990,C_677087,1.0,辽宁对外经贸学院,2020-05-06 19:56:48,4,E,781,92,0.0416666666666666,0.0,0.036697247706422,0.036697247706422,0.0374639769452449,0.0098484848484848,0.0621120134170144
U_33895719,C_697076,2.0,辽宁对外经贸学院,2020-12-06 14:11:41,4,E,781,121,0.0416666666666666,0.0,0.0458715596330275,0.0458715596330275,0.0374639769452449,0.0113636363636363,0.0618792038236796
U_32884874,C_735164,0.0,昆明理工大学,2020-09-16 10:25:50,0,A,476,138,0.0416666666666666,0.0,0.0091743119266055,0.0091743119266055,0.0144092219020172,0.006060606060606,0.0458779246283342
U_33343456,C_697076,2.0,辽宁对外经贸学院,2020-11-23 15:00:35,4,E,781,121,0.0416666666666666,0.0,0.018348623853211,0.018348623853211,0.0201729106628242,0.0053030303030303,0.0602605853451441
U_31044678,C_1731884,0.0,中国医科大学,2020-07-22 21:31:35,2,C,69,11,0.1805555555555555,0.0,0.218348623853211,0.218348623853211,0.2161383285302593,0.0568181818181818,0.0730910285837894
U_24141298,C_948120,2.0,中国农业大学,2020-09-23 20:22:34,4,E,67,167,0.0277777777777777,0.0,0.073394495412844,0.073394495412844,0.0432276657060518,0.031060606060606,0.0645886300843362
U_31133031,C_1828106,0.0,郑州,2020-09-23 21:48:24,3,D,806,59,0.1388888888888889,0.0,0.0422018348623853,0.0422018348623853,0.0259365994236311,0.0787878787878787,0.0787316469759712
U_32930373,C_735164,1.0,昆明理工大学,2020-09-16 15:26:03,0,A,476,138,0.1111111111111111,0.0,0.181651376146789,0.3027522935779816,0.2132564841498559,0.0825757575757575,0.0650245104578177
U_25288998,C_801420,2.0,辽宁对外经贸学院,2020-09-01 09:57:43,4,E,781,155,0.0277777777777777,0.0,0.0018348623853211,0.0018348623853211,0.0028818443804034,0.0007575757575757,0.0612456853891302
U_15262627,C_682392,0.0,昆明理工大学,2020-08-01 16:54:27,0,A,476,108,0.2083333333333333,0.0,0.4495412844036697,0.4495412844036697,0.6743515850144092,0.2333333333333333,0.0638943810809065
U_15306372,C_677087,1.0,辽宁对外经贸学院,2020-07-12 20:56:37,4,E,781,92,0.0416666666666666,0.0,0.036697247706422,0.036697247706422,0.0489913544668587,0.0128787878787878,0.0619759626799777
U_11903020,C_707358,0.0,深圳职业技术学院,2020-05-20 16:58:15,1,B,611,134,0.3055555555555555,0.0,0.0,0.0458715596330275,0.0,0.0348484848484848,0.0862213311729309
U_33395710,C_1912004,1.0,辽宁对外经贸学院,2020-09-22 17:23:15,4,E,781,74,0.0277777777777777,0.0,0.0036697247706422,0.0036697247706422,0.0057636887608069,0.0015151515151515,0.0034811709043351
U_12185215,C_735164,0.0,唐山学院,2020-12-06 22:30:11,0,A,279,138,0.125,0.0,0.2862385321100917,0.3155963302752294,0.446685878962536,0.1628787878787878,0.0675564794507022
U_31087191,C_682392,0.0,华南理工大学,2020-07-28 20:03:40,3,D,211,108,0.1527777777777777,0.0,0.2036697247706422,0.2954128440366972,0.0144092219020172,0.1416666666666666,0.0724111364195657
U_33333753,C_697076,1.0,辽宁对外经贸学院,2020-11-09 13:40:27,4,E,781,121,0.0277777777777777,0.0,0.0770642201834862,0.0770642201834862,0.0720461095100864,0.0265151515151515,0.0615713811073871
U_30596837,C_1829948,2.0,昆明理工大学,2020-06-18 11:46:46,0,A,476,61,0.736111111111111,0.0,0.4752293577981651,0.4752293577981651,0.2968299711815562,0.078030303030303,0.0827759769993038
U_28993012,C_735283,1.0,辽宁对外经贸学院,2020-07-15 08:49:31,4,E,781,143,0.0277777777777777,0.0,0.0055045871559633,0.0055045871559633,0.0086455331412103,0.0022727272727272,0.061767256134734
U_33219957,C_697076,2.0,辽宁对外经贸学院,2020-10-13 08:50:13,0,A,781,121,0.1111111111111111,0.0,0.1577981651376147,0.2697247706422018,0.1757925072046109,0.056060606060606,0.0095630457360464
U_33713314,C_697076,1.0,辽宁对外经贸学院,2020-11-16 16:46:54,4,E,781,121,0.0416666666666666,0.0,0.0201834862385321,0.0201834862385321,0.0172910662824207,0.0045454545454545,0.0612029417260782
U_5647296,C_1824911,0.0,重庆三峡医药高等专科学校,2020-06-30 12:01:34,4,E,822,57,0.0416666666666666,0.0,0.0807339449541284,0.0807339449541284,0.0893371757925072,0.0234848484848484,0.0635344052519271
U_8493059,C_756642,0.0,辽宁对外经贸学院,2020-05-18 13:45:41,4,E,781,149,0.0277777777777777,0.0,0.0091743119266055,0.0091743119266055,0.0115273775216138,0.0037878787878787,0.0616799017757288
U_13925146,C_1992950,0.0,广东海洋大学,2020-09-27 19:48:13,4,E,408,83,0.0277777777777777,0.0,0.0091743119266055,0.0091743119266055,0.0086455331412103,0.0454545454545454,0.057178534974262
U_33343345,C_697076,1.0,辽宁对外经贸学院,2020-11-16 22:18:23,4,E,781,121,0.0416666666666666,0.0,0.0715596330275229,0.0715596330275229,0.0547550432276657,0.0303030303030303,0.0613918042372762
U_4661961,C_682392,0.0,陕西工业职业技术学院,2019-11-02 14:58:12,4,E,876,108,0.3888888888888888,0.0,0.0935779816513761,0.0935779816513761,0.0922190201729106,0.0393939393939393,0.064732084572533
U_31091375,C_747056,1.0,华南理工大学,2020-07-29 10:29:37,3,D,211,147,0.1944444444444444,0.0,0.4440366972477064,0.4440366972477064,0.1988472622478386,0.053030303030303,0.0910829758962337
U_32312554,C_697076,1.0,辽宁对外经贸学院,2020-09-09 19:33:32,4,E,781,121,0.0138888888888888,0.0,0.0825688073394495,0.0825688073394495,0.0662824207492795,0.031060606060606,0.0614981953985953
U_4121806,C_1017355,0.0,广州中医药大学,2020-05-08 09:31:47,2,C,423,0,0.0555555555555555,0.0,0.0825688073394495,0.0825688073394495,0.0662824207492795,0.0212121212121212,0.0748354414992595
U_31065880,C_682392,0.0,昆明理工大学,2020-08-03 13:22:06,0,A,476,108,0.0972222222222222,0.0,0.1357798165137614,0.2642201834862385,0.1527377521613832,0.0348484848484848,0.0633812738876322
U_19852526,C_808528,0.0,东北师范大学,2020-02-19 20:23:44,0,A,47,156,0.1111111111111111,0.0,0.1853211009174312,0.2807339449541284,0.2276657060518732,0.0659090909090909,0.060869059786639
U_29161558,C_948120,0.0,辽宁对外经贸学院,2020-09-23 09:42:02,4,E,781,167,0.0555555555555555,0.0,0.0605504587155963,0.0605504587155963,0.0259365994236311,0.0265151515151515,0.0062276416509597
U_33333749,C_697076,2.0,辽宁对外经贸学院,2020-10-12 12:58:19,4,E,781,121,0.0416666666666666,0.0,0.0275229357798165,0.0275229357798165,0.0288184438040345,0.0083333333333333,0.0612306104603467
U_33459855,C_2027893,1.0,辽宁对外经贸学院,2020-09-23 10:45:08,4,E,781,84,0.0138888888888888,0.0,0.0110091743119266,0.0110091743119266,0.0057636887608069,0.0015151515151515,0.0608787317103952
U_31642069,C_1992917,2.0,辽宁对外经贸学院,2020-08-29 19:55:28,4,E,781,80,0.0416666666666666,0.0,0.0862385321100917,0.0862385321100917,0.0547550432276657,0.028030303030303,0.0639962111353236
U_1470943,C_1992945,0.0,北京交通大学,2020-10-07 18:48:11,4,E,157,82,0.0277777777777777,0.0,0.0055045871559633,0.0091743119266055,0.0028818443804034,0.0007575757575757,0.0620979190519297
U_5199988,C_674920,2.0,西昌民族幼儿师范高等专科学校,2020-06-04 09:03:14,4,E,751,87,0.0555555555555555,0.0,0.0642201834862385,0.0642201834862385,0.0720461095100864,0.031060606060606,0.0623292082762972
U_31067534,C_682392,1.0,昆明理工大学,2020-07-26 22:01:22,0,A,476,108,0.0972222222222222,0.0,0.1155963302752293,0.2605504587155963,0.1815561959654178,0.0431818181818181,0.048609908806405
U_31018250,C_936971,1.0,辽宁对外经贸学院,2020-07-19 22:20:02,4,E,781,162,0.0694444444444444,0.0,0.0256880733944954,0.0256880733944954,0.0288184438040345,0.0098484848484848,0.0618987804312621
U_5481550,C_1750793,0.0,西安电子科技大学,2020-06-03 18:56:00,0,A,724,17,0.0694444444444444,0.0,0.0073394495412844,0.0073394495412844,0.0115273775216138,0.006060606060606,0.0738713393849849
U_30895666,C_735197,0.0,辽宁对外经贸学院,2020-11-09 19:39:53,4,E,781,141,0.0416666666666666,0.0,0.1559633027522936,0.1559633027522936,0.100864553314121,0.0265151515151515,0.0661364399781982
U_28791656,C_677087,2.0,辽宁对外经贸学院,2020-05-21 17:36:13,4,E,781,92,0.0416666666666666,0.0,0.0752293577981651,0.0752293577981651,0.0547550432276657,0.0303030303030303,0.0625694860012369
U_32237149,C_697076,1.0,辽宁对外经贸学院,2020-09-08 19:24:14,4,E,781,121,0.0416666666666666,0.0,0.0844036697247706,0.0844036697247706,0.0720461095100864,0.0325757575757575,0.06102241400632
U_8757057,C_735164,1.0,河南工程学院,2020-11-29 20:26:10,0,A,571,138,0.125,0.0,0.2862385321100917,0.2880733944954128,0.4495677233429394,0.1636363636363636,0.0667619653328999
U_5245126,C_674920,0.0,辽宁对外经贸学院,2020-06-20 21:15:52,4,E,781,87,0.0277777777777777,0.0,0.018348623853211,0.018348623853211,0.0230547550432276,0.006060606060606,0.0618477564525314
U_30950874,C_1829948,1.0,华南理工大学,2020-07-14 11:50:22,3,D,211,61,0.375,0.0,0.4770642201834862,0.4770642201834862,0.6772334293948127,0.178030303030303,0.0725829579222407
U_1686290,C_735197,2.0,陕西工业职业技术学院,2020-09-09 17:38:15,4,E,876,141,0.0138888888888888,0.0,0.0238532110091743,0.0238532110091743,0.0288184438040345,0.0083333333333333,0.0709839606223649
U_33219467,C_697076,2.0,辽宁对外经贸,2020-11-19 10:00:10,4,E,777,121,0.0277777777777777,0.0,0.036697247706422,0.036697247706422,0.0230547550432276,0.0068181818181818,0.0644445862674518
U_22342489,C_1829948,0.0,北方民族大学,2020-06-04 16:45:41,1,B,190,61,0.0138888888888888,0.0,0.0513761467889908,0.0513761467889908,0.0547550432276657,0.0143939393939393,0.0667753366560652
U_31259954,C_676635,2.0,昆明理工大学,2020-08-20 10:01:23,0,A,476,89,0.0416666666666666,0.0,0.0642201834862385,0.0642201834862385,0.0979827089337175,0.0257575757575757,0.0696026038925441
U_34074145,C_735164,1.0,昆明理工大学,2020-10-22 20:05:39,4,E,476,138,0.0138888888888888,0.0,0.0513761467889908,0.0605504587155963,0.0778097982708933,0.0401515151515151,0.0633770693493479
U_4738994,C_735197,0.0,华南理工大学,2020-09-16 22:48:28,4,E,211,141,0.0555555555555555,0.0,0.0165137614678899,0.0165137614678899,0.0259365994236311,0.0068181818181818,0.0615739365158142
U_31163279,C_801420,1.0,辽宁对外经贸学院,2020-08-10 07:02:45,4,E,781,155,0.0277777777777777,0.0,0.0091743119266055,0.0091743119266055,0.0,0.0,0.0615813848380515
U_30280726,C_735197,0.0,华南理工大学,2020-09-10 08:19:50,4,E,211,141,0.0833333333333333,0.0,0.0311926605504587,0.0311926605504587,0.0374639769452449,0.0098484848484848,0.0672043431789713
U_19275372,C_1771170,0.0,辽宁对外经贸学院,2020-08-06 14:58:51,4,E,781,40,0.0277777777777777,0.0,0.0055045871559633,0.0055045871559633,0.0057636887608069,0.0015151515151515,0.0611633081337477
U_24162103,C_735283,0.0,辽宁对外经贸学院,2020-06-24 07:37:26,4,E,781,143,0.0416666666666666,0.0,0.0036697247706422,0.0036697247706422,0.0028818443804034,0.0007575757575757,0.0617981785576394
U_33220429,C_697076,1.0,辽宁对外经贸学院,2020-11-21 13:47:50,4,E,781,121,0.0555555555555555,0.0,0.1009174311926605,0.1009174311926605,0.1440922190201729,0.0446969696969697,0.0628583164862927
U_11025829,C_1824926,0.0,武汉职业技术学院,2020-07-10 12:18:20,0,A,511,58,0.1111111111111111,0.0,0.1761467889908257,0.2715596330275229,0.2363112391930835,0.0598484848484848,0.0643189899241937
U_5314885,C_1750793,0.0,中国医科大学,2020-05-21 10:19:27,2,C,69,17,0.0972222222222222,0.0,0.036697247706422,0.036697247706422,0.0230547550432276,0.0121212121212121,0.076909962669631
U_6159355,C_735197,0.0,华南理工大学,2020-10-04 11:47:48,4,E,211,141,0.0555555555555555,0.0,0.036697247706422,0.036697247706422,0.0547550432276657,0.025,0.0538218772442986
U_5071563,C_735197,0.0,华南理工大学,2020-09-24 09:33:53,3,D,211,141,0.1666666666666666,0.0,0.1706422018348624,0.2477064220183486,0.0720461095100864,0.1537878787878787,0.0825760063851948
U_5582011,C_1824911,0.0,重庆三峡医药高等专科学校,2020-06-02 09:55:42,0,A,822,57,0.1111111111111111,0.0,0.2036697247706422,0.273394495412844,0.2103746397694524,0.0719696969696969,0.0723428040058487
U_32575898,C_735164,2.0,昆明理工大学,2020-09-18 15:12:00,0,A,476,138,0.1111111111111111,0.0,0.1944954128440367,0.3229357798165138,0.2103746397694524,0.0818181818181818,0.0662987876507934
U_16138958,C_735385,1.0,辽宁对外经贸学院,2020-05-14 08:10:39,4,E,781,146,0.0416666666666666,0.0,0.0715596330275229,0.0715596330275229,0.0605187319884726,0.0333333333333333,0.0627878842796046
U_30138038,C_707079,0.0,辽宁对外经贸学院,2020-05-23 11:35:49,4,E,781,132,0.0416666666666666,0.0,0.0568807339449541,0.0568807339449541,0.0691642651296829,0.0257575757575757,0.0624879456916377
U_31575025,C_1992917,1.0,辽宁对外经贸学院,2020-08-28 21:12:23,4,E,781,80,0.0416666666666666,0.0,0.0091743119266055,0.0091743119266055,0.0115273775216138,0.0037878787878787,0.0612394553430035
U_5071688,C_735197,0.0,华南理工大学,2020-10-17 21:40:37,3,D,211,141,0.375,0.0,0.3376146788990826,0.3376146788990826,0.5244956772334294,0.15,0.0887576235603056
U_33499289,C_2027893,1.0,辽宁对外经贸学院,2020-09-23 14:31:12,4,E,781,84,0.0416666666666666,0.0,0.0110091743119266,0.0110091743119266,0.0172910662824207,0.006060606060606,0.0613500807566583
U_5314212,C_1750793,0.0,内蒙古农业大学,2020-05-21 10:45:56,4,E,141,17,0.0138888888888888,0.0,0.0165137614678899,0.0165137614678899,0.0230547550432276,0.0121212121212121,0.061040990240836
U_20998132,C_735385,2.0,中国农业大学,2020-06-19 09:52:06,4,E,67,146,0.0416666666666666,0.0,0.091743119266055,0.091743119266055,0.1066282420749279,0.028030303030303,0.0630403893367278
U_12934098,C_1992950,0.0,华南农业大学,2020-10-13 18:42:32,4,E,209,83,0.0,0.0,0.1431192660550458,0.1431192660550458,0.0,0.0,0.068789840394792
U_14842373,C_1992929,2.0,辽宁对外经贸学院,2020-10-14 23:23:28,4,E,781,81,0.0277777777777777,0.0,0.0697247706422018,0.0697247706422018,0.0489913544668587,0.0272727272727272,0.0613518338856955
U_4552779,C_756642,2.0,河南科技大学应用工程学院,2020-04-06 17:39:46,4,E,579,149,0.0416666666666666,0.0,0.0715596330275229,0.0715596330275229,0.0576368876080691,0.0325757575757575,0.0604974063354285
U_12314240,C_2027893,2.0,北京石油化工学院,2020-11-22 18:49:53,4,E,176,84,0.0416666666666666,0.0,0.0605504587155963,0.0605504587155963,0.0778097982708933,0.0287878787878787,0.0631140306609756
U_6222994,C_1829948,2.0,辽宁对外经贸学院,2020-06-18 08:45:15,4,E,781,61,0.2777777777777778,0.0,0.4201834862385321,0.4201834862385321,0.3256484149855908,0.0856060606060606,0.0763308704727066
U_32312583,C_697076,2.0,中国医科大学,2020-09-27 19:29:44,2,C,69,121,0.1805555555555555,0.0,0.0275229357798165,0.0275229357798165,0.0259365994236311,0.0075757575757575,0.0796133718348633
U_30841013,C_674920,0.0,辽宁对外经贸学院,2020-07-04 13:33:30,4,E,781,87,0.5833333333333333,0.0,0.2201834862385321,0.2201834862385321,0.3458213256484149,0.0931818181818181,0.0702570162576249
U_33713577,C_697076,2.0,辽宁对外经贸学院,2020-11-16 16:44:08,4,E,781,121,0.0416666666666666,0.0,0.018348623853211,0.018348623853211,0.0230547550432276,0.006060606060606,0.0633902772452302
U_5647327,C_1824911,1.0,重庆三峡医药高等专科学校,2020-06-11 14:50:09,4,E,822,57,0.0277777777777777,0.0,0.0862385321100917,0.0862385321100917,0.1066282420749279,0.028030303030303,0.0658704150276522
U_30178489,C_735197,1.0,中国医科大学,2020-09-07 21:02:28,2,C,69,141,0.1944444444444444,0.0,0.163302752293578,0.163302752293578,0.201729106628242,0.0719696969696969,0.0733823996202466
U_5152311,C_735197,0.0,华南理工大学,2020-09-22 09:00:03,4,E,211,141,0.0416666666666666,0.0,0.0495412844036697,0.0495412844036697,0.0403458213256484,0.0234848484848484,0.003215755664115
U_32312631,C_697076,2.0,辽宁对外经贸学院,2020-09-09 19:35:05,4,E,781,121,0.0416666666666666,0.0,0.0091743119266055,0.0091743119266055,0.0115273775216138,0.0037878787878787,0.0606804746065881
U_906979,C_735164,1.0,昆明理工大学,2020-09-20 09:20:16,4,E,476,138,0.0416666666666666,0.0,0.0091743119266055,0.0128440366972477,0.0144092219020172,0.006060606060606,0.0612121679390623
U_34293629,C_2027893,0.0,辽宁对外经贸学院,2020-10-05 20:15:46,4,E,781,84,0.0277777777777777,0.0,0.0055045871559633,0.0055045871559633,0.0086455331412103,0.0022727272727272,0.0612330172985165
U_30891009,C_697107,0.0,辽宁对外经贸学院,2020-07-07 12:00:43,4,E,781,122,0.0277777777777777,0.0,0.0055045871559633,0.0055045871559633,0.0028818443804034,0.0007575757575757,0.0613575835546566
U_15201679,C_735197,0.0,辽宁石油化工大学,2020-09-09 09:59:40,4,E,790,141,0.0555555555555555,0.0,0.1027522935779816,0.1027522935779816,0.0605187319884726,0.028030303030303,0.057115452042973
U_7158755,C_735197,0.0,华南理工大学,2020-09-17 10:40:09,4,E,211,141,0.0416666666666666,0.0,0.0201834862385321,0.0201834862385321,0.0259365994236311,0.0075757575757575,0.0619388547820229
U_9811192,C_735197,2.0,辽宁对外经贸学院,2020-09-17 23:15:05,4,E,781,141,0.0833333333333333,0.0,0.0238532110091743,0.0238532110091743,0.0345821325648414,0.0098484848484848,0.054505315285332
U_21409591,C_823315,1.0,西安石油大学,2020-06-14 17:15:47,4,E,725,158,0.0277777777777777,0.0,0.0880733944954128,0.0880733944954128,0.0432276657060518,0.031060606060606,0.0659345478554269
U_29666922,C_1714448,2.0,华南理工大学,2020-04-26 20:08:51,3,D,211,8,0.1527777777777777,0.0,0.1798165137614679,0.2110091743119266,0.1152737752161383,0.1424242424242424,0.0829289053175803
U_31071058,C_682392,0.0,昆明理工大学,2020-08-21 15:44:26,0,A,476,108,0.0555555555555555,0.0,0.0935779816513761,0.0935779816513761,0.1383285302593659,0.0446969696969697,0.0467784744393583
U_30570927,C_1829948,2.0,辽宁对外经贸学院,2020-06-16 21:33:24,4,E,781,61,0.0138888888888888,0.0,0.0073394495412844,0.0073394495412844,0.0057636887608069,0.0015151515151515,0.0606228144896939
U_5074502,C_735197,1.0,华南理工大学,2020-09-24 20:42:58,4,E,211,141,0.0833333333333333,0.0,0.0458715596330275,0.0458715596330275,0.0605187319884726,0.0219696969696969,0.2199099896141862
U_17909553,C_786631,2.0,北华航天工业学院,2020-04-23 14:56:50,3,D,186,154,0.0555555555555555,0.0,0.1944954128440367,0.1944954128440367,0.1729106628242074,0.109090909090909,0.0861515031519562
U_30563482,C_1829948,0.0,辽宁对外经贸学院,2020-06-29 16:27:52,4,E,781,61,0.2361111111111111,0.0,0.418348623853211,0.418348623853211,0.3458213256484149,0.0909090909090909,0.0756204570252725
U_33655987,C_697076,2.0,辽宁对外经贸学院,2020-12-02 14:17:55,4,E,781,121,0.0555555555555555,0.0,0.2146788990825688,0.2146788990825688,0.2276657060518732,0.0719696969696969,0.0665229999785671
U_27873169,C_735283,1.0,辽宁对外经贸学院,2020-04-20 12:07:45,4,E,781,143,0.0416666666666666,0.0,0.0715596330275229,0.0715596330275229,0.0547550432276657,0.0348484848484848,0.0633577750252545
U_15337478,C_1774985,2.0,辽宁对外经贸学院,2020-08-11 14:52:02,4,E,781,46,0.0277777777777777,0.0,0.0036697247706422,0.0036697247706422,0.0028818443804034,0.0007575757575757,0.0611985341417755
U_14412000,C_735164,1.0,长江大学,2020-10-24 16:08:09,0,A,858,138,0.0833333333333333,0.0,0.0513761467889908,0.055045871559633,0.0806916426512968,0.0416666666666666,0.068033261216044
U_17894687,C_786631,1.0,北华航天工业学院,2020-04-22 12:39:17,0,A,186,154,0.0277777777777777,0.0,0.1944954128440367,0.2678899082568807,0.2161383285302593,0.0765151515151515,0.0710099950838021
U_990735,C_735164,0.0,昆明理工大学,2020-11-27 19:39:48,0,A,476,138,0.1111111111111111,0.0,0.181651376146789,0.2697247706422018,0.2305475504322766,0.0666666666666666,0.0621242159874882
U_32729173,C_735164,0.0,昆明理工大学,2020-11-17 10:04:33,4,E,476,138,0.0416666666666666,0.0,0.0073394495412844,0.0128440366972477,0.0028818443804034,0.0007575757575757,0.0626551417069659
U_30404273,C_801420,0.0,辽宁对外经贸学院,2020-08-24 09:53:36,4,E,781,155,0.0277777777777777,0.0,0.0055045871559633,0.0055045871559633,0.0028818443804034,0.0007575757575757,0.0613965287714613
U_19959368,C_948120,0.0,中国农业大学,2020-10-02 08:33:46,4,E,67,167,0.0416666666666666,0.0,0.0752293577981651,0.0752293577981651,0.0662824207492795,0.0333333333333333,0.0616421253116157
U_16102875,C_786631,2.0,北华航天工业学院,2020-04-17 18:57:26,2,C,186,154,0.0138888888888888,0.0,0.1889908256880734,0.1889908256880734,0.170028818443804,0.0613636363636363,0.0810466340602753
U_12167271,C_948387,2.0,深圳信息职业技术学院,2020-10-28 09:28:16,4,E,610,169,0.0416666666666666,0.0,0.073394495412844,0.073394495412844,0.1037463976945244,0.0272727272727272,0.0628431227013033
U_14645393,C_1760297,1.0,辽宁对外经贸学院,2020-10-29 23:16:08,4,E,781,29,0.0416666666666666,0.0,0.0036697247706422,0.0036697247706422,0.0028818443804034,0.0007575757575757,0.0614549218349586
U_28563470,C_1736024,2.0,广州中医药大学,2020-05-12 21:26:54,4,E,423,14,0.0416666666666666,0.0,0.0091743119266055,0.0091743119266055,0.0144092219020172,0.006060606060606,0.0612862351647146
U_14749950,C_1918363,0.0,新乡医学院三全学院,2020-11-15 12:52:28,2,C,461,76,0.125,0.0,0.0605504587155963,0.0605504587155963,0.0662824207492795,0.0439393939393939,0.0757953044088564
U_30155315,C_948436,0.0,辽宁对外经贸学院,2020-05-24 21:56:18,4,E,781,171,0.0416666666666666,0.0,0.0678899082568807,0.0678899082568807,0.0518731988472622,0.0333333333333333,0.0623764734275158
U_11267531,C_1786221,2.0,北京体育大学,2020-09-19 14:24:23,2,C,159,51,0.0138888888888888,0.0,0.181651376146789,0.181651376146789,0.1527377521613832,0.0628787878787878,0.0784605854936997
U_33062028,C_735164,1.0,昆明理工大学,2020-09-17 18:37:23,0,A,476,138,0.0138888888888888,0.0,0.1944954128440367,0.2715596330275229,0.239193083573487,0.0628787878787878,0.0014847867061584
U_16599803,C_801420,2.0,辽宁对外经贸学院,2020-07-24 19:37:39,4,E,781,155,0.0277777777777777,0.0,0.0018348623853211,0.0018348623853211,0.0028818443804034,0.0007575757575757,0.0612456853891302
U_7529662,C_1750793,2.0,北京体育大学,2020-04-14 22:07:45,0,A,159,17,0.1111111111111111,0.0,0.2146788990825688,0.2715596330275229,0.2074927953890489,0.081060606060606,0.0744296565075839
U_5581758,C_1824911,2.0,重庆三峡医药高等专科学校,2020-06-02 09:50:37,0,A,822,57,0.1111111111111111,0.0,0.2110091743119266,0.2752293577981651,0.2074927953890489,0.0681818181818181,0.0726996994781582
U_26580705,C_948395,1.0,西安美术学院,2020-05-12 16:07:40,0,A,727,170,0.125,0.0,0.2091743119266055,0.2788990825688073,0.2564841498559078,0.0757575757575757,0.0669068114291742
U_30944154,C_1829948,1.0,辽宁对外经贸学院,2020-07-13 15:45:33,4,E,781,61,0.0416666666666666,0.0,0.0073394495412844,0.0073394495412844,0.0057636887608069,0.0015151515151515,0.0612373753594
U_4096733,C_786631,0.0,哈佛大学,2020-03-03 10:49:10,4,E,264,154,0.0833333333333333,0.0,0.0715596330275229,0.0715596330275229,0.0605187319884726,0.0325757575757575,0.0605391298160464
U_12696188,C_948387,1.0,深圳信息职业技术学院,2020-10-20 09:01:59,4,E,610,169,0.0416666666666666,0.0,0.073394495412844,0.073394495412844,0.0749279538904899,0.0196969696969696,0.0631832445915531
U_30369346,C_1829948,2.0,中国医科大学,2020-06-05 14:43:55,2,C,69,61,0.3472222222222222,0.0,0.4770642201834862,0.4770642201834862,0.585014409221902,0.1537878787878787,0.0753552145447488
U_29801854,C_1714448,1.0,中国医科大学,2020-05-24 01:23:41,4,E,69,8,0.0416666666666666,0.0,0.0128440366972477,0.0128440366972477,0.0057636887608069,0.0015151515151515,0.0614926933467298
U_29820964,C_756642,2.0,华南理工大学,2020-05-07 20:58:50,3,D,211,149,0.1388888888888889,0.0,0.0018348623853211,0.0018348623853211,0.0028818443804034,0.0007575757575757,0.0795134830984761
U_30560378,C_1829948,0.0,辽宁对外经贸学院,2020-06-16 15:07:35,4,E,781,61,0.0694444444444444,0.0,0.0990825688073394,0.0990825688073394,0.0605187319884726,0.0159090909090909,0.0642768306374875
U_30783184,C_1824911,2.0,辽宁对外经贸学院,2020-06-30 19:45:26,4,E,781,57,0.0416666666666666,0.0,0.0862385321100917,0.0862385321100917,0.1354466858789625,0.0356060606060606,0.062516312706116
U_30117054,C_681031,2.0,辽宁对外经贸学院,2020-05-22 11:58:30,4,E,781,101,0.0277777777777777,0.0,0.0073394495412844,0.0073394495412844,0.0057636887608069,0.003030303030303,0.0613702863116637
U_14835028,C_681031,1.0,辽宁对外经贸学院,2020-07-14 20:25:47,4,E,781,101,0.0277777777777777,0.0,0.0055045871559633,0.0055045871559633,0.0086455331412103,0.003030303030303,0.0612644300032712
U_3699202,C_1017355,2.0,广州中医药大学,2020-04-30 22:23:09,2,C,423,0,0.1527777777777777,0.0,0.181651376146789,0.181651376146789,0.1786743515850144,0.0681818181818181,0.0782467334652082
U_30370061,C_1829948,0.0,华南理工大学,2020-06-05 15:11:04,3,D,211,61,0.2222222222222222,0.0,0.4770642201834862,0.4770642201834862,0.7319884726224783,0.1924242424242424,0.0704814118220493
U_13535338,C_948120,0.0,中国农业大学,2020-09-23 23:28:00,0,A,67,167,0.0972222222222222,0.0,0.2220183486238532,0.2660550458715596,0.2132564841498559,0.081060606060606,0.0712281705067836
U_20245096,C_801420,1.0,辽宁对外经贸学院,2020-09-01 09:44:23,4,E,781,155,0.0277777777777777,0.0,0.0055045871559633,0.0055045871559633,0.0028818443804034,0.0007575757575757,0.0613965287714613
U_31060136,C_735115,2.0,昆明理工大学,2020-07-25 13:38:48,0,A,476,136,0.1388888888888889,0.0,0.5211009174311927,0.5211009174311927,0.7031700288184437,0.2378787878787878,0.072628529372525
U_31060049,C_735115,2.0,昆明理工大学,2020-07-25 13:08:14,0,A,476,136,0.1388888888888889,0.0,0.5211009174311927,0.5211009174311927,0.8126801152737751,0.2795454545454545,0.0712752128026162
U_29486463,C_948488,2.0,中国医科大学,2020-04-20 17:40:59,2,C,69,172,0.1388888888888889,0.0,0.1779816513761468,0.1779816513761468,0.1671469740634005,0.0606060606060606,0.0763404631589923
U_8867628,C_756642,0.0,天津中医药大学,2020-05-07 23:15:17,4,E,313,149,0.0416666666666666,0.0,0.0678899082568807,0.0678899082568807,0.0576368876080691,0.0318181818181818,0.0618621083393956
U_28934310,C_1410126,1.0,华南理工大学,2020-06-15 22:19:55,3,D,211,2,0.125,0.0,0.0697247706422018,0.0697247706422018,0.0432276657060518,0.0166666666666666,0.0807042142833779
U_31680363,C_948120,1.0,辽宁对外经贸学院,2020-08-30 22:47:51,4,E,781,167,0.0416666666666666,0.0,0.0697247706422018,0.0697247706422018,0.0489913544668587,0.031060606060606,0.0625088198128015
U_33459865,C_2027893,0.0,辽宁对外经贸学院,2020-09-23 10:46:21,4,E,781,84,0.0416666666666666,0.0,0.0110091743119266,0.0110091743119266,0.0144092219020172,0.0053030303030303,0.0613840934409175
U_7704302,C_1829948,0.0,北方民族大学,2020-06-11 16:22:27,4,E,190,61,0.0416666666666666,0.0,0.0073394495412844,0.0073394495412844,0.0028818443804034,0.0007575757575757,0.061157647606941
U_28954565,C_682575,2.0,昆明理工大学,2020-06-21 10:10:49,0,A,476,113,0.0138888888888888,0.0,0.0990825688073394,0.0990825688073394,0.1412103746397694,0.0371212121212121,0.0676643117435181
U_13464577,C_747056,1.0,辽宁对外经贸学院,2020-06-11 08:22:36,4,E,781,147,0.0416666666666666,0.0,0.0091743119266055,0.0091743119266055,0.0115273775216138,0.003030303030303,0.0615024791743501
U_30495758,C_813262,1.0,辽宁对外经贸学院,2020-06-14 11:25:22,4,E,781,157,0.1388888888888889,0.4000000000000001,0.110091743119266,0.110091743119266,0.1642651296829971,0.0954545454545454,0.0801953363900973
U_2930824,C_735164,0.0,西南石油大学,2020-09-15 15:32:20,4,E,712,138,0.0416666666666666,0.0,0.0715596330275229,0.0715596330275229,0.0576368876080691,0.0325757575757575,0.0604974063354285
U_28728261,C_1755959,1.0,武汉理工大学,2020-05-14 20:00:06,4,E,508,26,0.0416666666666666,0.0,0.0110091743119266,0.0110091743119266,0.0057636887608069,0.003030303030303,0.0614478498907067
U_28386410,C_677087,2.0,北京舞蹈学院,2020-04-09 14:17:15,4,E,182,92,0.0416666666666666,0.0,0.0697247706422018,0.0697247706422018,0.0518731988472622,0.0333333333333333,0.0632536619412154
U_15217643,C_696575,2.0,辽宁对外经贸学院,2020-09-01 00:22:17,4,E,781,116,0.0416666666666666,0.0,0.0256880733944954,0.0256880733944954,0.0259365994236311,0.0068181818181818,0.0616640641862907
U_31072656,C_682392,0.0,华南理工大学,2020-07-30 16:03:38,3,D,211,108,0.1527777777777777,0.0,0.218348623853211,0.2990825688073394,0.0086455331412103,0.1416666666666666,0.0718531907226102
U_21103987,C_948120,0.0,中国农业大学,2020-09-23 10:56:21,1,B,67,167,0.0138888888888888,0.0,0.0275229357798165,0.0275229357798165,0.0432276657060518,0.0121212121212121,0.1012134865136697
U_32538691,C_735164,0.0,昆明理工大学,2020-09-28 10:53:21,0,A,476,138,0.0138888888888888,0.0,0.0623853211009174,0.0788990825688073,0.0835734870317002,0.0393939393939393,0.0603199688770241
U_9774809,C_735197,2.0,华南理工大学,2020-09-20 11:58:59,4,E,211,141,0.0416666666666666,0.0,0.0201834862385321,0.0201834862385321,0.0230547550432276,0.006060606060606,0.0609988309541298
U_32054022,C_1912004,0.0,辽宁对外经贸学院,2020-09-17 06:32:26,4,E,781,74,0.0277777777777777,0.0,0.0055045871559633,0.0055045871559633,0.0028818443804034,0.0007575757575757,0.0618643913690175
U_15495773,C_674920,2.0,辽宁对外经贸学院,2020-07-21 11:17:11,4,E,781,87,0.0416666666666666,0.0,0.036697247706422,0.036697247706422,0.0461095100864553,0.0121212121212121,0.0606449861244389
U_30594202,C_1829948,1.0,辽宁对外经贸学院,2020-06-18 09:27:20,4,E,781,61,0.2777777777777778,0.0,0.2385321100917431,0.2385321100917431,0.3170028818443803,0.0833333333333333,0.0689662378613946
U_31094267,C_707035,0.0,广州中医药大学,2020-07-31 16:40:03,1,B,423,130,0.2916666666666666,0.0,0.036697247706422,0.036697247706422,0.0489913544668587,0.0128787878787878,0.1272358939506165
U_13663450,C_682392,1.0,辽宁对外经贸学院,2020-09-03 10:57:22,4,E,781,108,0.0416666666666666,0.0,0.0880733944954128,0.0880733944954128,0.0662824207492795,0.0318181818181818,0.0633682393237169
U_29050139,C_1410126,1.0,辽宁对外经贸学院,2020-06-20 10:23:13,4,E,781,2,0.0416666666666666,0.0,0.0440366972477064,0.0440366972477064,0.0605187319884726,0.0295454545454545,0.0621925781152567
U_34074241,C_735164,0.0,昆明理工大学,2020-11-02 14:55:57,0,A,476,138,0.0138888888888888,0.0,0.018348623853211,0.018348623853211,0.0288184438040345,0.0136363636363636,0.0625953619877329
U_7374700,C_1824911,2.0,重庆三峡医药高等专科学校,2020-06-10 18:20:03,4,E,822,57,0.1666666666666666,0.0,0.0623853211009174,0.0623853211009174,0.0720461095100864,0.0189393939393939,0.0660424692903971
U_14946336,C_674920,2.0,西昌民族幼儿师范高等专科学校,2020-06-04 09:18:43,4,E,751,87,0.0555555555555555,0.0,0.0862385321100917,0.0862385321100917,0.0749279538904899,0.0204545454545454,0.0603376338806281
U_16165192,C_1738818,1.0,辽宁对外经贸学院,2020-09-23 12:09:36,4,E,781,15,0.0416666666666666,0.0,0.0697247706422018,0.0697247706422018,0.0605187319884726,0.0325757575757575,0.0615596391047111
U_31069841,C_682392,0.0,昆明理工大学,2020-08-05 11:43:19,0,A,476,108,0.1388888888888889,0.0,0.4495412844036697,0.4495412844036697,0.6974063400576368,0.2439393939393939,0.066037462472723
U_27234294,C_823315,1.0,辽宁对外经贸学院,2020-05-18 08:16:01,4,E,781,158,0.0277777777777777,0.0,0.0330275229357798,0.0330275229357798,0.0518731988472622,0.0159090909090909,0.0611192025766696
U_30113159,C_1750793,1.0,昆明理工大学,2020-05-22 08:05:34,0,A,476,17,0.0833333333333333,0.0,0.036697247706422,0.036697247706422,0.0432276657060518,0.0227272727272727,0.0701637438500336
U_14157660,C_674920,0.0,辽宁对外经贸学院,2020-07-16 07:17:26,4,E,781,87,0.0416666666666666,0.0,0.018348623853211,0.018348623853211,0.0230547550432276,0.006060606060606,0.0608488344222659
U_27778429,C_1736024,0.0,辽宁对外经贸学院,2020-05-25 06:59:52,4,E,781,14,0.0416666666666666,0.0,0.0788990825688073,0.0788990825688073,0.0374639769452449,0.0363636363636363,0.0657705461006327
U_4825281,C_758928,0.0,陕西工业职业技术学院,2020-02-23 13:51:20,4,E,876,150,0.0138888888888888,0.0,0.0990825688073394,0.0990825688073394,0.0489913544668587,0.0257575757575757,0.0675334461084644
U_29783443,C_1017355,0.0,中国医科大学,2020-05-06 09:37:51,2,C,69,0,0.125,0.0,0.0642201834862385,0.0642201834862385,0.0345821325648414,0.0121212121212121,0.0767986538327922
U_2189011,C_735164,2.0,昆明理工大学,2020-09-22 12:23:21,2,C,476,138,0.0277777777777777,0.0,0.0990825688073394,0.110091743119266,0.1498559077809798,0.0712121212121212,0.0659345825218203
U_34213694,C_2027893,0.0,辽宁对外经贸学院,2020-11-27 15:11:43,4,E,781,84,0.0416666666666666,0.0,0.0715596330275229,0.0715596330275229,0.0605187319884726,0.0318181818181818,0.0611484015845892
U_7215209,C_1760297,0.0,浙江工业大学,2020-10-29 18:16:18,4,E,600,29,0.0277777777777777,0.0,0.0073394495412844,0.0073394495412844,0.0,0.0,0.0613944537401997
U_30599423,C_1829948,0.0,广州中医药大学,2020-06-18 14:21:12,1,B,423,61,0.6944444444444444,0.0,0.4293577981651376,0.4293577981651376,0.3198847262247838,0.084090909090909,0.1058124094984827
U_33321629,C_1774985,2.0,辽宁对外经贸学院,2020-09-22 04:32:50,4,E,781,46,0.0277777777777777,0.0,0.018348623853211,0.018348623853211,0.0230547550432276,0.006060606060606,0.0619223436740846
U_18556530,C_1829948,0.0,北方民族大学,2020-06-11 21:22:39,4,E,190,61,0.0416666666666666,0.0,0.0073394495412844,0.0073394495412844,0.0057636887608069,0.0015151515151515,0.0611236349226818
U_22296174,C_948113,2.0,辽宁对外经贸学院,2020-07-26 13:10:38,4,E,781,166,0.0416666666666666,0.0,0.0018348623853211,0.0018348623853211,0.0,0.0,0.061074215502731
U_22344499,C_1829948,0.0,北方民族大学,2020-06-11 20:28:01,4,E,190,61,0.1388888888888889,0.0,0.0311926605504587,0.0311926605504587,0.0461095100864553,0.0121212121212121,0.0617547960424806
U_2434376,C_680979,2.0,西安交通大学,2020-06-29 11:02:24,4,E,715,100,0.0277777777777777,0.0,0.0825688073394495,0.0825688073394495,0.0547550432276657,0.0325757575757575,0.065004260331735
U_31088262,C_696575,2.0,辽宁对外经贸学院,2020-08-07 23:30:12,4,E,781,116,0.0416666666666666,0.0,0.128440366972477,0.128440366972477,0.1527377521613832,0.0401515151515151,0.0643910910701065
U_6758218,C_1824911,0.0,重庆三峡医药高等专科学校,2020-06-02 09:57:27,3,D,822,57,0.0694444444444444,0.0,0.0623853211009174,0.0623853211009174,0.0979827089337175,0.0257575757575757,0.0861316046421493
U_5581724,C_1824911,2.0,重庆三峡医药高等专科学校,2020-06-02 09:51:06,4,E,822,57,0.0416666666666666,0.0,0.0568807339449541,0.0568807339449541,0.0576368876080691,0.0295454545454545,0.0591631959006204
U_12060971,C_801420,1.0,南京邮电大学,2020-09-04 13:55:17,4,E,228,155,0.0277777777777777,0.0,0.0036697247706422,0.0036697247706422,0.0,0.0,0.0613417707269281
U_10259416,C_697107,0.0,昆明理工大学津桥学院,2020-06-24 12:01:37,3,D,480,122,0.1805555555555555,0.0,0.3082568807339449,0.3082568807339449,0.2363112391930835,0.0636363636363636,0.0865021784828227
U_30699392,C_735197,0.0,辽宁对外经贸学院,2020-10-24 20:07:41,4,E,781,141,0.0416666666666666,0.0,0.1155963302752293,0.1155963302752293,0.063400576368876,0.0166666666666666,0.0649193375726092
U_19286682,C_735385,0.0,辽宁对外经贸学院,2020-09-18 22:08:27,4,E,781,146,0.0416666666666666,0.0,0.0110091743119266,0.0110091743119266,0.0144092219020172,0.0037878787878787,0.0613967615315312
U_16114410,C_786631,1.0,北华航天工业学院,2020-03-31 18:16:48,3,D,186,154,0.125,0.0,0.2165137614678899,0.2165137614678899,0.1729106628242074,0.0931818181818181,0.0838129676818554
U_7070499,C_756642,2.0,辽宁对外经贸学院,2020-05-11 19:21:48,4,E,781,149,0.0138888888888888,0.0,0.0091743119266055,0.0091743119266055,0.0086455331412103,0.0037878787878787,0.0614456906696326
U_29707685,C_747056,0.0,辽宁对外经贸学院,2020-04-28 15:39:01,4,E,781,147,0.0416666666666666,0.0,0.0715596330275229,0.0715596330275229,0.0547550432276657,0.034090909090909,0.0626082479813908
U_31137409,C_773985,0.0,辽宁对外经贸学院,2020-08-08 06:37:19,4,E,781,153,0.0416666666666666,0.0,0.0330275229357798,0.0330275229357798,0.0201729106628242,0.0053030303030303,0.0621608534129614
U_12915817,C_1714448,1.0,中国医科大学,2020-05-16 08:56:05,3,D,69,8,0.1527777777777777,0.0,0.1834862385321101,0.2311926605504587,0.1239193083573487,0.1545454545454545,0.0849377336724747
U_30348657,C_1829948,2.0,中国医科大学,2020-06-04 10:56:31,2,C,69,61,0.3055555555555555,0.0,0.4770642201834862,0.4770642201834862,0.6023054755043227,0.1583333333333333,0.0747542329965685
U_1446253,C_735164,0.0,华北电力大学电气与电子工程学院,2020-12-07 10:56:24,4,E,206,138,0.0416666666666666,0.0,0.0256880733944954,0.0256880733944954,0.0403458213256484,0.0196969696969696,0.0616057751219735
U_10491369,C_1824926,2.0,武汉职业技术学院,2020-07-09 18:09:02,2,C,511,58,0.1527777777777777,0.0,0.1651376146788991,0.2073394495412844,0.1729106628242074,0.0492424242424242,0.0636795088699809
U_20309935,C_801420,0.0,南京邮电大学通达学院,2020-09-03 20:54:44,4,E,229,155,0.0277777777777777,0.0,0.0036697247706422,0.0036697247706422,0.0,0.0,0.061304449878271
U_6902382,C_756642,2.0,广州中医药大学,2020-05-11 19:30:06,1,B,423,149,0.2222222222222222,0.0,0.0091743119266055,0.0091743119266055,0.0144092219020172,0.0053030303030303,0.1156912024811597
U_6222993,C_1829948,2.0,北方民族大学,2020-06-11 18:29:40,1,B,190,61,0.0972222222222222,0.0,0.1376146788990825,0.1376146788990825,0.1729106628242074,0.0454545454545454,0.0941758322771702
U_30499258,C_749807,1.0,昆明理工大学,2020-06-20 08:21:35,0,A,476,148,0.0555555555555555,0.0,0.3724770642201835,0.3724770642201835,0.585014409221902,0.1537878787878787,0.0710338406101136
U_16332172,C_735385,0.0,辽宁对外经贸学院,2020-11-25 21:40:05,4,E,781,146,0.0416666666666666,0.0,0.055045871559633,0.055045871559633,0.0576368876080691,0.0166666666666666,0.0626895159121847
U_1054128,C_735164,0.0,昆明理工大学,2020-10-20 14:38:18,4,E,476,138,0.0277777777777777,0.0,0.1889908256880734,0.1926605504587156,0.2968299711815562,0.1196969696969696,0.0639741583567846
U_3966094,C_680814,0.0,兰州文理学院,2020-05-10 10:14:26,4,E,137,96,0.0416666666666666,0.0,0.0605504587155963,0.0605504587155963,0.0576368876080691,0.0325757575757575,0.060656886602056
U_3699987,C_1017355,2.0,广州中医药大学,2020-05-05 17:07:22,3,D,423,0,0.0972222222222222,0.0,0.055045871559633,0.055045871559633,0.031700288184438,0.0098484848484848,0.0794489392263226
U_33220959,C_697076,1.0,辽宁对外经贸学院,2020-10-04 21:21:12,0,A,781,121,0.0972222222222222,0.0,0.073394495412844,0.073394495412844,0.0778097982708933,0.0242424242424242,0.0663010657280735
U_33127811,C_735164,1.0,昆明理工大学,2020-09-18 22:53:28,0,A,476,138,0.1111111111111111,0.0,0.2128440366972477,0.2807339449541284,0.2276657060518732,0.0583333333333333,0.0694238293018231
U_6758508,C_1824911,2.0,重庆三峡医药高等专科学校,2020-06-10 22:45:42,4,E,822,57,0.1944444444444444,0.0,0.0532110091743119,0.0532110091743119,0.0662824207492795,0.0174242424242424,0.0610147973044577
U_5798962,C_1824911,2.0,重庆三峡医药高等专科学校,2020-06-10 21:33:42,4,E,822,57,0.2638888888888889,0.0,0.0825688073394495,0.0825688073394495,0.0547550432276657,0.0287878787878787,0.0641300333184994
U_29842447,C_735283,2.0,辽宁对外经贸学院,2020-05-08 13:20:33,4,E,781,143,0.0416666666666666,0.0,0.0697247706422018,0.0697247706422018,0.0518731988472622,0.0318181818181818,0.0632675978313589
U_5798662,C_1829948,1.0,北方民族大学,2020-06-05 11:24:34,4,E,190,61,0.0277777777777777,0.0,0.0220183486238532,0.0220183486238532,0.0259365994236311,0.0068181818181818,0.0559479869603789
U_33248334,C_697076,0.0,辽宁对外经贸学院,2020-11-16 19:09:00,4,E,781,121,0.0555555555555555,0.0,0.2110091743119266,0.2110091743119266,0.3256484149855908,0.1037878787878787,0.0651871007951666
U_29662295,C_1714448,2.0,辽宁对外经贸学院,2020-04-26 15:00:09,4,E,781,8,0.0416666666666666,0.0,0.0660550458715596,0.0660550458715596,0.0691642651296829,0.0363636363636363,0.0623700304306868
U_4617578,C_735164,0.0,昆明理工大学,2020-12-06 15:51:51,0,A,476,138,0.125,0.0,0.2862385321100917,0.3284403669724771,0.440922190201729,0.1606060606060606,0.0705352338739609
U_30593625,C_1829948,0.0,辽宁对外经贸学院,2020-06-18 08:58:18,4,E,781,61,0.2777777777777778,0.0,0.2422018348623853,0.2422018348623853,0.2564841498559078,0.0674242424242424,0.0698313377084844
U_31043240,C_747056,1.0,辽宁对外经贸学院,2020-07-22 17:59:49,4,E,781,147,0.0416666666666666,0.0,0.0697247706422018,0.0697247706422018,0.0691642651296829,0.0204545454545454,0.0633003823348236
U_27255985,C_1724289,1.0,华南理工大学,2020-04-29 01:08:51,3,D,211,10,0.0138888888888888,0.0,0.0146788990825688,0.0146788990825688,0.0201729106628242,0.2325757575757575,0.0743835601090568
U_9326519,C_1755959,2.0,辽宁对外经贸学院,2020-09-13 21:28:20,4,E,781,26,0.0277777777777777,0.0,0.018348623853211,0.018348623853211,0.0172910662824207,0.0053030303030303,0.0613577469819398
U_12205207,C_674920,2.0,西昌民族幼儿师范高等专科学校,2020-06-11 18:46:40,4,E,751,87,0.0416666666666666,0.0,0.073394495412844,0.073394495412844,0.0432276657060518,0.0212121212121212,0.0635961163845062
U_34209002,C_1912004,0.0,辽宁对外经贸学院,2020-10-04 00:32:47,4,E,781,74,0.0416666666666666,0.0,0.1064220183486238,0.1064220183486238,0.0489913544668587,0.0318181818181818,0.0561785234287756
U_30045369,C_758928,0.0,辽宁对外经贸学院,2020-05-18 22:07:46,4,E,781,150,0.0416666666666666,0.0,0.1266055045871559,0.1266055045871559,0.0749279538904899,0.0196969696969696,0.0654795960132381
U_30348646,C_1829948,0.0,华南理工大学,2020-06-04 10:39:16,3,D,211,61,0.0833333333333333,0.0,0.0073394495412844,0.0073394495412844,0.0086455331412103,0.0022727272727272,0.066184834263373
U_30099116,C_1750793,1.0,昆明理工大学,2020-05-21 10:03:48,0,A,476,17,0.1111111111111111,0.0,0.036697247706422,0.036697247706422,0.0461095100864553,0.0242424242424242,0.0703907542509881
U_845587,C_747056,2.0,西南科技大学,2020-05-14 10:23:44,4,E,713,147,0.0277777777777777,0.0,0.0018348623853211,0.0018348623853211,0.0,0.0,0.0612535893268235
U_32261176,C_735385,0.0,辽宁对外经贸学院,2020-10-24 22:18:45,4,E,781,146,0.0416666666666666,0.0,0.0348623853211009,0.0348623853211009,0.0518731988472622,0.0136363636363636,0.0042543370388891
U_30356220,C_1829948,2.0,华南理工大学,2020-06-04 18:00:19,3,D,211,61,0.1805555555555555,0.0,0.1394495412844036,0.3706422018348624,0.0,0.1348484848484848,0.0643287460377625
U_31147044,C_801420,2.0,辽宁对外经贸学院,2020-08-06 20:53:28,4,E,781,155,0.0277777777777777,0.0,0.0036697247706422,0.0036697247706422,0.0,0.0,0.0613551222407258
U_12918178,C_1829948,0.0,北方民族大学,2020-06-05 10:38:32,2,C,190,61,0.25,0.0,0.0605504587155963,0.0605504587155963,0.0662824207492795,0.0174242424242424,0.0714704242161467
U_33499445,C_2027893,0.0,辽宁对外经贸学院,2020-09-23 14:33:04,4,E,781,84,0.0416666666666666,0.0,0.0110091743119266,0.0110091743119266,0.0172910662824207,0.006060606060606,0.0613500807566583
U_32577441,C_735164,1.0,昆明理工大学,2020-09-16 19:42:52,2,C,476,138,0.1388888888888889,0.0,0.0330275229357798,0.0403669724770642,0.0461095100864553,0.0212121212121212,0.0732565308981832
U_30600645,C_735197,0.0,辽宁对外经贸学院,2020-11-11 17:21:47,4,E,781,141,0.0555555555555555,0.0,0.1779816513761468,0.1779816513761468,0.1037463976945244,0.0272727272727272,0.0670074776832418
U_29498224,C_707079,0.0,中国医科大学,2020-04-21 11:22:07,2,C,69,132,0.1388888888888889,0.0,0.1064220183486238,0.1339449541284403,0.1498559077809798,0.0568181818181818,0.0601303783715649
U_28532412,C_735283,1.0,辽宁对外经贸学院,2020-05-24 04:39:04,4,E,781,143,0.0416666666666666,0.0,0.0201834862385321,0.0201834862385321,0.0172910662824207,0.0045454545454545,0.0622685866589389
U_32577199,C_735164,2.0,昆明理工大学,2020-11-20 16:27:21,0,A,476,138,0.125,0.0,0.2844036697247706,0.3119266055045872,0.440922190201729,0.1606060606060606,0.0699860785839011
U_29780983,C_1017355,2.0,华南理工大学,2020-05-05 12:48:13,3,D,211,0,0.1388888888888889,0.0,0.0275229357798165,0.0275229357798165,0.0115273775216138,0.003030303030303,0.0793732080137875
U_33554837,C_697076,2.0,辽宁对外经贸学院,2020-09-27 19:38:58,0,A,781,121,0.0972222222222222,0.0,0.0275229357798165,0.0275229357798165,0.0230547550432276,0.006060606060606,0.0650796745943877
U_13386341,C_697107,1.0,昆明理工大学津桥学院,2020-06-23 15:59:57,3,D,480,122,0.1666666666666666,0.0,0.1651376146788991,0.1651376146788991,0.1585014409221901,0.0431818181818181,0.0831633095650112
U_11008822,C_1912004,1.0,温州大学,2020-08-14 13:56:39,4,E,617,74,0.0416666666666666,0.0,0.0073394495412844,0.0073394495412844,0.0086455331412103,0.0022727272727272,0.0613157956935939
U_33787472,C_1771156,2.0,昆明理工大学,2020-09-27 18:33:12,0,A,476,36,0.0972222222222222,0.0,0.1009174311926605,0.1779816513761468,0.1354466858789625,0.0356060606060606,0.0693852307489524
U_339073,C_681411,2.0,东北师范大学,2020-07-26 16:48:53,4,E,47,103,0.0416666666666666,0.0,0.0091743119266055,0.0091743119266055,0.0144092219020172,0.0037878787878787,0.0613085603220589
U_30594879,C_1829948,2.0,辽宁对外经贸学院,2020-06-18 10:08:08,4,E,781,61,0.2638888888888889,0.0,0.4,0.4,0.3487031700288184,0.0916666666666666,0.0750968409624586
U_15147975,C_1750793,0.0,昆明理工大学,2020-06-17 21:26:33,0,A,476,17,0.0972222222222222,0.0,0.036697247706422,0.036697247706422,0.0547550432276657,0.0287878787878787,0.0701456777067346
U_32725892,C_735164,2.0,昆明理工大学,2020-09-17 13:08:53,0,A,476,138,0.0138888888888888,0.0,0.1889908256880734,0.2678899082568807,0.2190201729106628,0.0575757575757575,0.0202465861445551
U_32593468,C_735164,1.0,昆明理工大学,2020-09-16 15:14:22,0,A,476,138,0.1111111111111111,0.0,0.0440366972477064,0.0532110091743119,0.0662824207492795,0.0303030303030303,0.0643987771047557
U_30575721,C_786631,2.0,辽宁对外经贸学院,2020-06-17 10:01:33,4,E,781,154,0.0555555555555555,0.0,0.1394495412844036,0.1394495412844036,0.1527377521613832,0.0477272727272727,0.0649545190095598
U_3063338,C_682556,1.0,西南林业大学,2020-04-21 09:41:52,4,E,711,112,0.0416666666666666,0.0,0.0697247706422018,0.0697247706422018,0.0576368876080691,0.0371212121212121,0.0632562371590102
U_33220390,C_697076,1.0,辽宁对外经贸学院,2020-11-26 17:56:20,4,E,781,121,0.0416666666666666,0.0,0.0844036697247706,0.0844036697247706,0.0576368876080691,0.0462121212121212,0.0668808413481819
U_10780688,C_697107,2.0,烟台大学,2020-05-25 22:15:28,4,E,653,122,0.0416666666666666,0.0,0.018348623853211,0.018348623853211,0.0230547550432276,0.0068181818181818,0.061538844221018
U_12624894,C_813262,0.0,陕西工业职业技术学院,2019-12-03 07:41:27,0,A,876,157,0.0833333333333333,0.0,0.1834862385321101,0.2715596330275229,0.2132564841498559,0.0598484848484848,0.0681786471175868
U_27896486,C_1760297,1.0,华南理工大学,2020-10-13 15:59:44,3,D,211,29,0.1805555555555555,0.0,0.2,0.2477064220183486,0.1123919308357348,0.1393939393939394,0.0794996016840937
U_31252144,C_1844112,2.0,昆明理工大学,2020-08-19 08:08:20,0,A,476,63,0.0833333333333333,0.2,0.1596330275229358,0.1798165137614679,0.2449567723342939,0.2469696969696969,0.1195487499768978
U_30496074,C_1829948,2.0,辽宁对外经贸学院,2020-06-14 12:08:23,4,E,781,61,0.0138888888888888,0.0,0.0220183486238532,0.0220183486238532,0.031700288184438,0.0083333333333333,0.0609200689083439
U_522331,C_735164,1.0,桂林理工大学博文管理学院,2020-09-15 15:05:06,0,A,498,138,0.0138888888888888,0.0,0.1779816513761468,0.2844036697247706,0.1873198847262247,0.0507575757575757,0.0102437781282455
U_29204520,C_707079,2.0,辽宁对外经贸学院,2020-06-20 12:51:14,4,E,781,132,0.0416666666666666,0.0,0.0275229357798165,0.0275229357798165,0.0288184438040345,0.009090909090909,0.0617860205582427
U_8332675,C_735164,0.0,聊城大学,2020-10-24 11:29:23,0,A,688,138,0.0972222222222222,0.0,0.1761467889908257,0.2201834862385321,0.1585014409221901,0.0469696969696969,0.0649186591017671
U_4370482,C_697144,0.0,贵州医科大学,2020-09-09 10:17:34,4,E,762,123,0.0416666666666666,0.0,0.0642201834862385,0.0642201834862385,0.0518731988472622,0.0287878787878787,0.0613901352980514
U_11535773,C_735385,1.0,清华大学,2020-06-10 16:10:50,4,E,612,146,0.0416666666666666,0.0,0.0238532110091743,0.0238532110091743,0.0374639769452449,0.0098484848484848,0.0614697689560141
U_30365871,C_1829948,2.0,广州中医药大学,2020-06-05 11:02:54,1,B,423,61,0.3194444444444444,0.0,0.4770642201834862,0.4770642201834862,0.4207492795389049,0.1106060606060606,0.1030107805360879
U_28184520,C_1824911,0.0,辽宁对外经贸学院,2020-06-30 15:40:21,4,E,781,57,0.0277777777777777,0.0,0.0862385321100917,0.0862385321100917,0.1354466858789625,0.0356060606060606,0.0623840108919075
U_31101659,C_682392,0.0,昆明理工大学,2020-09-23 20:40:01,0,A,476,108,0.0833333333333333,0.0,0.1412844036697247,0.2788990825688073,0.2190201729106628,0.0227272727272727,0.0518660389478744
U_4845672,C_735164,1.0,河南理工大学,2020-12-02 18:17:28,4,E,576,138,0.0555555555555555,0.0,0.0990825688073394,0.1009174311926605,0.1527377521613832,0.0734848484848484,0.0620488760099643
U_30254237,C_766175,2.0,昆明理工大学,2020-05-28 16:27:57,0,A,476,151,0.0694444444444444,0.0,0.1834862385321101,0.1834862385321101,0.2881844380403458,0.078030303030303,0.0671060639537058
U_33343302,C_697076,2.0,辽宁对外经贸学院,2020-11-16 21:09:35,4,E,781,121,0.0416666666666666,0.0,0.055045871559633,0.055045871559633,0.0864553314121037,0.0272727272727272,0.0628134036974828
U_33346208,C_697076,1.0,辽宁对外经贸学院,2020-11-12 10:18:46,4,E,781,121,0.0138888888888888,0.0,0.0275229357798165,0.0275229357798165,0.0259365994236311,0.0083333333333333,0.0603523324314262
U_29823602,C_766175,0.0,昆明理工大学,2020-05-07 23:32:58,0,A,476,151,0.0555555555555555,0.0,0.1834862385321101,0.1834862385321101,0.2478386167146974,0.0659090909090909,0.0674570909008482
U_26414156,C_747056,1.0,辽宁对外经贸学院,2020-04-16 10:48:45,4,E,781,147,0.0277777777777777,0.0,0.0587155963302752,0.0587155963302752,0.0662824207492795,0.0333333333333333,0.0622949727366519
U_7776118,C_756642,2.0,辽宁对外经贸学院,2020-05-11 16:24:56,4,E,781,149,0.0416666666666666,0.0,0.0660550458715596,0.0660550458715596,0.0518731988472622,0.031060606060606,0.0620051567355554
U_25273251,C_948395,1.0,西安美术学院,2020-05-29 14:27:04,1,B,727,170,0.0972222222222222,0.0,0.110091743119266,0.110091743119266,0.1296829971181556,0.0742424242424242,0.1118173221617922
U_30014449,C_1736024,2.0,辽宁对外经贸学院,2020-06-18 15:04:56,4,E,781,14,0.0416666666666666,0.0,0.0073394495412844,0.0073394495412844,0.0115273775216138,0.0045454545454545,0.0611489611992254
U_22761782,C_823315,0.0,西安石油大学,2020-07-01 01:13:54,4,E,725,158,0.0277777777777777,0.0,0.091743119266055,0.091743119266055,0.1152737752161383,0.0318181818181818,0.0629605773944563
U_34293551,C_2027893,2.0,辽宁对外经贸学院,2020-10-05 20:11:26,4,E,781,84,0.0416666666666666,0.0,0.0165137614678899,0.0165137614678899,0.0259365994236311,0.0083333333333333,0.0614743102535484
U_6758221,C_1824911,2.0,重庆医药高等专科学校,2020-06-10 19:12:25,4,E,834,57,0.1388888888888889,0.0,0.0623853211009174,0.0623853211009174,0.0662824207492795,0.0174242424242424,0.0633489648089911
U_16123917,C_676646,1.0,辽宁对外经贸学院,2020-06-29 21:18:40,4,E,781,90,0.0416666666666666,0.0,0.018348623853211,0.018348623853211,0.0144092219020172,0.0037878787878787,0.0616068844465621
U_7872919,C_1829948,0.0,北方民族大学,2020-06-18 08:43:45,4,E,190,61,0.1388888888888889,0.0,0.181651376146789,0.181651376146789,0.2276657060518732,0.0598484848484848,0.0662458223540328
U_30484975,C_1750795,0.0,辽宁对外经贸学院,2020-06-13 08:07:42,4,E,781,18,0.0416666666666666,0.0,0.0055045871559633,0.0055045871559633,0.0086455331412103,0.0045454545454545,0.0612159564806258
U_26077430,C_735197,0.0,辽宁石油化工大学,2020-09-09 12:37:52,4,E,790,141,0.0416666666666666,0.0,0.0422018348623853,0.0422018348623853,0.031700288184438,0.0083333333333333,0.0617422170940213
U_31088032,C_682392,0.0,昆明理工大学,2020-08-14 11:28:12,0,A,476,108,0.0833333333333333,0.0,0.4495412844036697,0.4495412844036697,0.7060518731988472,0.2469696969696969,0.0623044762807831
U_30599543,C_1829948,1.0,辽宁对外经贸学院,2020-06-18 14:23:19,4,E,781,61,0.0138888888888888,0.0,0.0073394495412844,0.0073394495412844,0.0028818443804034,0.0007575757575757,0.0606568271739531
U_30602152,C_1829948,1.0,辽宁对外经贸学院,2020-06-18 16:15:37,4,E,781,61,0.0416666666666666,0.0,0.0220183486238532,0.0220183486238532,0.0057636887608069,0.0015151515151515,0.0618407439363824
U_15121714,C_2059281,1.0,辽宁对外经贸学院,2020-10-05 17:43:56,4,E,781,85,0.0416666666666666,0.0,0.0091743119266055,0.0091743119266055,0.0144092219020172,0.0053030303030303,0.0617656812900056
U_8447227,C_735164,0.0,中国医科大学,2020-10-25 17:23:31,2,C,69,138,0.1388888888888889,0.0,0.2018348623853211,0.2018348623853211,0.1671469740634005,0.0621212121212121,0.0772239857179988
U_15509456,C_682575,0.0,北京师范大学,2020-06-18 20:34:32,4,E,167,113,0.0138888888888888,0.0,0.0220183486238532,0.0220183486238532,0.0288184438040345,0.0075757575757575,0.0611327670411696
U_32551813,C_735164,1.0,昆明理工大学,2020-11-26 21:57:45,0,A,476,138,0.125,0.0,0.2862385321100917,0.2862385321100917,0.4495677233429394,0.1636363636363636,0.0690676271573815
U_31050457,C_1907842,2.0,辽宁对外经贸学院,2020-07-23 16:58:06,4,E,781,70,0.0416666666666666,0.0,0.0165137614678899,0.0165137614678899,0.0057636887608069,0.003030303030303,0.0632570295337163
U_30498291,C_1829948,0.0,辽宁对外经贸学院,2020-06-14 16:24:06,4,E,781,61,0.0138888888888888,0.0,0.0605504587155963,0.0605504587155963,0.0461095100864553,0.0121212121212121,0.0623338486206698
U_11838875,C_1778562,0.0,南开大学,2020-09-21 09:45:03,2,C,231,49,0.1111111111111111,0.0,0.0036697247706422,0.0036697247706422,0.0057636887608069,0.0015151515151515,0.0768020759010542
U_2104145,C_1828106,0.0,HUST,2020-08-27 20:07:37,4,E,12,59,0.0416666666666666,0.0,0.0807339449541284,0.0807339449541284,0.0720461095100864,0.0378787878787878,0.062906740485519
U_32577121,C_735164,2.0,昆明理工大学,2020-09-18 14:03:40,0,A,476,138,0.0138888888888888,0.0,0.0990825688073394,0.1229357798165137,0.1383285302593659,0.0651515151515151,0.0770588914105473
U_31153989,C_801420,2.0,辽宁对外经贸学院,2020-08-08 07:35:27,4,E,781,155,0.0277777777777777,0.0,0.0073394495412844,0.0073394495412844,0.0028818443804034,0.0007575757575757,0.0614719479864558
U_32718629,C_735164,1.0,昆明理工大学,2020-09-15 13:45:46,0,A,476,138,0.0138888888888888,0.0,0.1871559633027523,0.2642201834862385,0.2103746397694524,0.0575757575757575,0.0542627243528099
U_6149124,C_735164,0.0,山东女子学院,2020-09-18 14:00:39,4,E,368,138,0.0416666666666666,0.0,0.0642201834862385,0.0642201834862385,0.0432276657060518,0.0287878787878787,0.0300224641304765
U_12918426,C_813262,0.0,辽宁对外经贸学院,2019-11-12 20:26:03,4,E,781,157,0.1388888888888889,0.0,0.0788990825688073,0.0788990825688073,0.063400576368876,0.034090909090909,0.0635798132749283
U_15498517,C_735283,1.0,辽宁对外经贸学院,2020-07-07 12:41:29,4,E,781,143,0.0416666666666666,0.0,0.0036697247706422,0.0036697247706422,0.0028818443804034,0.0007575757575757,0.0605497179230566
U_33748874,C_697076,2.0,辽宁对外经贸学院,2020-11-16 18:13:03,4,E,781,121,0.0416666666666666,0.0,0.0880733944954128,0.0880733944954128,0.0662824207492795,0.0325757575757575,0.0618268823313677
U_13353734,C_948387,0.0,电子科技大学中山学院,2020-11-05 22:43:37,4,E,667,169,0.0416666666666666,0.0,0.0660550458715596,0.0660550458715596,0.0576368876080691,0.0333333333333333,0.0634798403487286
U_25939588,C_1732845,0.0,铜仁学院,2020-06-11 20:39:08,2,C,850,13,0.0694444444444444,0.0,0.2660550458715596,0.2660550458715596,0.3746397694524495,0.0984848484848484,0.0792364540441992
U_11149281,C_1750793,0.0,北京体育大学,2020-06-05 19:46:08,4,E,159,17,0.0555555555555555,0.0,0.036697247706422,0.036697247706422,0.0489913544668587,0.0257575757575757,0.0618841115945155
U_31099801,C_682392,0.0,昆明理工大学,2020-07-30 19:13:00,0,A,476,108,0.0694444444444444,0.0,0.4495412844036697,0.4495412844036697,0.6743515850144092,0.2371212121212121,0.0625534701274899
U_26826195,C_758928,2.0,辽宁对外经贸学院,2020-06-16 11:00:48,4,E,781,150,0.0416666666666666,0.0,0.0055045871559633,0.0055045871559633,0.0028818443804034,0.0007575757575757,0.0602516166539395
U_11491849,C_676676,2.0,山东水利职业学院,2020-04-08 08:00:14,4,E,375,91,0.0416666666666666,0.0,0.0660550458715596,0.0660550458715596,0.0518731988472622,0.0356060606060606,0.0639350249509873
U_18306241,C_948488,1.0,合肥工业大学,2020-03-06 10:28:09,1,B,248,172,0.0277777777777777,0.0,0.0385321100917431,0.0440366972477064,0.0605187319884726,0.0242424242424242,0.1082625311365694
U_24847530,C_948436,2.0,西安美术学院,2020-06-27 11:21:23,4,E,727,171,0.0416666666666666,0.0,0.0568807339449541,0.0568807339449541,0.0662824207492795,0.0098484848484848,0.0630011568840922
U_29812998,C_735115,0.0,辽宁对外经贸学院,2020-05-07 21:49:15,4,E,781,136,0.0833333333333333,0.0,0.5211009174311927,0.5211009174311927,0.2074927953890489,0.0545454545454545,0.0791485400705579
U_33329291,C_697076,0.0,辽宁对外经贸学院,2020-12-05 15:39:34,4,E,781,121,0.0555555555555555,0.0,0.1834862385321101,0.1834862385321101,0.2795389048991354,0.0893939393939394,0.0646107224816106
U_4704166,C_1472684,1.0,重庆三峡医药高等专科学校,2020-11-30 22:48:10,4,E,822,3,0.0416666666666666,0.0,0.018348623853211,0.018348623853211,0.0144092219020172,0.0037878787878787,0.0616289223680754
U_14427053,C_747056,1.0,宝鸡文理学院,2020-04-26 08:11:37,4,E,356,147,0.0416666666666666,0.0,0.0697247706422018,0.0697247706422018,0.0489913544668587,0.0325757575757575,0.063192366805357
U_33119109,C_1912004,2.0,辽宁对外经贸学院,2020-09-24 22:33:51,4,E,781,74,0.0277777777777777,0.0,0.0403669724770642,0.0403669724770642,0.0461095100864553,0.0242424242424242,0.0143516559603031
U_17910644,C_786631,0.0,北华航天工业学院,2020-04-22 17:42:56,0,A,186,154,0.0277777777777777,0.0,0.2091743119266055,0.2770642201834862,0.2363112391930835,0.0787878787878787,0.0679601151259875
U_1717158,C_735164,1.0,韶关学院,2020-10-17 12:21:32,0,A,895,138,0.0972222222222222,0.0,0.0990825688073394,0.1321100917431192,0.1181556195965417,0.0545454545454545,0.066198968247193
U_12975775,C_674959,1.0,辽宁对外经贸学院,2020-05-30 10:58:59,4,E,781,88,0.0277777777777777,0.0,0.0036697247706422,0.0036697247706422,0.0,0.0,0.0616341470887937
U_26997807,C_1912004,2.0,广州中医药大学,2020-08-05 10:47:52,1,B,423,74,0.2222222222222222,0.0,0.0036697247706422,0.0146788990825688,0.0057636887608069,0.0242424242424242,0.104732630581802
U_14787257,C_773985,2.0,辽宁对外经贸学院,2020-06-28 17:01:11,4,E,781,153,0.0416666666666666,0.0,0.0311926605504587,0.0311926605504587,0.031700288184438,0.0113636363636363,0.0619350662404593
U_22801965,C_735197,2.0,北京石油化工学院,2020-09-25 22:18:58,4,E,176,141,0.0416666666666666,0.0,0.0587155963302752,0.0587155963302752,0.0576368876080691,0.0318181818181818,0.0603618508325832
U_19771949,C_677087,2.0,辽宁对外经贸学院,2020-09-10 13:41:10,4,E,781,92,0.0416666666666666,0.0,0.0018348623853211,0.0018348623853211,0.0028818443804034,0.0007575757575757,0.0610871609244919
U_14946312,C_674920,2.0,西昌民族幼儿师范高等专科学校,2020-06-04 09:08:17,4,E,751,87,0.0416666666666666,0.0,0.2201834862385321,0.2201834862385321,0.3285302593659942,0.0886363636363636,0.0636068530617738
U_5003228,C_1774987,0.0,重庆交通大学,2020-10-27 14:20:16,0,A,830,47,0.0972222222222222,0.0,0.1944954128440367,0.2660550458715596,0.2305475504322766,0.0727272727272727,0.072770092066111
U_33713392,C_697076,0.0,辽宁对外经贸学院,2020-11-16 16:45:09,4,E,781,121,0.0416666666666666,0.0,0.0715596330275229,0.0715596330275229,0.0230547550432276,0.0212121212121212,0.0640431246702664
U_31197195,C_1774985,0.0,辽宁对外经贸学院,2020-08-24 09:25:20,4,E,781,46,0.0277777777777777,0.0,0.0018348623853211,0.0018348623853211,0.0,0.0,0.0611571226586982
U_27868198,C_948136,0.0,辽宁对外经贸学院,2020-05-13 09:26:09,4,E,781,168,0.0416666666666666,0.0,0.2,0.2,0.0749279538904899,0.0196969696969696,0.0685451798472591
U_30554128,C_1774985,2.0,辽宁对外经贸学院,2020-07-01 17:24:52,4,E,781,46,0.0277777777777777,0.0,0.0018348623853211,0.0018348623853211,0.0,0.0,0.0611571226586982
U_30404612,C_1829948,0.0,辽宁对外经贸学院,2020-06-08 15:42:29,4,E,781,61,0.0277777777777777,0.0,0.0422018348623853,0.0422018348623853,0.0403458213256484,0.0106060606060606,0.0636494531069103
U_28783864,C_1732845,1.0,昆明理工大学,2020-05-16 22:00:27,0,A,476,13,0.1111111111111111,0.0,0.2660550458715596,0.2660550458715596,0.4178674351585014,0.1098484848484848,0.0658723216792888
U_30209186,C_674920,0.0,辽宁对外经贸学院,2020-05-27 18:54:40,4,E,781,87,0.0555555555555555,0.0,0.2201834862385321,0.2201834862385321,0.3458213256484149,0.0931818181818181,0.0654472225541522
U_34703415,C_1992950,2.0,辽宁对外经贸学院,2020-10-11 18:56:40,4,E,781,83,0.0416666666666666,0.0,0.018348623853211,0.018348623853211,0.0144092219020172,0.0757575757575757,0.0111568642535677
U_16594648,C_697367,0.0,辽宁对外经贸学院,2020-04-15 10:40:22,4,E,781,127,0.0416666666666666,0.0,0.0697247706422018,0.0697247706422018,0.0489913544668587,0.0333333333333333,0.0624420969102063
U_9810298,C_735197,1.0,华南理工大学,2020-09-14 14:34:38,4,E,211,141,0.0555555555555555,0.0,0.0256880733944954,0.0256880733944954,0.0345821325648414,0.009090909090909,0.0618489994903516
U_10931017,C_1750793,2.0,北京体育大学,2020-06-06 10:47:14,0,A,159,17,0.0972222222222222,0.0,0.036697247706422,0.036697247706422,0.0461095100864553,0.0242424242424242,0.0702024959255036
U_26968259,C_735283,1.0,昆明理工大学,2020-02-24 14:05:53,0,A,476,143,0.0138888888888888,0.0,0.1889908256880734,0.2642201834862385,0.2074927953890489,0.0659090909090909,0.0701338416095623
U_29464815,C_1714448,2.0,辽宁对外经贸学院,2020-04-19 10:49:25,4,E,781,8,0.0277777777777777,0.0,0.0770642201834862,0.0770642201834862,0.0432276657060518,0.0318181818181818,0.0668339228608972
U_33554511,C_697076,2.0,辽宁对外经贸学院,2020-11-19 11:49:42,4,E,781,121,0.0416666666666666,0.0,0.0715596330275229,0.0715596330275229,0.0230547550432276,0.0196969696969696,0.0639450088722841
U_29781282,C_801420,1.0,辽宁对外经贸学院,2020-08-30 20:27:46,4,E,781,155,0.0555555555555555,0.0,0.0110091743119266,0.0110091743119266,0.0057636887608069,0.0015151515151515,0.7703811978305188
U_13537867,C_948120,2.0,中国农业大学,2020-09-25 21:56:17,0,A,67,167,0.0833333333333333,0.0,0.0972477064220183,0.0972477064220183,0.1123919308357348,0.0325757575757575,0.0694281923150486
U_14654772,C_786631,0.0,北华航天工业学院,2020-05-08 17:07:08,0,A,186,154,0.0694444444444444,0.0,0.0440366972477064,0.0440366972477064,0.063400576368876,0.0204545454545454,0.065946225477658
U_784652,C_697076,2.0,北京社会管理职业学院,2020-08-26 18:50:43,4,E,177,121,0.0416666666666666,0.0,0.0091743119266055,0.0091743119266055,0.0086455331412103,0.0022727272727272,0.0619712034793992
U_23138967,C_735164,0.0,昆明理工大学,2020-11-27 21:51:18,0,A,476,138,0.125,0.0,0.2862385321100917,0.3064220183486238,0.440922190201729,0.1606060606060606,0.0698246322375341
U_29821882,C_756642,2.0,昆明理工大学,2020-05-07 21:30:58,0,A,476,149,0.0833333333333333,0.0,0.2293577981651376,0.2660550458715596,0.1873198847262247,0.0833333333333333,0.0786185305343342
U_32119636,C_1760297,1.0,辽宁对外经贸学院,2020-09-07 15:37:52,4,E,781,29,0.0416666666666666,0.0,0.0165137614678899,0.0165137614678899,0.0086455331412103,0.0037878787878787,0.0611360603485418
U_6076038,C_1829948,0.0,北方民族大学,2020-06-12 14:17:08,0,A,190,61,0.2916666666666666,0.0,0.0055045871559633,0.0055045871559633,0.0028818443804034,0.0007575757575757,0.0662817664516381
U_967185,C_735164,0.0,昆明理工大学,2020-11-02 18:58:14,0,A,476,138,0.0277777777777777,0.0,0.1761467889908257,0.2495412844036697,0.1585014409221901,0.0454545454545454,0.0697716619884316
U_18185766,C_948113,2.0,西安思源学院,2020-02-20 21:09:00,0,A,721,166,0.0694444444444444,0.0,0.2036697247706422,0.273394495412844,0.2132564841498559,0.0553030303030303,0.0690074413461116
U_31211421,C_1844112,2.0,辽宁对外经贸学院,2020-08-16 20:40:42,4,E,781,63,0.0555555555555555,0.0,0.091743119266055,0.1174311926605504,0.1239193083573487,0.1265151515151515,0.0157364311266684
U_16737820,C_735164,1.0,昆明理工大学,2020-12-02 17:59:15,0,A,476,138,0.125,0.0,0.2862385321100917,0.2899082568807339,0.4495677233429394,0.1636363636363636,0.0691860624142333
U_31066576,C_682392,0.0,昆明理工大学,2020-08-06 09:43:53,0,A,476,108,0.0972222222222222,0.0,0.1339449541284403,0.2587155963302752,0.1786743515850144,0.0431818181818181,0.0453140014546896
U_30365544,C_1829948,0.0,华南理工大学,2020-06-05 10:46:03,3,D,211,61,0.1805555555555555,0.0,0.0073394495412844,0.0073394495412844,0.0028818443804034,0.0007575757575757,0.0544568269056609
U_29207536,C_1738818,2.0,广州中医药大学,2020-09-22 08:18:54,1,B,423,15,0.2083333333333333,0.0,0.0220183486238532,0.0220183486238532,0.0230547550432276,0.0121212121212121,0.1658300957802823
U_33215683,C_2027893,0.0,辽宁对外经贸学院,2020-11-27 17:04:05,4,E,781,84,0.0277777777777777,0.0,0.0055045871559633,0.0055045871559633,0.0057636887608069,0.0015151515151515,0.0612670299827756
U_18495059,C_948136,1.0,辽宁对外经贸学院,2020-05-29 19:31:52,4,E,781,168,0.0277777777777777,0.0,0.0073394495412844,0.0073394495412844,0.0115273775216138,0.003030303030303,0.0613742580898781
U_5732147,C_1824911,2.0,重庆三峡医药高等专科学校,2020-06-30 08:10:30,4,E,822,57,0.3194444444444444,0.0,0.0862385321100917,0.0862385321100917,0.132564841498559,0.0348484848484848,0.0655465467235613
U_27419036,C_735283,2.0,辽宁对外经贸学院,2020-04-20 15:51:27,4,E,781,143,0.0416666666666666,0.0,0.0715596330275229,0.0715596330275229,0.0518731988472622,0.0318181818181818,0.0631728545782194
U_8934381,C_735197,1.0,华南理工大学,2020-09-07 20:58:55,3,D,211,141,0.1527777777777777,0.0,0.2403669724770642,0.2807339449541284,0.1152737752161383,0.1462121212121212,0.0934045347382564
U_11534182,C_735197,0.0,辽宁石油化工大学,2020-11-15 12:47:23,2,C,790,141,0.3888888888888888,0.0,0.3376146788990826,0.3376146788990826,0.4582132564841498,0.131060606060606,0.0727658924801687
U_30974709,C_1771634,0.0,辽宁对外经贸学院,2020-08-06 11:29:49,4,E,781,41,0.0277777777777777,0.0,0.0073394495412844,0.0073394495412844,0.0028818443804034,0.0015151515151515,0.061773981415052
U_30970882,C_707358,0.0,辽宁对外经贸学院,2020-07-16 08:46:56,4,E,781,134,0.0416666666666666,0.0,0.0018348623853211,0.0018348623853211,0.0028818443804034,0.0007575757575757,0.0610627656882279
U_33220417,C_697076,2.0,辽宁对外经贸学院,2020-12-06 19:08:11,4,E,781,121,0.0555555555555555,0.0,0.2110091743119266,0.2110091743119266,0.1815561959654178,0.0522727272727272,0.0669521501193886
U_27874823,C_735283,2.0,辽宁对外经贸学院,2020-04-20 15:52:03,4,E,781,143,0.0416666666666666,0.0,0.073394495412844,0.073394495412844,0.0432276657060518,0.031060606060606,0.0628759319664776
U_5095024,C_674920,0.0,辽宁对外经贸学院,2020-06-29 18:28:32,4,E,781,87,0.6805555555555555,0.0,0.2201834862385321,0.2201834862385321,0.3342939481268011,0.0901515151515151,0.0713191747417787
U_16341520,C_682486,1.0,辽宁对外经贸学院,2020-07-17 15:53:25,4,E,781,111,0.0416666666666666,0.0,0.0678899082568807,0.0678899082568807,0.0547550432276657,0.0325757575757575,0.0620981716213673
U_12728981,C_813262,1.0,陕西工业职业技术学院,2019-10-10 20:22:01,0,A,876,157,0.125,0.0,0.1504587155963302,0.2623853211009174,0.2132564841498559,0.0704545454545454,0.0629818675123407
U_30500007,C_735195,0.0,昆明理工大学,2020-06-22 22:40:13,0,A,476,140,0.0694444444444444,0.0,0.0238532110091743,0.0238532110091743,0.0345821325648414,0.009090909090909,0.0729158147269039
U_11969645,C_948488,1.0,广州中医药大学,2020-03-06 14:55:13,1,B,423,172,0.0138888888888888,0.0,0.0256880733944954,0.0256880733944954,0.0403458213256484,0.0356060606060606,0.1071970446786499
U_15381034,C_1808023,0.0,辽宁对外经贸学院,2020-07-08 23:43:23,4,E,781,54,0.0416666666666666,0.0,0.0825688073394495,0.0825688073394495,0.0720461095100864,0.0189393939393939,0.0635647977742478
U_29839625,C_756642,2.0,辽宁对外经贸学院,2020-05-08 10:48:01,4,E,781,149,0.0138888888888888,0.0,0.0091743119266055,0.0091743119266055,0.0115273775216138,0.0045454545454545,0.0610617653151615
U_12101874,C_1714448,0.0,中国医科大学,2020-05-13 08:36:16,2,C,69,8,0.1388888888888889,0.0,0.1449541284403669,0.1449541284403669,0.1239193083573487,0.0325757575757575,0.0770362572930989
U_31100404,C_682392,1.0,昆明理工大学,2020-07-31 10:05:35,0,A,476,108,0.0972222222222222,0.0,0.4495412844036697,0.4495412844036697,0.6887608069164265,0.2409090909090909,0.0640737301432894
U_32853873,C_735164,0.0,昆明理工大学,2020-12-07 19:39:56,0,A,476,138,0.125,0.0,0.2862385321100917,0.2954128440366972,0.4495677233429394,0.1636363636363636,0.06936371282334
U_15377077,C_677087,1.0,辽宁对外经贸学院,2020-07-22 21:29:56,4,E,781,92,0.0416666666666666,0.0,0.073394495412844,0.073394495412844,0.0893371757925072,0.0234848484848484,0.0630082090189765
U_30908852,C_801420,1.0,辽宁对外经贸学院,2020-08-16 10:06:56,4,E,781,155,0.0277777777777777,0.0,0.0036697247706422,0.0036697247706422,0.0,0.0,0.0613551222407258
U_30313543,C_948436,0.0,辽宁对外经贸学院,2020-06-01 20:31:29,4,E,781,171,0.0277777777777777,0.0,0.0036697247706422,0.0036697247706422,0.0057636887608069,0.0,0.0612584871929755
U_6159255,C_735197,0.0,华南理工大学,2020-10-21 20:59:17,3,D,211,141,0.1388888888888889,0.0,0.1321100917431192,0.2330275229357798,0.0432276657060518,0.1462121212121212,0.0813722604457454
U_459262,C_735164,0.0,攀枝花学院,2020-11-30 09:15:06,0,A,457,138,0.1111111111111111,0.0,0.091743119266055,0.0972477064220183,0.1440922190201729,0.0681818181818181,0.0692108736472179
U_14527660,C_707035,0.0,华中农业大学,2020-08-18 15:47:05,4,E,198,130,0.0416666666666666,0.0,0.0165137614678899,0.0165137614678899,0.0259365994236311,0.0083333333333333,0.0614441554436395
U_30142114,C_735115,1.0,中国医科大学,2020-05-23 16:33:40,2,C,69,136,0.2083333333333333,0.0,0.5211009174311927,0.5211009174311927,0.2564841498559078,0.0795454545454545,0.0763121060491979
U_30418076,C_948436,0.0,辽宁对外经贸学院,2020-06-09 13:10:57,4,E,781,171,0.0416666666666666,0.0,0.0513761467889908,0.0513761467889908,0.0662824207492795,0.0113636363636363,0.0625266482436886
U_4760483,C_735195,2.0,杭州师范大学钱江学院大学钱江学院,2020-09-08 15:04:32,4,E,495,140,0.0416666666666666,0.0,0.0642201834862385,0.0642201834862385,0.0605187319884726,0.0333333333333333,0.0634874818123005
U_30349582,C_1829948,2.0,广州中医药大学,2020-06-04 11:34:42,1,B,423,61,0.1111111111111111,0.0,0.0605504587155963,0.0605504587155963,0.0518731988472622,0.0136363636363636,0.0737930973350999
U_6146109,C_1628052,1.0,学堂在线,2020-06-18 16:54:59,4,E,332,5,0.0416666666666666,0.0,0.0605504587155963,0.0605504587155963,0.0605187319884726,0.0318181818181818,0.0614963085563264
U_370398,C_1771170,2.0,清华大学,2020-07-05 18:54:41,1,B,612,40,0.2222222222222222,0.0,0.0091743119266055,0.0091743119266055,0.0115273775216138,0.003030303030303,0.1170598812156829
U_22872996,C_1992929,1.0,辽宁对外经贸学院,2020-11-04 09:07:12,4,E,781,81,0.0416666666666666,0.0,0.0330275229357798,0.0330275229357798,0.0461095100864553,0.0121212121212121,0.0622060385805765
U_4516934,C_735197,2.0,华南理工大学,2020-10-20 10:41:13,3,D,211,141,0.4583333333333333,0.0,0.3064220183486238,0.3064220183486238,0.4178674351585014,0.1143939393939394,0.0870963208468211
U_14442315,C_1776290,2.0,河北农业大学,2020-04-27 21:04:32,2,C,545,48,0.1527777777777777,0.0,0.1834862385321101,0.1834862385321101,0.1613832853025936,0.0659090909090909,0.0821617974599251
U_1634826,C_735164,0.0,昆明理工大学,2020-11-03 22:01:56,0,A,476,138,0.0972222222222222,0.0,0.0990825688073394,0.1027522935779816,0.1556195965417867,0.0742424242424242,0.0655566247393544
U_33145952,C_735164,1.0,中国医科大学,2020-09-19 16:43:50,2,C,69,138,0.1388888888888889,0.0,0.0990825688073394,0.1871559633027523,0.0172910662824207,0.006060606060606,0.0771132860192153
U_5740655,C_735197,0.0,华南理工大学,2020-10-15 10:02:56,3,D,211,141,0.1944444444444444,0.0,0.1394495412844036,0.218348623853211,0.0778097982708933,0.1446969696969696,0.0657444670681183
U_30969231,C_676646,0.0,中国医科大学,2020-07-21 10:47:59,2,C,69,90,0.1388888888888889,0.0,0.0422018348623853,0.0422018348623853,0.0489913544668587,0.0128787878787878,0.0762600767450588
U_33410119,C_2027893,0.0,辽宁对外经贸学院,2020-09-23 15:43:51,4,E,781,84,0.0277777777777777,0.0,0.0091743119266055,0.0091743119266055,0.0115273775216138,0.003030303030303,0.0613498430442465
U_14749941,C_1918363,2.0,新乡医学院三全学院,2020-11-03 18:32:34,0,A,461,76,0.1111111111111111,0.0,0.1889908256880734,0.273394495412844,0.2103746397694524,0.0765151515151515,0.0715343292361934
U_33321213,C_2059281,2.0,辽宁对外经贸学院,2020-09-22 01:05:58,4,E,781,85,0.0416666666666666,0.0,0.018348623853211,0.018348623853211,0.0144092219020172,0.006060606060606,0.0621392067264592
U_30112090,C_1750793,2.0,中国医科大学,2020-05-22 08:05:55,2,C,69,17,0.0833333333333333,0.0,0.036697247706422,0.036697247706422,0.0432276657060518,0.0227272727272727,0.076514523120212
U_32758491,C_735164,2.0,昆明理工大学,2020-09-15 15:57:00,2,C,476,138,0.1388888888888889,0.0,0.055045871559633,0.073394495412844,0.0691642651296829,0.031060606060606,0.0664151924474608
U_21246752,C_735115,1.0,辽宁对外经贸学院,2020-05-01 12:43:46,4,E,781,136,0.0555555555555555,0.0,0.055045871559633,0.055045871559633,0.0547550432276657,0.0166666666666666,0.0617835493396281
U_5094707,C_674920,0.0,辽宁对外经贸学院,2020-06-30 19:48:42,4,E,781,87,0.3888888888888888,0.0,0.091743119266055,0.091743119266055,0.1412103746397694,0.0378787878787878,0.068477199049818
U_14380548,C_1750793,2.0,北京体育大学,2020-06-07 09:53:13,0,A,159,17,0.0138888888888888,0.0,0.0073394495412844,0.0073394495412844,0.0086455331412103,0.0045454545454545,0.0656913977721775
U_2382779,C_735306,2.0,西安市卫生学校,2020-10-14 18:43:04,4,E,718,144,0.1666666666666666,0.0,0.055045871559633,0.0678899082568807,0.0605187319884726,0.1098484848484848,0.0620901587321519
U_32905041,C_735164,1.0,昆明理工大学,2020-11-23 14:06:26,0,A,476,138,0.1111111111111111,0.0,0.1908256880733945,0.2678899082568807,0.1642651296829971,0.0666666666666666,0.0752032816471968
U_20986070,C_697107,0.0,辽宁对外经贸学院,2020-06-12 18:11:51,4,E,781,122,0.0138888888888888,0.0,0.0110091743119266,0.0110091743119266,0.0172910662824207,0.0045454545454545,0.0600594855970789
U_5235986,C_674920,0.0,辽宁对外经贸学院,2020-06-04 12:38:43,4,E,781,87,0.0416666666666666,0.0,0.018348623853211,0.018348623853211,0.0288184438040345,0.0075757575757575,0.0599852153254081
U_27240941,C_1824926,1.0,辽宁对外经贸学院,2020-07-20 13:17:25,4,E,781,58,0.0416666666666666,0.0,0.0293577981651376,0.0293577981651376,0.0288184438040345,0.0143939393939393,0.0621620073086271
U_2104779,C_1828106,2.0,Hust,2020-08-27 22:07:28,4,E,20,59,0.0555555555555555,0.0,0.0091743119266055,0.0091743119266055,0.0144092219020172,0.0757575757575757,0.0772305458322114
U_11763158,C_801420,0.0,邵阳学院,2020-08-24 08:49:21,4,E,804,155,0.0277777777777777,0.0,0.0146788990825688,0.0146788990825688,0.0086455331412103,0.0022727272727272,0.0222564142016386
U_13071541,C_801420,1.0,辽宁对外经贸学院,2020-08-17 13:50:55,4,E,781,155,0.0277777777777777,0.0,0.0073394495412844,0.0073394495412844,0.0,0.0,0.061505960670715
U_15758389,C_697076,0.0,玉环市玉城中学,2020-11-19 09:29:49,4,E,661,121,0.0416666666666666,0.0,0.036697247706422,0.036697247706422,0.0489913544668587,0.0143939393939393,0.0622379762335741
U_10188922,C_735197,0.0,中国医科大学,2020-09-18 18:31:28,2,C,69,141,0.1944444444444444,0.0,0.3376146788990826,0.3376146788990826,0.2564841498559078,0.0689393939393939,0.0804145220908292
U_31030685,C_1808023,2.0,辽宁对外经贸学院,2020-07-21 04:22:46,4,E,781,54,0.0416666666666666,0.0,0.1082568807339449,0.1082568807339449,0.1037463976945244,0.0272727272727272,0.0644250542309465
U_29662434,C_1774975,0.0,广州中医药大学,2020-04-26 15:07:49,1,B,423,44,0.25,0.0,0.0110091743119266,0.0660550458715596,0.0172910662824207,0.0204545454545454,0.1189337483487615
U_33293435,C_1912004,0.0,辽宁对外经贸学院,2020-09-21 17:42:24,4,E,781,74,0.0416666666666666,0.0,0.0660550458715596,0.0660550458715596,0.0518731988472622,0.0348484848484848,0.0634258944882692
U_33344835,C_697076,1.0,辽宁对外经贸学院,2020-10-15 10:46:41,4,E,781,121,0.0416666666666666,0.0,0.1009174311926605,0.1009174311926605,0.063400576368876,0.028030303030303,0.064353166035736
U_30595573,C_1829948,0.0,辽宁对外经贸学院,2020-06-18 10:41:22,4,E,781,61,0.2916666666666666,0.0,0.2165137614678899,0.2165137614678899,0.1671469740634005,0.0439393939393939,0.0699621290584094
U_33543412,C_697076,2.0,辽宁对外经贸学院,2020-10-14 10:15:10,4,E,781,121,0.0416666666666666,0.0,0.0275229357798165,0.0275229357798165,0.0230547550432276,0.0068181818181818,0.0650720578925253
U_32719322,C_735164,1.0,昆明理工大学,2020-11-30 21:55:54,4,E,476,138,0.0416666666666666,0.0,0.055045871559633,0.0623853211009174,0.0864553314121037,0.0401515151515151,0.062294224933023
U_33643809,C_1912004,0.0,新疆大学,2020-10-11 21:19:18,4,E,465,74,0.0277777777777777,0.0,0.0055045871559633,0.0055045871559633,0.0028818443804034,0.0007575757575757,0.0606204522226014
U_12991663,C_1912004,0.0,辽宁对外经贸学院,2020-08-16 23:39:18,4,E,781,74,0.0277777777777777,0.0,0.0055045871559633,0.0055045871559633,0.0057636887608069,0.0015151515151515,0.0618303786847583
U_30261050,C_747056,0.0,辽宁对外经贸学院,2020-05-28 19:21:05,4,E,781,147,0.0555555555555555,0.0,0.3779816513761468,0.3779816513761468,0.1181556195965417,0.031060606060606,0.0754036187346074
U_33749000,C_697076,0.0,辽宁对外经贸学院,2020-11-29 09:47:09,4,E,781,121,0.0555555555555555,0.0,0.1651376146788991,0.1651376146788991,0.170028818443804,0.0515151515151515,0.0651919392332157
U_33217674,C_697076,2.0,辽宁对外经贸学院,2020-09-30 18:09:56,0,A,781,121,0.1111111111111111,0.0,0.1963302752293578,0.2825688073394495,0.2305475504322766,0.0666666666666666,0.0664408356738869
U_30052545,C_1732845,2.0,中国医科大学,2020-05-19 12:50:47,2,C,69,13,0.125,0.0,0.1908256880733945,0.1908256880733945,0.239193083573487,0.0628787878787878,0.0720081940721483
U_3366417,C_735164,0.0,楚雄师范学院,2020-09-17 10:14:47,4,E,501,138,0.0555555555555555,0.0,0.0862385321100917,0.1045871559633027,0.1181556195965417,0.0553030303030303,0.0600513241376061
U_31060180,C_735115,1.0,中国医科大学,2020-07-25 13:53:41,2,C,69,136,0.2222222222222222,0.0,0.5211009174311927,0.5211009174311927,0.6138328530259366,0.2068181818181818,0.0719370833946181
U_27711706,C_747056,2.0,合肥学院,2020-07-10 15:33:23,4,E,247,147,0.0416666666666666,0.0,0.0238532110091743,0.0238532110091743,0.031700288184438,0.0098484848484848,0.061639545141479
U_14142782,C_948120,0.0,中国农业大学,2020-10-07 15:50:29,0,A,67,167,0.1666666666666666,0.0,0.1394495412844036,0.1394495412844036,0.1873198847262247,0.0568181818181818,0.0730930838056833
U_31278271,C_801420,2.0,辽宁对外经贸学院,2020-08-21 20:44:02,4,E,781,155,0.0277777777777777,0.0,0.0055045871559633,0.0055045871559633,0.0,0.0,0.0614305414557204
U_15091897,C_1714448,0.0,中国医科大学,2020-05-15 20:59:11,2,C,69,8,0.1388888888888889,0.0,0.1449541284403669,0.1449541284403669,0.1383285302593659,0.0363636363636363,0.076866198824145
U_31778919,C_1912004,2.0,安顺学院,2020-11-08 18:37:27,4,E,353,74,0.0416666666666666,0.0,0.0110091743119266,0.0110091743119266,0.0115273775216138,0.003030303030303,0.0599557538433671
U_30891215,C_697766,2.0,昆明理工大学,2020-07-07 12:16:51,0,A,476,128,0.0972222222222222,0.0,0.1045871559633027,0.1045871559633027,0.1498559077809798,0.0416666666666666,0.068464149628877
U_30318099,C_676635,2.0,广州中医药大学,2020-06-02 10:18:59,1,B,423,89,0.2222222222222222,0.0,0.036697247706422,0.036697247706422,0.0547550432276657,0.0143939393939393,0.1138338860747547
U_34680296,C_1472684,1.0,辽宁对外经贸学院,2020-10-10 19:18:55,4,E,781,3,0.0416666666666666,0.0,0.0715596330275229,0.0715596330275229,0.0547550432276657,0.031060606060606,0.0628320641218114
U_33008658,C_735164,1.0,昆明理工大学,2020-09-17 10:26:33,0,A,476,138,0.1111111111111111,0.0,0.1981651376146789,0.2660550458715596,0.2305475504322766,0.0636363636363636,0.0665880489895957
U_14348126,C_682392,1.0,陕西工业职业技术学院,2020-09-08 13:00:19,4,E,876,108,0.0138888888888888,0.0,0.0018348623853211,0.0018348623853211,0.0028818443804034,0.0007575757575757,0.0599150604498672
U_23232927,C_735385,2.0,辽宁对外经贸学院,2020-11-13 22:55:26,4,E,781,146,0.0416666666666666,0.0,0.0715596330275229,0.0715596330275229,0.0605187319884726,0.0318181818181818,0.0612635385817269
U_29903133,C_948113,1.0,辽宁对外经贸学院,2020-06-17 19:20:06,4,E,781,166,0.0416666666666666,0.0,0.0110091743119266,0.0110091743119266,0.0115273775216138,0.003030303030303,0.0613152707453511
U_11706139,C_948120,0.0,中国农业大学,2020-09-23 09:38:43,4,E,67,167,0.0138888888888888,0.0,0.0091743119266055,0.0091743119266055,0.0144092219020172,0.0037878787878787,0.0644050121032242
U_19916161,C_948395,2.0,西安美术学院,2020-02-22 00:23:49,0,A,727,170,0.1111111111111111,0.0,0.1908256880733945,0.2807339449541284,0.2046109510086455,0.0643939393939393,0.0690758381402735
U_30737719,C_948436,0.0,辽宁对外经贸学院,2020-06-30 00:33:18,4,E,781,171,0.0416666666666666,0.0,0.0458715596330275,0.0458715596330275,0.0489913544668587,0.0022727272727272,0.0625259351064531
U_13068111,C_735385,0.0,长春工业大学,2020-04-26 09:18:13,4,E,855,146,0.0416666666666666,0.0,0.0697247706422018,0.0697247706422018,0.0547550432276657,0.0371212121212121,0.064732936375342
U_20269386,C_948120,0.0,广州中医药大学,2020-10-18 22:44:36,1,B,423,167,0.1944444444444444,0.0,0.0935779816513761,0.0935779816513761,0.1239193083573487,0.0401515151515151,0.1121896689408705
U_30366913,C_1829948,2.0,昆明理工大学,2020-06-05 12:06:51,0,A,476,61,0.0416666666666666,0.0,0.0055045871559633,0.2018348623853211,0.0086455331412103,0.0734848484848484,0.048135192167641
U_31014455,C_697076,1.0,辽宁对外经贸学院,2020-07-19 10:30:51,4,E,781,121,0.0694444444444444,0.0,0.2422018348623853,0.2422018348623853,0.2968299711815562,0.0886363636363636,0.0668451745817238
U_966385,C_735164,0.0,昆明理工大学,2020-11-04 14:36:38,0,A,476,138,0.0138888888888888,0.0,0.2862385321100917,0.291743119266055,0.4495677233429394,0.1636363636363636,0.0686325391586062
U_5581735,C_1824911,1.0,重庆三峡医药高等专科学校,2020-06-10 18:17:07,0,A,822,57,0.3055555555555555,0.0,0.0862385321100917,0.0862385321100917,0.1239193083573487,0.0325757575757575,0.0689832144894728
U_17113053,C_707358,1.0,渤海船舶职业学院,2020-05-16 14:16:48,4,E,615,134,0.0416666666666666,0.0,0.018348623853211,0.0256880733944954,0.0259365994236311,0.0068181818181818,0.0617388643585462
U_2104152,C_1828106,0.0,HUSt,2020-08-28 16:41:13,4,E,13,59,0.0416666666666666,0.0,0.0770642201834862,0.0770642201834862,0.063400576368876,0.0325757575757575,0.0845712966880793
U_16147159,C_674920,1.0,辽宁对外经贸学院,2020-05-15 12:27:21,4,E,781,87,0.0416666666666666,0.0,0.0770642201834862,0.0770642201834862,0.0720461095100864,0.034090909090909,0.0620098069846118
U_33748931,C_697076,0.0,辽宁对外经贸学院,2020-11-19 22:05:10,4,E,781,121,0.0416666666666666,0.0,0.0825688073394495,0.0825688073394495,0.1152737752161383,0.0348484848484848,0.0631148676067589
U_31096555,C_735130,1.0,辽宁对外经贸学院,2020-09-01 00:54:47,4,E,781,137,0.0416666666666666,0.0,0.0018348623853211,0.0018348623853211,0.0028818443804034,0.0007575757575757,0.0610641771056732
U_10272672,C_1918363,0.0,新乡医学院三全学院,2020-11-15 19:01:57,4,E,461,76,0.0416666666666666,0.0,0.0165137614678899,0.0165137614678899,0.0172910662824207,0.0106060606060606,0.061821850751984
U_30349298,C_756642,2.0,辽宁对外经贸学院,2020-06-04 11:19:44,4,E,781,149,0.0416666666666666,0.0,0.0660550458715596,0.0660550458715596,0.0547550432276657,0.031060606060606,0.0616115297432766
U_33329362,C_697076,0.0,辽宁对外经贸学院,2020-11-21 21:25:39,4,E,781,121,0.0555555555555555,0.0,0.1743119266055046,0.1743119266055046,0.0922190201729106,0.0242424242424242,0.066519587814989
U_15149054,C_681411,1.0,辽宁对外经贸学院,2020-06-15 12:46:43,4,E,781,103,0.0416666666666666,0.0,0.0275229357798165,0.0275229357798165,0.0201729106628242,0.0053030303030303,0.062106620316671
U_30571808,C_696917,1.0,昆明理工大学,2020-06-16 22:43:48,0,A,476,119,0.0972222222222222,0.0,0.0825688073394495,0.0825688073394495,0.1296829971181556,0.034090909090909,0.0684146163050622
U_33555,C_676646,0.0,东北大学,2020-08-14 16:24:21,4,E,45,90,0.0416666666666666,0.0,0.0091743119266055,0.0091743119266055,0.0057636887608069,0.0015151515151515,0.061388847689154
U_24175798,C_948120,0.0,中国农业大学,2020-10-12 12:47:22,4,E,67,167,0.0555555555555555,0.0,0.1211009174311926,0.1211009174311926,0.1873198847262247,0.0598484848484848,0.1233392314497826
U_30678650,C_735283,0.0,辽宁对外经贸学院,2020-06-24 18:44:08,4,E,781,143,0.0416666666666666,0.0,0.0275229357798165,0.0275229357798165,0.0230547550432276,0.006060606060606,0.0625022431027409
U_8266304,C_1824911,2.0,重庆三峡医药高等专科学校,2020-06-02 10:23:25,4,E,822,57,0.0416666666666666,0.0,0.0440366972477064,0.0440366972477064,0.063400576368876,0.0166666666666666,0.0635252137053364
U_31169048,C_801420,2.0,辽宁对外经贸学院,2020-08-10 20:42:04,4,E,781,155,0.0277777777777777,0.0,0.0055045871559633,0.0055045871559633,0.0,0.0,0.0614305414557204
U_33329487,C_697076,1.0,辽宁对外经贸学院,2020-12-06 14:24:35,4,E,781,121,0.0555555555555555,0.0,0.1963302752293578,0.1963302752293578,0.30835734870317,0.0977272727272727,0.0647949694101455
U_29484852,C_735164,2.0,东北财经大学,2020-09-23 10:22:01,0,A,50,138,0.0138888888888888,0.0,0.1504587155963302,0.1541284403669724,0.2363112391930835,0.1037878787878787,0.1001879357409375
U_31227763,C_1912004,1.0,辽宁对外经贸学院,2020-08-17 17:38:44,4,E,781,74,0.0277777777777777,0.0,0.0055045871559633,0.0055045871559633,0.0028818443804034,0.0007575757575757,0.0258049005654498
U_12649462,C_735197,0.0,辽宁石油化工大学,2020-09-09 18:00:50,3,D,790,141,0.1666666666666666,0.0,0.163302752293578,0.163302752293578,0.1815561959654178,0.0659090909090909,0.0863683364902793
U_6913954,C_756642,2.0,玉林市第一人民医院,2020-05-11 20:24:57,4,E,658,149,0.0138888888888888,0.0,0.0623853211009174,0.0623853211009174,0.0461095100864553,0.028030303030303,0.0610249595100633
U_8289503,C_735164,0.0,河南科技大学,2020-10-05 16:23:29,2,C,577,138,0.2222222222222222,0.0,0.0752293577981651,0.1009174311926605,0.1181556195965417,0.0348484848484848,0.1005981877450186
U_11991047,C_948488,1.0,合肥工业大学,2020-03-02 16:43:13,0,A,248,172,0.1111111111111111,0.0,0.1889908256880734,0.2715596330275229,0.2190201729106628,0.0606060606060606,0.0678670358597308
U_28295683,C_1750795,1.0,蓝翔技校,2020-06-13 09:35:29,4,E,699,18,0.0416666666666666,0.0,0.0055045871559633,0.0055045871559633,0.0057636887608069,0.003030303030303,0.0612997154394021
U_26328891,C_682392,1.0,陕西工业职业技术学院,2020-09-02 09:02:38,4,E,876,108,0.0416666666666666,0.0,0.0678899082568807,0.0678899082568807,0.0691642651296829,0.0333333333333333,0.0614536688924546
U_5442587,C_2141845,0.0,宝鸡文理学院,2020-09-11 16:33:14,4,E,356,86,0.0416666666666666,0.0,0.018348623853211,0.018348623853211,0.0288184438040345,0.0075757575757575,0.0614139164439181
U_10592894,C_1750793,2.0,北京体育大学,2020-06-17 11:40:29,0,A,159,17,0.0555555555555555,0.0,0.036697247706422,0.036697247706422,0.0461095100864553,0.0242424242424242,0.0698055904828782
U_32229994,C_1992950,1.0,辽宁对外经贸学院,2020-09-08 17:19:16,4,E,781,83,0.0138888888888888,0.0,0.0165137614678899,0.0165137614678899,0.0259365994236311,0.1439393939393939,0.0596800024933038
U_12201810,C_677087,1.0,昆明理工大学,2020-11-05 11:07:36,0,A,476,92,0.125,0.0,0.3614678899082569,0.3614678899082569,0.5677233429394812,0.1492424242424242,0.0683483044468458
U_6329212,C_1829948,2.0,北方民族大学,2020-06-05 14:41:24,3,D,190,61,0.1111111111111111,0.0,0.181651376146789,0.3357798165137615,0.0749279538904899,0.1295454545454545,0.0730040109840343
U_1812481,C_697076,1.0,昆明理工大学,2020-09-23 19:52:48,2,C,476,121,0.0138888888888888,0.0,0.4055045871559633,0.4055045871559633,0.4899135446685879,0.1583333333333333,0.0795188290956648
U_28734551,C_1774985,0.0,辽宁对外经贸学院,2020-06-08 12:17:14,4,E,781,46,0.0277777777777777,0.0,0.0018348623853211,0.0018348623853211,0.0,0.0,0.0611571226586982
U_33988496,C_735164,1.0,昆明理工大学,2020-11-17 09:54:53,0,A,476,138,0.1111111111111111,0.0,0.2091743119266055,0.2825688073394495,0.2161383285302593,0.0492424242424242,0.0683353293110334
U_25056202,C_948395,0.0,西安美术学院,2020-05-26 08:40:39,1,B,727,170,0.1805555555555555,0.0,0.110091743119266,0.110091743119266,0.1354466858789625,0.0757575757575757,0.1125431076785245
U_5795948,C_1824911,2.0,重庆三峡医药高等职业专科学校。,2020-06-17 09:32:59,4,E,824,57,0.0277777777777777,0.0,0.0862385321100917,0.0862385321100917,0.0489913544668587,0.031060606060606,0.0628020479774761
U_25309647,C_948395,2.0,西安美术学院,2020-05-27 00:50:42,0,A,727,170,0.1805555555555555,0.0,0.110091743119266,0.110091743119266,0.1729106628242074,0.1,0.0687038083110776
U_5643139,C_1824911,2.0,重庆三峡医药高等专科学校,2020-06-03 19:59:29,4,E,822,57,0.0138888888888888,0.0,0.0697247706422018,0.0697247706422018,0.0432276657060518,0.0242424242424242,0.0613867280868152
U_4958552,C_1017355,2.0,广州中医药大学,2020-05-05 13:40:18,4,E,423,0,0.125,0.0,0.0385321100917431,0.0385321100917431,0.0374639769452449,0.0106060606060606,0.0625365331181472
U_260846,C_735164,0.0,北京工商大学,2020-11-26 23:04:38,0,A,166,138,0.0972222222222222,0.0,0.1357798165137614,0.2532110091743119,0.1902017291066282,0.0446969696969697,0.0499786667783989
U_5643108,C_1824911,0.0,重庆三峡医药高等专科学校,2020-06-03 20:00:24,4,E,822,57,0.0138888888888888,0.0,0.0623853211009174,0.0623853211009174,0.0720461095100864,0.0189393939393939,0.0634618385858745
U_30445683,C_747056,0.0,华南理工大学,2020-06-11 08:25:30,3,D,211,147,0.1666666666666666,0.0,0.1486238532110091,0.1486238532110091,0.0662824207492795,0.0174242424242424,0.0805083590653986
U_14102257,C_697062,0.0,大连理工大学,2020-04-29 13:29:02,0,A,309,120,0.125,0.0,0.1834862385321101,0.2715596330275229,0.2247838616714697,0.0636363636363636,0.0669592022542729
U_4097539,C_786631,1.0,西昌学院,2020-03-19 09:22:47,0,A,736,154,0.0555555555555555,0.0,0.1889908256880734,0.2715596330275229,0.2161383285302593,0.0598484848484848,0.0670756961930947
U_34268862,C_697076,1.0,辽宁对外经贸学院,2020-11-26 22:20:58,4,E,781,121,0.0555555555555555,0.0,0.1963302752293578,0.1963302752293578,0.1066282420749279,0.0287878787878787,0.0661870331031824
U_33220370,C_697076,2.0,辽宁对外经贸学院,2020-11-19 09:09:30,4,E,781,121,0.0416666666666666,0.0,0.091743119266055,0.091743119266055,0.0489913544668587,0.0393939393939393,0.0638655188322369
U_16060123,C_1682756,2.0,宁波诺丁汉大学,2020-04-17 19:29:05,4,E,338,6,0.0138888888888888,0.0,0.0440366972477064,0.0440366972477064,0.063400576368876,0.034090909090909,0.0603903961313703
U_18186018,C_1732845,2.0,辽宁对外经贸学院,2020-05-25 23:16:31,4,E,781,13,0.0416666666666666,0.0,0.0330275229357798,0.0330275229357798,0.0432276657060518,0.0113636363636363,0.0617287912950949
U_31512436,C_735164,1.0,昆明理工大学,2020-11-27 20:01:00,0,A,476,138,0.125,0.0,0.2862385321100917,0.2935779816513761,0.4438040345821325,0.1606060606060606,0.0693796791736678
U_24633987,C_1750793,0.0,昆明理工大学,2020-06-06 19:50:16,0,A,476,17,0.1111111111111111,0.0,0.036697247706422,0.036697247706422,0.0518731988472622,0.0272727272727272,0.0703155727484054
U_822135,C_735164,0.0,云南民族大学,2020-11-28 16:03:06,0,A,114,138,0.1111111111111111,0.0,0.1706422018348624,0.2623853211009174,0.170028818443804,0.0454545454545454,0.0684574590149524
U_12089923,C_948488,1.0,合肥工业大学,2020-03-02 16:40:36,0,A,248,172,0.1111111111111111,0.0,0.1926605504587156,0.2752293577981651,0.2161383285302593,0.0613636363636363,0.0702996163027614
U_6758168,C_1824911,2.0,三峡医专,2020-06-02 09:49:24,0,A,35,57,0.0277777777777777,0.0,0.0623853211009174,0.0623853211009174,0.0979827089337175,0.0257575757575757,0.0748737874826926
U_30132730,C_1771156,0.0,辽宁对外经贸学院,2020-06-27 10:11:13,4,E,781,36,0.0416666666666666,0.0,0.0091743119266055,0.0091743119266055,0.0144092219020172,0.0037878787878787,0.0611472130225301
U_30946257,C_680814,2.0,辽宁对外经贸学院,2020-07-13 21:58:33,4,E,781,96,0.0416666666666666,0.0,0.0091743119266055,0.0091743119266055,0.0086455331412103,0.0022727272727272,0.0602863820941694
U_15201720,C_735197,0.0,辽宁石油化工大学,2020-09-24 07:54:19,4,E,790,141,0.0416666666666666,0.0,0.0495412844036697,0.0495412844036697,0.0230547550432276,0.006060606060606,0.0621459369591191
U_30388689,C_948113,2.0,辽宁对外经贸学院,2020-06-07 08:55:12,4,E,781,166,0.0416666666666666,0.0,0.0055045871559633,0.0055045871559633,0.0086455331412103,0.0022727272727272,0.0611230208322846
U_29800211,C_766175,1.0,昆明理工大学,2020-05-06 17:29:57,0,A,476,151,0.125,0.0,0.1908256880733945,0.2715596330275229,0.2305475504322766,0.0613636363636363,0.0663429031125553
U_13156075,C_801420,0.0,南京邮电大学通达学院,2020-09-01 09:37:26,4,E,229,155,0.0277777777777777,0.0,0.0018348623853211,0.0018348623853211,0.0028818443804034,0.0007575757575757,0.0611950179790172
U_30117949,C_681031,0.0,辽宁对外经贸学院,2020-05-22 12:51:56,4,E,781,101,0.0416666666666666,0.0,0.0220183486238532,0.0220183486238532,0.0201729106628242,0.0068181818181818,0.0618035914673504
U_33442507,C_697076,2.0,辽宁对外经贸学院,2020-11-24 13:41:30,4,E,781,121,0.0277777777777777,0.0,0.1009174311926605,0.1009174311926605,0.0374639769452449,0.0303030303030303,0.0609314394853764
U_30608310,C_1829948,2.0,辽宁对外经贸学院,2020-06-19 00:42:46,4,E,781,61,0.2916666666666666,0.0,0.073394495412844,0.073394495412844,0.0749279538904899,0.0196969696969696,0.0651676975195511
U_11267514,C_1786221,1.0,北京体育大学,2020-11-26 14:55:47,4,E,159,51,0.0277777777777777,0.0,0.0091743119266055,0.0091743119266055,0.0057636887608069,0.0037878787878787,0.061467322499109
U_4379116,C_735197,0.0,北京服装学院,2020-10-06 08:41:32,4,E,172,141,0.0277777777777777,0.0,0.0091743119266055,0.0091743119266055,0.0057636887608069,0.0015151515151515,0.0152556064161249
U_31138638,C_707035,2.0,辽宁对外经贸学院,2020-08-05 16:50:23,4,E,781,130,0.0416666666666666,0.0,0.018348623853211,0.018348623853211,0.0115273775216138,0.003030303030303,0.0626547405672709
U_30348647,C_1829948,1.0,华南理工大学,2020-06-04 10:41:10,3,D,211,61,0.0416666666666666,0.0,0.3577981651376147,0.3577981651376147,0.4899135446685879,0.1287878787878787,0.0683933162824939
U_22259708,C_1738818,2.0,辽宁对外经贸学院,2020-09-26 15:39:47,4,E,781,15,0.0138888888888888,0.0,0.0110091743119266,0.0110091743119266,0.0172910662824207,0.009090909090909,0.0609946066064779
U_5581840,C_1824911,2.0,重庆三峡医药高等专科学校,2020-06-02 09:50:08,4,E,822,57,0.0416666666666666,0.0,0.0623853211009174,0.0623853211009174,0.0922190201729106,0.0242424242424242,0.0661441359175312
U_30962355,C_697076,2.0,中国医科大学,2020-07-15 09:34:42,2,C,69,121,0.1805555555555555,0.0,0.0458715596330275,0.0458715596330275,0.0461095100864553,0.0159090909090909,0.0794507270217533
U_30334247,C_1944729,0.0,辽宁对外经贸学院,2020-09-15 07:56:41,4,E,781,79,0.0416666666666666,0.0,0.036697247706422,0.036697247706422,0.0518731988472622,0.0136363636363636,0.0621064420323621
U_30406612,C_1829948,2.0,中国医科大学,2020-06-08 17:49:33,2,C,69,61,0.2222222222222222,0.0,0.1137614678899082,0.1871559633027523,0.0778097982708933,0.0575757575757575,0.0761640954064411
U_2104230,C_1828106,0.0,华中科技大学,2020-08-28 20:43:05,4,E,200,59,0.0555555555555555,0.0,0.1064220183486238,0.1064220183486238,0.132564841498559,0.0681818181818181,0.0341539408393276
U_12649399,C_735197,0.0,辽宁石油化工大学,2020-09-09 18:39:51,4,E,790,141,0.0555555555555555,0.0,0.1357798165137614,0.1357798165137614,0.0605187319884726,0.028030303030303,0.0589502006272799
U_30831149,C_674920,2.0,辽宁对外经贸学院,2020-07-03 13:12:25,4,E,781,87,0.0277777777777777,0.0,0.146788990825688,0.146788990825688,0.2247838616714697,0.0613636363636363,0.0662738872756544
U_34435312,C_1918363,0.0,昆明理工大学,2020-11-28 14:55:15,0,A,476,76,0.0972222222222222,0.0,0.0605504587155963,0.0605504587155963,0.0806916426512968,0.0537878787878787,0.0745938860701061
U_30194316,C_854832,0.0,辽宁对外经贸学院,2020-05-28 19:04:52,4,E,781,161,0.0416666666666666,0.0,0.0073394495412844,0.0073394495412844,0.0086455331412103,0.003030303030303,0.0612406141910112
U_12107330,C_948488,1.0,辽宁对外经贸学院,2020-04-14 08:48:53,4,E,781,172,0.0416666666666666,0.0,0.0862385321100917,0.0862385321100917,0.0461095100864553,0.028030303030303,0.0657441253565263
U_32099321,C_1992917,1.0,辽宁对外经贸学院,2020-09-07 09:45:19,4,E,781,80,0.0416666666666666,0.0,0.0862385321100917,0.0862385321100917,0.063400576368876,0.0356060606060606,0.0663719981212948
U_12923107,C_1829948,0.0,北方民族大学,2020-06-11 16:24:39,4,E,190,61,0.0416666666666666,0.0,0.0018348623853211,0.0018348623853211,0.0,0.0,0.0609653976938745
U_11430218,C_676646,2.0,内蒙古医科大学,2020-08-09 10:42:31,0,A,143,90,0.1111111111111111,0.0,0.1926605504587156,0.2825688073394495,0.2132564841498559,0.0696969696969697,0.0737731096831386
U_20463963,C_948395,2.0,西安美术学院,2020-05-12 13:06:43,0,A,727,170,0.1111111111111111,0.0,0.1853211009174312,0.2697247706422018,0.2190201729106628,0.0606060606060606,0.0691978341309607
U_8488566,C_735197,0.0,华南理工大学,2020-09-15 18:45:20,3,D,211,141,0.1527777777777777,0.0,0.1724770642201835,0.2513761467889908,0.0835734870317002,0.1575757575757575,0.0841967444660691
U_34402642,C_697076,2.0,辽宁对外经贸学院,2020-10-07 18:40:33,4,E,781,121,0.0555555555555555,0.0,0.1908256880733945,0.1908256880733945,0.1239193083573487,0.034090909090909,0.0668170848983927
U_33343433,C_697076,2.0,辽宁对外经贸学院,2020-11-16 21:33:15,4,E,781,121,0.0416666666666666,0.0,0.073394495412844,0.073394495412844,0.0230547550432276,0.0227272727272727,0.0644252374675973
U_29899590,C_756642,2.0,辽宁对外经贸学院,2020-05-09 18:33:45,4,E,781,149,0.0416666666666666,0.0,0.0678899082568807,0.0678899082568807,0.0576368876080691,0.0325757575757575,0.0617378441761121
U_32905282,C_735164,2.0,昆明理工大学,2020-09-16 13:49:50,0,A,476,138,0.0972222222222222,0.0,0.1926605504587156,0.2880733944954128,0.2161383285302593,0.0537878787878787,0.0671532696768215
U_15218699,C_948120,0.0,中国农业大学,2020-10-12 14:58:34,4,E,67,167,0.0416666666666666,0.0,0.0660550458715596,0.0660550458715596,0.0864553314121037,0.0234848484848484,0.0626152159264625
U_10272772,C_1918363,2.0,新乡医学院三全学院,2020-11-15 16:21:39,4,E,461,76,0.0416666666666666,0.0,0.0311926605504587,0.0311926605504587,0.0461095100864553,0.0303030303030303,0.0620278236044917
U_29780108,C_948113,1.0,辽宁对外经贸学院,2020-06-18 19:57:00,4,E,781,166,0.0416666666666666,0.0,0.0715596330275229,0.0715596330275229,0.0489913544668587,0.0318181818181818,0.0622758566968673
U_30268600,C_674920,1.0,辽宁对外经贸学院,2020-06-26 09:52:39,4,E,781,87,0.0555555555555555,0.0,0.0807339449541284,0.0807339449541284,0.0662824207492795,0.0333333333333333,0.0621618141672925
U_31215826,C_676635,2.0,中国医科大学,2020-08-17 14:19:14,2,C,69,89,0.0833333333333333,0.0,0.018348623853211,0.018348623853211,0.0259365994236311,0.0068181818181818,0.1001692502981112
U_24161258,C_1738818,2.0,辽宁对外经贸学院,2020-06-15 19:16:59,4,E,781,15,0.0416666666666666,0.0,0.0752293577981651,0.0752293577981651,0.0576368876080691,0.031060606060606,0.0608306989461801
U_4537183,C_735197,0.0,华南理工大学,2020-09-17 16:26:19,4,E,211,141,0.0277777777777777,0.0,0.0091743119266055,0.0091743119266055,0.0115273775216138,0.003030303030303,0.061177709544031
U_6758044,C_1824911,1.0,重庆三峡医药高等专科学校,2020-06-10 18:15:11,4,E,822,57,0.3055555555555555,0.0,0.0623853211009174,0.0623853211009174,0.0979827089337175,0.0257575757575757,0.0614932083902888
U_5245124,C_674920,2.0,西昌民族幼儿师范高等专科学校,2020-06-28 22:08:41,4,E,751,87,0.0972222222222222,0.0,0.0,0.0,0.0,0.0227272727272727,0.0317486083906017
U_13614913,C_735385,1.0,辽宁对外经贸学院,2020-06-27 20:23:44,4,E,781,146,0.0416666666666666,0.0,0.0972477064220183,0.0972477064220183,0.100864553314121,0.0265151515151515,0.0633239208159366
U_5580029,C_1755909,0.0,清华大学,2020-05-27 20:23:36,4,E,612,21,0.0416666666666666,0.0,0.0623853211009174,0.0623853211009174,0.0461095100864553,0.0348484848484848,0.0633245101446242
U_18545887,C_1829948,0.0,北方民族大学,2020-06-18 09:04:49,1,B,190,61,0.5,0.0,0.473394495412844,0.473394495412844,0.2853025936599423,0.075,0.1055196369492641
U_27597569,C_747056,1.0,辽宁对外经贸学院,2020-02-27 19:12:32,4,E,781,147,0.0138888888888888,0.0,0.0660550458715596,0.0660550458715596,0.0432276657060518,0.0287878787878787,0.0619331595888228
U_29790099,C_674920,1.0,辽宁对外经贸学院,2020-05-06 09:59:21,4,E,781,87,0.0138888888888888,0.0,0.055045871559633,0.055045871559633,0.0864553314121037,0.031060606060606,0.0607343758959703
U_33543431,C_697076,0.0,辽宁对外经贸学院,2020-11-15 10:54:24,4,E,781,121,0.0277777777777777,0.0,0.091743119266055,0.091743119266055,0.0403458213256484,0.0303030303030303,0.0608188876107173
U_32575972,C_735164,1.0,昆明理工大学,2020-09-17 16:22:27,0,A,476,138,0.0138888888888888,0.0,0.0256880733944954,0.0348623853211009,0.031700288184438,0.0151515151515151,0.0631555411908912
U_5581737,C_1824911,2.0,重庆三峡医药高等专科学校,2020-06-02 09:50:25,0,A,822,57,0.0277777777777777,0.0,0.2220183486238532,0.2807339449541284,0.2219020172910662,0.0674242424242424,0.0741803011399175
U_14946380,C_674920,2.0,西昌民族幼儿师范高等专科学校,2020-06-09 10:04:08,4,E,751,87,0.1388888888888889,0.0,0.2201834862385321,0.2201834862385321,0.3314121037463977,0.0893939393939394,0.0543624105070876
U_6904814,C_756642,0.0,辽宁对外经贸学院,2020-05-11 19:13:23,4,E,781,149,0.0416666666666666,0.0,0.0660550458715596,0.0660550458715596,0.0547550432276657,0.031060606060606,0.0616282092308399
U_6766416,C_1824911,1.0,重庆三峡医药高等专科学校,2020-06-02 10:26:28,4,E,822,57,0.0416666666666666,0.0,0.0697247706422018,0.0697247706422018,0.0720461095100864,0.0469696969696969,0.0691547289469491
U_33329226,C_697076,2.0,辽宁对外经贸学院,2020-11-30 10:14:13,4,E,781,121,0.0555555555555555,0.0,0.1834862385321101,0.1834862385321101,0.2507204610951008,0.078030303030303,0.0649687470878762
U_31574557,C_1992917,1.0,辽宁对外经贸学院,2020-08-28 20:14:21,4,E,781,80,0.0277777777777777,0.0,0.0899082568807339,0.0899082568807339,0.0547550432276657,0.0265151515151515,0.0647858422439997
U_27223022,C_1736024,2.0,集宁师范学院,2020-05-25 09:36:57,4,E,883,14,0.0555555555555555,0.0,0.1577981651376147,0.1706422018348624,0.2449567723342939,0.0962121212121212,0.0657759144392665
U_29979966,C_1714448,2.0,辽宁对外经贸学院,2020-05-14 15:50:58,4,E,781,8,0.0277777777777777,0.0,0.0073394495412844,0.0073394495412844,0.0,0.0,0.0620333652750924
U_13122385,C_801420,2.0,南京邮电大学通达学院,2020-09-01 09:36:30,4,E,229,155,0.0277777777777777,0.0,0.0018348623853211,0.0018348623853211,0.0028818443804034,0.0007575757575757,0.0611950179790172
U_11184808,C_1017355,0.0,广州中医药大学,2020-04-20 12:01:41,4,E,423,0,0.0416666666666666,0.0,0.0697247706422018,0.0697247706422018,0.0605187319884726,0.0318181818181818,0.0625699019979576
U_5581720,C_1824911,1.0,重庆三峡医药高等专科学校,2020-06-02 10:20:57,4,E,822,57,0.0416666666666666,0.0,0.0623853211009174,0.0623853211009174,0.0403458213256484,0.028030303030303,0.0662634328818758
U_29969747,C_1732845,2.0,华南理工大学,2020-05-13 23:00:37,3,D,211,13,0.0972222222222222,0.0,0.2660550458715596,0.2660550458715596,0.2737752161383285,0.0719696969696969,0.080347343572778
U_30018766,C_674920,1.0,辽宁对外经贸学院,2020-05-17 21:26:31,4,E,781,87,0.0416666666666666,0.0,0.018348623853211,0.018348623853211,0.0230547550432276,0.006060606060606,0.0606744773205314
U_31642095,C_1992917,1.0,辽宁对外经贸学院,2020-08-30 09:12:58,4,E,781,80,0.0277777777777777,0.0,0.0954128440366972,0.0954128440366972,0.1181556195965417,0.0,0.0688762736182013
U_5732072,C_1824911,2.0,重庆三峡医药高等专科学校,2020-06-05 11:31:39,4,E,822,57,0.0555555555555555,0.0,0.0587155963302752,0.0587155963302752,0.0518731988472622,0.0303030303030303,0.0641381650639207
U_5647299,C_1824911,2.0,重庆三峡医药高等专科学校,2020-06-10 18:27:22,4,E,822,57,0.0416666666666666,0.0,0.073394495412844,0.073394495412844,0.0489913544668587,0.0227272727272727,0.0617299650001283
U_14913933,C_674920,0.0,西昌民族幼儿师范高等专科学校,2020-07-02 10:05:50,4,E,751,87,0.0416666666666666,0.0,0.055045871559633,0.055045871559633,0.0576368876080691,0.0234848484848484,0.0591092847065544
U_32887999,C_735164,2.0,昆明理工大学,2020-10-23 09:21:32,4,E,476,138,0.0277777777777777,0.0,0.273394495412844,0.2825688073394495,0.4207492795389049,0.153030303030303,0.141944781512688
U_12504916,C_813262,0.0,陕西工业职业技术学院,2019-11-10 21:35:57,4,E,876,157,0.0416666666666666,0.0,0.0844036697247706,0.0844036697247706,0.0576368876080691,0.0325757575757575,0.0655036742996196
U_7606225,C_1829948,0.0,北方民族大学,2020-06-16 16:28:01,4,E,190,61,0.0416666666666666,0.0,0.0073394495412844,0.0073394495412844,0.0057636887608069,0.0015151515151515,0.0611236349226818
U_32325453,C_735197,2.0,华南理工大学,2020-09-10 08:20:16,3,D,211,141,0.1666666666666666,0.0,0.2165137614678899,0.2807339449541284,0.0835734870317002,0.153030303030303,0.0782319705339653
U_9777424,C_735197,0.0,华南理工大学,2020-09-15 12:39:58,4,E,211,141,0.0555555555555555,0.0,0.0091743119266055,0.0091743119266055,0.0144092219020172,0.0037878787878787,0.0283090356579605
U_9292518,C_735283,2.0,北京联合大学,2020-07-17 15:37:55,4,E,181,143,0.0416666666666666,0.0,0.0055045871559633,0.0055045871559633,0.0086455331412103,0.0022727272727272,0.0612689663484636
U_20249158,C_801420,0.0,南京邮电大学通达学院,2020-09-01 09:38:01,4,E,229,155,0.0277777777777777,0.0,0.0018348623853211,0.0018348623853211,0.0028818443804034,0.0007575757575757,0.0611950179790172
U_11138888,C_948120,2.0,中国农业大学,2020-09-27 09:46:56,4,E,67,167,0.0416666666666666,0.0,0.0385321100917431,0.0385321100917431,0.0518731988472622,0.0136363636363636,0.0425856829634188
U_32612492,C_735164,1.0,昆明理工大学,2020-11-29 21:14:32,0,A,476,138,0.125,0.0,0.2660550458715596,0.2660550458715596,0.4178674351585014,0.1492424242424242,0.0663049285547657
U_30352130,C_801420,0.0,辽宁对外经贸学院,2020-09-01 09:40:01,4,E,781,155,0.0277777777777777,0.0,0.0018348623853211,0.0018348623853211,0.0028818443804034,0.0007575757575757,0.0612456853891302
U_11169977,C_735283,2.0,清华大学,2020-06-25 14:32:57,4,E,612,143,0.0416666666666666,0.0,0.0330275229357798,0.0330275229357798,0.0518731988472622,0.0136363636363636,0.0635632724529386
U_32844327,C_697076,2.0,辽宁对外经贸学院,2020-09-15 20:22:47,4,E,781,121,0.0416666666666666,0.0,0.018348623853211,0.018348623853211,0.0144092219020172,0.0053030303030303,0.0610199873587826
U_29934347,C_697062,2.0,昆明理工大学,2020-05-12 08:22:33,0,A,476,120,0.1111111111111111,0.0,0.1889908256880734,0.1889908256880734,0.2881844380403458,0.081060606060606,0.0669394919334587
U_33344016,C_697076,2.0,辽宁对外经贸学院,2020-11-17 11:40:50,4,E,781,121,0.0416666666666666,0.0,0.0844036697247706,0.0844036697247706,0.0778097982708933,0.0348484848484848,0.0609942153714668
U_30562120,C_1829948,2.0,辽宁对外经贸学院,2020-06-16 16:19:11,4,E,781,61,0.0416666666666666,0.0,0.0073394495412844,0.0073394495412844,0.0057636887608069,0.0015151515151515,0.0612373753594
U_33343356,C_697076,2.0,辽宁对外经贸学院,2020-12-03 08:16:36,4,E,781,121,0.0555555555555555,0.0,0.1834862385321101,0.1834862385321101,0.2853025936599423,0.0924242424242424,0.0645355409790278
U_14380541,C_1750793,0.0,昆明理工大学,2020-06-07 10:21:23,0,A,476,17,0.0694444444444444,0.0,0.036697247706422,0.036697247706422,0.0547550432276657,0.0287878787878787,0.0698810740783177
U_1394284,C_1750793,0.0,北京体育大学,2020-06-03 10:26:17,0,A,159,17,0.0972222222222222,0.0,0.036697247706422,0.036697247706422,0.0547550432276657,0.0287878787878787,0.0700897211954585
U_29723501,C_676635,2.0,广州中医药大学,2020-04-29 13:42:23,1,B,423,89,0.2222222222222222,0.0,0.0238532110091743,0.0311926605504587,0.0374639769452449,0.0234848484848484,0.1171366920387551
U_33200352,C_697076,2.0,辽宁对外经贸学院,2020-12-01 07:04:34,4,E,781,121,0.0416666666666666,0.0,0.0844036697247706,0.0844036697247706,0.0720461095100864,0.034090909090909,0.0616801890115598
U_14026544,C_813262,0.0,辽宁对外经贸学院,2019-11-07 16:52:32,4,E,781,157,0.0138888888888888,0.0,0.0660550458715596,0.0660550458715596,0.0518731988472622,0.0303030303030303,0.0596855689256141
U_5635772,C_1824911,2.0,重庆三峡医药高等专科学校,2020-06-05 19:02:37,4,E,822,57,0.0138888888888888,0.0,0.0623853211009174,0.0623853211009174,0.0864553314121037,0.0227272727272727,0.0621996451071667
U_32099381,C_1992917,2.0,辽宁对外经贸学院,2020-09-07 09:45:56,4,E,781,80,0.0277777777777777,0.0,0.0275229357798165,0.0275229357798165,0.0432276657060518,0.0325757575757575,0.0692012066758036
U_23212515,C_801420,2.0,辽宁对外经贸学院,2020-07-12 23:26:46,4,E,781,155,0.0416666666666666,0.0,0.0715596330275229,0.0715596330275229,0.0605187319884726,0.0325757575757575,0.0614266092962414
U_2587683,C_801420,2.0,山西师范大学,2020-07-08 20:15:53,4,E,384,155,0.0416666666666666,0.0,0.0587155963302752,0.0587155963302752,0.0518731988472622,0.0416666666666666,0.0634308765442338
U_31100197,C_682392,2.0,昆明理工大学,2020-07-30 23:17:29,0,A,476,108,0.0972222222222222,0.0,0.4495412844036697,0.4495412844036697,0.6945244956772334,0.2424242424242424,0.0625799849660927
U_33355707,C_735164,0.0,昆明理工大学,2020-11-28 16:42:11,0,A,476,138,0.0972222222222222,0.0,0.0880733944954128,0.091743119266055,0.1383285302593659,0.0651515151515151,0.0661993297681527
U_32728864,C_735164,0.0,昆明理工大学,2020-09-16 10:58:37,0,A,476,138,0.1111111111111111,0.0,0.0091743119266055,0.0091743119266055,0.0144092219020172,0.006060606060606,0.0315574881912456
U_6764182,C_735197,0.0,华南理工大学,2020-10-04 15:07:40,3,D,211,141,0.1944444444444444,0.0,0.0862385321100917,0.1963302752293578,0.0576368876080691,0.1393939393939394,0.0599498803658582
U_14749810,C_1918363,1.0,新乡医学院三全学院,2020-11-24 23:09:46,4,E,461,76,0.0416666666666666,0.0,0.0073394495412844,0.0073394495412844,0.0115273775216138,0.0083333333333333,0.0615163506840487
U_19335388,C_1738818,2.0,安徽工业大学,2020-06-15 19:49:00,1,B,344,15,0.0555555555555555,0.0,0.0440366972477064,0.0440366972477064,0.0432276657060518,0.0204545454545454,0.1115208947842417
U_30603013,C_1829948,2.0,辽宁对外经贸学院,2020-06-18 17:02:37,4,E,781,61,0.0416666666666666,0.0,0.0752293577981651,0.0752293577981651,0.063400576368876,0.0318181818181818,0.0627069184416674
U_20284251,C_948395,2.0,西安美术学院,2020-05-25 11:48:03,1,B,727,170,0.1666666666666666,0.0,0.110091743119266,0.110091743119266,0.1210374639769452,0.0666666666666666,0.1126059132786664
U_29861585,C_756642,2.0,昆明理工大学,2020-05-08 17:09:19,0,A,476,149,0.0138888888888888,0.0,0.0623853211009174,0.0623853211009174,0.0576368876080691,0.0166666666666666,0.0753294277004073
U_30710965,C_808528,2.0,华南理工大学,2020-06-28 15:24:23,3,D,211,156,0.1388888888888889,0.0,0.055045871559633,0.055045871559633,0.031700288184438,0.0083333333333333,0.0802908819226268
U_32058153,C_1944729,2.0,辽宁对外经贸学院,2020-09-18 08:43:31,4,E,781,79,0.0416666666666666,0.0,0.036697247706422,0.036697247706422,0.0288184438040345,0.0075757575757575,0.0623785385540935
U_961816,C_735164,0.0,昆明理工大学,2020-10-13 15:06:31,0,A,476,138,0.125,0.0,0.2311926605504587,0.3064220183486238,0.2132564841498559,0.059090909090909,0.0651223887756279
U_32722926,C_1912004,1.0,云南大学,2020-09-18 14:52:57,4,E,106,74,0.0416666666666666,0.0,0.0055045871559633,0.0055045871559633,0.0057636887608069,0.0015151515151515,0.0612951840465516
U_26275016,C_948395,2.0,西安美术学院,2020-02-22 15:19:13,0,A,727,170,0.1111111111111111,0.0,0.1926605504587156,0.2770642201834862,0.2074927953890489,0.0643939393939393,0.0722403053852733
U_31873416,C_697076,0.0,辽宁对外经贸学院,2020-09-03 14:04:16,4,E,781,121,0.0416666666666666,0.0,0.0091743119266055,0.0091743119266055,0.0086455331412103,0.0022727272727272,0.0607180678340505
U_5260584,C_735164,0.0,昆明理工大学,2020-11-27 12:42:00,0,A,476,138,0.125,0.0,0.2862385321100917,0.2935779816513761,0.446685878962536,0.1621212121212121,0.0693420859462055
U_6758665,C_1824911,1.0,重庆三峡医药高等专科学校,2020-06-17 11:20:43,4,E,822,57,0.0416666666666666,0.0,0.073394495412844,0.073394495412844,0.0547550432276657,0.0356060606060606,0.0639171668060486
U_29918742,C_735115,0.0,昆明理工大学,2020-05-12 10:21:20,0,A,476,136,0.125,0.0,0.4036697247706422,0.4036697247706422,0.5763688760806917,0.1946969696969697,0.0689269212189466
U_30143721,C_1714448,0.0,辽宁对外经贸学院,2020-05-23 19:15:59,4,E,781,8,0.0416666666666666,0.0,0.1449541284403669,0.1449541284403669,0.0461095100864553,0.0121212121212121,0.0671457371647717
U_32719308,C_735164,1.0,昆明理工大学,2020-12-01 00:10:42,4,E,476,138,0.0416666666666666,0.0,0.055045871559633,0.055045871559633,0.0864553314121037,0.0401515151515151,0.0620573593716614
U_31100145,C_682392,1.0,昆明理工大学,2020-07-30 13:00:35,0,A,476,108,0.1666666666666666,0.0,0.4495412844036697,0.4495412844036697,0.7002881844380403,0.2446969696969697,0.0631698881254134
U_17698033,C_1829948,0.0,北方民族大学,2020-06-04 13:29:52,3,D,190,61,0.3333333333333333,0.0,0.4770642201834862,0.4770642201834862,0.6282420749279538,0.1651515151515151,0.0754967277149156
U_34038157,C_1912004,2.0,辽宁对外经贸学院,2020-10-02 13:53:47,4,E,781,74,0.0416666666666666,0.0,0.0146788990825688,0.0146788990825688,0.0086455331412103,0.0022727272727272,0.0625343342783377
U_33896349,C_697076,2.0,辽宁对外经贸学院,2020-12-05 14:19:18,4,E,781,121,0.0555555555555555,0.0,0.1963302752293578,0.1963302752293578,0.1873198847262247,0.053030303030303,0.066284336717091
U_22208258,C_697062,2.0,湖北科技学院,2020-04-25 13:05:58,0,A,633,120,0.1111111111111111,0.0,0.1944954128440367,0.2807339449541284,0.2363112391930835,0.0621212121212121,0.0648561803561914
U_13906436,C_735195,2.0,辽宁对外经贸学院,2020-05-02 22:50:36,4,E,781,140,0.0416666666666666,0.0,0.0697247706422018,0.0697247706422018,0.0605187319884726,0.0318181818181818,0.0612978484065008
U_32879873,C_735164,1.0,昆明理工大学,2020-11-10 19:48:54,0,A,476,138,0.1111111111111111,0.0,0.1706422018348624,0.2568807339449541,0.201729106628242,0.0651515151515151,0.0646039823442668
U_29019649,C_696575,1.0,河北工程大学,2020-08-26 09:09:18,4,E,554,116,0.0277777777777777,0.0,0.0055045871559633,0.0055045871559633,0.0086455331412103,0.0022727272727272,0.0188290956648844
U_11969682,C_948488,0.0,合肥工业大学,2020-03-06 15:01:18,0,A,248,172,0.0277777777777777,0.0,0.1853211009174312,0.2660550458715596,0.2132564841498559,0.0598484848484848,0.067499047141536
U_33329509,C_697076,2.0,辽宁对外经贸学院,2020-09-22 08:41:14,4,E,781,121,0.0416666666666666,0.0,0.0642201834862385,0.0642201834862385,0.063400576368876,0.0181818181818181,0.0639289731891695
U_30111332,C_749807,2.0,辽宁对外经贸学院,2020-05-22 14:52:08,4,E,781,148,0.0416666666666666,0.0,0.055045871559633,0.055045871559633,0.0461095100864553,0.0121212121212121,0.0629346023611221
U_7678818,C_735164,0.0,辽宁对外经贸学院,2020-10-25 09:03:44,4,E,781,138,0.0416666666666666,0.0,0.073394495412844,0.073394495412844,0.0489913544668587,0.0318181818181818,0.061518326668472
U_12649877,C_735197,1.0,辽宁石油化工大学,2020-12-03 10:49:57,3,D,790,141,0.2083333333333333,0.0,0.3376146788990826,0.3376146788990826,0.5302593659942363,0.1515151515151515,0.0734026546986711
U_14396007,C_1714448,2.0,中国医科大学,2020-03-18 13:34:26,0,A,69,8,0.1111111111111111,0.0,0.1981651376146789,0.2715596330275229,0.2074927953890489,0.0606060606060606,0.0669845879589194
U_31066580,C_682392,0.0,昆明理工大学,2020-08-06 15:55:37,0,A,476,108,0.0972222222222222,0.0,0.1119266055045871,0.255045871559633,0.1757925072046109,0.0424242424242424,0.0451163683459635
U_13256226,C_1907852,0.0,合肥工业大学,2020-11-12 15:07:01,4,E,248,71,0.0416666666666666,0.0,0.0128440366972477,0.0128440366972477,0.0201729106628242,0.0053030303030303,0.0610715560951237
U_28754390,C_756642,2.0,重庆医科大学,2020-05-14 16:04:00,4,E,832,149,0.0416666666666666,0.0,0.0091743119266055,0.0091743119266055,0.0115273775216138,0.0037878787878787,0.0612783559887309
U_32753975,C_735164,1.0,昆明理工大学,2020-11-10 13:46:26,0,A,476,138,0.0555555555555555,0.0,0.163302752293578,0.1981651376146789,0.2247838616714697,0.0901515151515151,0.0669759857410164
U_34207206,C_1912004,2.0,辽宁对外经贸学院,2020-10-03 19:35:12,4,E,781,74,0.0555555555555555,0.0,0.0055045871559633,0.0055045871559633,0.0028818443804034,0.0007575757575757,0.0181020887025425
U_5442553,C_2141845,0.0,宝鸡文理学院,2020-09-11 14:29:37,0,A,356,86,0.0833333333333333,0.0,0.055045871559633,0.055045871559633,0.0749279538904899,0.0196969696969696,0.0694452382759134
U_4663710,C_682392,2.0,陕西工业职业技术学院,2019-12-28 15:45:19,0,A,876,108,0.3055555555555555,0.2,0.2311926605504587,0.3853211009174312,0.3112391930835734,0.0325757575757575,0.0733774571830173
U_26604707,C_1829948,1.0,北方民族大学,2020-06-15 14:29:23,4,E,190,61,0.0555555555555555,0.0,0.0605504587155963,0.0605504587155963,0.0403458213256484,0.0106060606060606,0.0626850389950953
U_33344115,C_697076,2.0,辽宁对外经贸大学,2020-11-16 18:00:09,4,E,778,121,0.0138888888888888,0.0,0.2018348623853211,0.2018348623853211,0.2190201729106628,0.0666666666666666,0.0653470515342759
U_11965077,C_1714448,2.0,中国医科大学,2020-05-13 08:11:21,0,A,69,8,0.0138888888888888,0.0,0.1449541284403669,0.1449541284403669,0.1556195965417867,0.0409090909090909,0.0671455984991981
U_20012920,C_948395,2.0,西安美术学院,2020-04-18 10:45:42,0,A,727,170,0.125,0.0,0.1908256880733945,0.2568807339449541,0.2247838616714697,0.0674242424242424,0.0641260714449689
U_20270121,C_948120,0.0,辽宁对外经贸学院,2020-10-05 15:00:00,4,E,781,167,0.0416666666666666,0.0,0.0477064220183486,0.0477064220183486,0.0518731988472622,0.0143939393939393,0.062524290928938
U_30900072,C_1767581,1.0,辽宁对外经贸学院,2020-07-22 12:30:08,4,E,781,35,0.0277777777777777,0.0,0.0018348623853211,0.0018348623853211,0.0028818443804034,0.0007575757575757,0.0611835483551465
U_7871039,C_1829948,0.0,北方民族大学,2020-06-11 17:40:49,4,E,190,61,0.0416666666666666,0.0,0.0311926605504587,0.0311926605504587,0.0403458213256484,0.0106060606060606,0.0613460000269219
U_33841993,C_735164,1.0,昆明理工大学,2020-11-24 22:22:05,0,A,476,138,0.0833333333333333,0.0,0.0018348623853211,0.0036697247706422,0.0,0.0,0.0665435422928226
U_22329021,C_1829948,0.0,北方民族大学,2020-06-17 11:47:40,4,E,190,61,0.0416666666666666,0.0,0.0220183486238532,0.0220183486238532,0.0144092219020172,0.0037878787878787,0.0616249654468868
U_28956865,C_735385,1.0,辽宁工程技术大学,2020-05-25 18:02:50,4,E,785,146,0.0416666666666666,0.0,0.055045871559633,0.055045871559633,0.0662824207492795,0.0174242424242424,0.0625831148461818
U_31650470,C_1912004,2.0,中南财经政法大学,2020-10-14 11:20:28,4,E,58,74,0.0416666666666666,0.0,0.0073394495412844,0.0073394495412844,0.0115273775216138,0.003030303030303,0.0612895829478479
U_31099875,C_682392,2.0,昆明理工大学,2020-07-30 13:24:02,0,A,476,108,0.1111111111111111,0.0,0.4495412844036697,0.4495412844036697,0.6945244956772334,0.2424242424242424,0.0627122867803011
U_22777111,C_823315,2.0,西安石油大学,2020-06-14 00:22:09,4,E,725,158,0.0416666666666666,0.0,0.073394495412844,0.073394495412844,0.0432276657060518,0.0303030303030303,0.0631218454565145
U_33748710,C_697076,1.0,辽宁对外经贸学院,2020-11-23 14:57:02,4,E,781,121,0.0416666666666666,0.0,0.0715596330275229,0.0715596330275229,0.0201729106628242,0.0196969696969696,0.0639084655413073
U_5832590,C_1824926,0.0,广州中医药大学,2020-07-26 20:37:09,1,B,423,58,0.0138888888888888,0.0,0.128440366972477,0.128440366972477,0.170028818443804,0.0636363636363636,0.0916985817100835
U_30105155,C_948395,0.0,中国医科大学,2020-05-21 15:59:13,2,C,69,170,0.1388888888888889,0.0,0.073394495412844,0.073394495412844,0.0749279538904899,0.0409090909090909,0.0737948851305305
U_5235961,C_674920,0.0,西昌民族幼儿师范高等专科学校,2020-06-04 13:52:29,4,E,751,87,0.0416666666666666,0.0,0.036697247706422,0.036697247706422,0.0288184438040345,0.0075757575757575,0.0608590015802135
U_7101888,C_1017355,2.0,广州中医药大学,2020-03-11 12:50:10,4,E,423,0,0.0416666666666666,0.0,0.0715596330275229,0.0715596330275229,0.0489913544668587,0.0303030303030303,0.0619717482370097
U_33554699,C_697076,1.0,辽宁对外经贸学院,2020-11-28 10:33:52,4,E,781,121,0.0555555555555555,0.0,0.1834862385321101,0.1834862385321101,0.270893371757925,0.0856060606060606,0.0647199216207944
U_4517174,C_735197,0.0,华南理工大学,2020-10-20 00:07:52,4,E,211,141,0.1111111111111111,0.0,0.0770642201834862,0.0770642201834862,0.0979827089337175,0.031060606060606,0.0985575258683694
U_30881925,C_674920,2.0,辽宁对外经贸学院,2020-07-16 22:02:39,4,E,781,87,0.0416666666666666,0.0,0.018348623853211,0.018348623853211,0.0201729106628242,0.0053030303030303,0.0610050560479146
U_16065444,C_801420,0.0,辽宁对外经贸学院,2020-09-11 21:55:52,4,E,781,155,0.0277777777777777,0.0,0.0036697247706422,0.0036697247706422,0.0028818443804034,0.0007575757575757,0.0613211095564667
U_32312633,C_697076,1.0,华南理工大学,2020-09-09 19:37:04,3,D,211,121,0.1666666666666666,0.0,0.1743119266055046,0.2458715596330275,0.0979827089337175,0.1477272727272727,0.0830394514937645
U_33343435,C_697076,2.0,辽宁对外经贸学院,2020-11-23 14:53:35,4,E,781,121,0.0416666666666666,0.0,0.0715596330275229,0.0715596330275229,0.0230547550432276,0.0204545454545454,0.0640181004865795
U_135286,C_735164,0.0,重庆交通大学,2020-11-30 21:36:41,0,A,830,138,0.125,0.0,0.2862385321100917,0.2899082568807339,0.4495677233429394,0.1636363636363636,0.0647666865854798
U_14843232,C_674959,0.0,辽宁对外经贸学院,2020-07-12 16:17:13,4,E,781,88,0.0416666666666666,0.0,0.0715596330275229,0.0715596330275229,0.0576368876080691,0.0318181818181818,0.0616690908133325
U_22823436,C_801420,0.0,辽宁对外经贸学院,2020-09-01 09:40:09,4,E,781,155,0.0277777777777777,0.0,0.0018348623853211,0.0018348623853211,0.0028818443804034,0.0007575757575757,0.0612456853891302
U_28538756,C_1017355,2.0,华南理工大学,2020-04-17 16:46:47,3,D,211,0,0.1527777777777777,0.0,0.1834862385321101,0.2055045871559633,0.1239193083573487,0.1409090909090909,0.0844993820803786
U_31042874,C_697076,2.0,辽宁对外经贸学院,2020-07-22 17:14:05,4,E,781,121,0.0416666666666666,0.0,0.0091743119266055,0.0091743119266055,0.0086455331412103,0.0022727272727272,0.0607180678340505
U_31159828,C_697076,1.0,辽宁对外经贸学院,2020-10-06 01:22:20,4,E,781,121,0.0416666666666666,0.0,0.055045871559633,0.055045871559633,0.0403458213256484,0.0121212121212121,0.0199484555910297
U_31018020,C_936971,1.0,辽宁对外经贸学院,2020-07-19 21:34:58,4,E,781,162,0.0416666666666666,0.0,0.0220183486238532,0.0220183486238532,0.0230547550432276,0.0075757575757575,0.0623571741510804
U_30353309,C_1829948,1.0,华南理工大学,2020-06-04 15:26:17,3,D,211,61,0.0694444444444444,0.0,0.1155963302752293,0.326605504587156,0.0,0.1340909090909091,0.0734154763118841
U_14646118,C_756642,2.0,昆明理工大学,2020-05-08 22:40:45,0,A,476,149,0.0694444444444444,0.0,0.0091743119266055,0.0091743119266055,0.0144092219020172,0.0037878787878787,0.0726192734454894
U_7374703,C_1824911,2.0,重庆三峡医药高等专科学校,2020-06-10 18:09:12,4,E,822,57,0.0416666666666666,0.0,0.0532110091743119,0.0532110091743119,0.0461095100864553,0.0272727272727272,0.0572926517889656
U_8024613,C_1731884,0.0,闽南师范大学,2020-07-16 21:36:28,4,E,864,11,0.0416666666666666,0.0,0.0091743119266055,0.0091743119266055,0.0115273775216138,0.003030303030303,0.0613364122929781
U_16378487,C_697076,2.0,辽宁对外经贸学院,2020-09-09 12:44:22,4,E,781,121,0.0416666666666666,0.0,0.0825688073394495,0.0825688073394495,0.0979827089337175,0.0287878787878787,0.0641780908444241
U_33366239,C_697076,1.0,辽宁对外经贸学院,2020-10-02 08:11:52,4,E,781,121,0.0416666666666666,0.0,0.110091743119266,0.110091743119266,0.0922190201729106,0.0257575757575757,0.0043275570258106
U_6220256,C_1829948,0.0,北方民族大学,2020-06-16 20:00:15,4,E,190,61,0.0277777777777777,0.0,0.0220183486238532,0.0220183486238532,0.0288184438040345,0.0075757575757575,0.0609726429700933
U_30562342,C_1829948,0.0,辽宁对外经贸学院,2020-06-16 16:20:52,4,E,781,61,0.0277777777777777,0.0,0.0220183486238532,0.0220183486238532,0.0201729106628242,0.0053030303030303,0.061188421459589
U_12981427,C_1829948,0.0,北方民族大学,2020-06-04 20:12:21,4,E,190,61,0.1944444444444444,0.0,0.128440366972477,0.128440366972477,0.1671469740634005,0.0439393939393939,0.0662797310391118
U_13650603,C_1829948,0.0,辽宁对外经贸学院,2020-06-04 16:29:55,4,E,781,61,0.0416666666666666,0.0,0.0073394495412844,0.0073394495412844,0.0057636887608069,0.0015151515151515,0.0603926643039665
U_15334274,C_735283,1.0,辽宁对外经贸学院,2020-06-12 09:44:08,4,E,781,143,0.0277777777777777,0.0,0.0146788990825688,0.0146788990825688,0.0201729106628242,0.0053030303030303,0.0620083113773541
U_17917539,C_786631,2.0,北华航天工业学院,2020-04-22 14:18:49,0,A,186,154,0.0555555555555555,0.0,0.1853211009174312,0.2660550458715596,0.2190201729106628,0.0795454545454545,0.0700749186454802
U_31214757,C_676635,0.0,辽宁对外经贸学院,2020-08-17 13:21:20,4,E,781,89,0.0416666666666666,0.0,0.036697247706422,0.036697247706422,0.0518731988472622,0.0136363636363636,0.0355079432242181
U_33442500,C_697076,0.0,辽宁对外经贸学院,2020-11-16 22:29:27,4,E,781,121,0.0138888888888888,0.0,0.0678899082568807,0.0678899082568807,0.0922190201729106,0.0318181818181818,0.0611865593790297
U_30426790,C_1829948,0.0,辽宁对外经贸学院,2020-06-09 21:46:59,4,E,781,61,0.0833333333333333,0.0,0.1211009174311926,0.1211009174311926,0.063400576368876,0.0166666666666666,0.0652801701567395
U_20873749,C_801420,1.0,南京邮电大学,2020-09-04 13:50:28,4,E,228,155,0.0416666666666666,0.0,0.0256880733944954,0.0256880733944954,0.0172910662824207,0.0045454545454545,0.0620427450106759
U_33454987,C_697076,2.0,辽宁对外经贸学院,2020-11-23 11:49:17,4,E,781,121,0.0416666666666666,0.0,0.036697247706422,0.036697247706422,0.0374639769452449,0.0113636363636363,0.063512075142241
U_30302238,C_682157,2.0,辽宁对外经贸学院,2020-06-01 10:37:10,4,E,781,105,0.0277777777777777,0.0,0.0165137614678899,0.0165137614678899,0.0144092219020172,0.0037878787878787,0.0619309458919876
U_27858711,C_948488,1.0,中国医科大学,2020-03-06 14:16:27,2,C,69,172,0.1527777777777777,0.0,0.1834862385321101,0.1834862385321101,0.1613832853025936,0.0666666666666666,0.0750133692395133
U_32578752,C_735164,1.0,昆明理工大学,2020-09-17 15:48:11,0,A,476,138,0.0138888888888888,0.0,0.1889908256880734,0.2642201834862385,0.2132564841498559,0.0583333333333333,0.0660269288414738
U_32739162,C_735164,1.0,昆明理工大学,2020-10-31 13:27:34,0,A,476,138,0.0138888888888888,0.0,0.2311926605504587,0.2972477064220183,0.3602305475504322,0.1227272727272727,0.0694607836771787
U_30836009,C_1992917,2.0,辽宁农业职业技术学院,2020-08-29 09:47:17,4,E,772,80,0.0416666666666666,0.0,0.0788990825688073,0.0788990825688073,0.0547550432276657,0.0303030303030303,0.063484490597785
U_30404139,C_1829948,2.0,中国医科大学,2020-06-08 15:11:17,2,C,69,61,0.0138888888888888,0.0,0.0073394495412844,0.0073394495412844,0.0028818443804034,0.0007575757575757,0.0585833707570928
U_27209164,C_681031,1.0,辽宁对外经贸学院,2020-05-11 08:58:24,4,E,781,101,0.0277777777777777,0.0,0.0018348623853211,0.0018348623853211,0.0,0.0,0.0612192052169208
U_32886793,C_735164,1.0,昆明理工大学,2020-11-25 16:48:58,0,A,476,138,0.125,0.0,0.2862385321100917,0.2880733944954128,0.4438040345821325,0.1621212121212121,0.0691948676781548
U_13420356,C_735197,2.0,吉林农业科技学院,2020-11-26 16:50:56,4,E,252,141,0.0416666666666666,0.0,0.0458715596330275,0.0458715596330275,0.0403458213256484,0.0113636363636363,0.0623933460564137
U_31066909,C_682392,0.0,中国医科大学,2020-09-14 19:41:20,2,C,69,108,0.125,0.0,0.4495412844036697,0.4495412844036697,0.2881844380403458,0.0984848484848484,0.0731262843058687
U_9733227,C_786631,1.0,北华航天工业学院,2020-04-22 11:08:09,0,A,186,154,0.0972222222222222,0.0,0.2110091743119266,0.2752293577981651,0.2190201729106628,0.0765151515151515,0.0742213411973513
U_30563577,C_1829948,0.0,辽宁对外经贸学院,2020-06-16 17:13:52,4,E,781,61,0.0138888888888888,0.0,0.0311926605504587,0.0311926605504587,0.0403458213256484,0.0106060606060606,0.0611951368352232
U_2797764,C_735164,0.0,云南农业大学,2020-12-07 18:08:24,4,E,105,138,0.0416666666666666,0.0,0.055045871559633,0.055045871559633,0.0864553314121037,0.0401515151515151,0.0618500989102563
U_2765554,C_786631,1.0,湖南工学院,2020-06-01 14:23:51,0,A,642,154,0.1944444444444444,0.0,0.255045871559633,0.255045871559633,0.4005763688760806,0.1409090909090909,0.0694712182615896
U_28878007,C_735197,0.0,辽宁对外经贸学院,2020-10-16 23:45:53,4,E,781,141,0.0416666666666666,0.0,0.0238532110091743,0.0238532110091743,0.0230547550432276,0.006060606060606,0.0616244702126955
U_9100593,C_786631,1.0,中国传媒大学,2020-02-29 23:31:55,4,E,66,154,0.0416666666666666,0.0,0.0880733944954128,0.0880733944954128,0.0547550432276657,0.0295454545454545,0.0624492332349031
U_33460171,C_2027893,0.0,辽宁对外经贸学院,2020-09-23 10:51:05,4,E,781,84,0.0416666666666666,0.0,0.0110091743119266,0.0110091743119266,0.0115273775216138,0.0045454545454545,0.0614181061251766
U_30111248,C_681031,1.0,辽宁对外经贸学院,2020-05-21 20:54:04,4,E,781,101,0.0416666666666666,0.0,0.0715596330275229,0.0715596330275229,0.0605187319884726,0.0318181818181818,0.0612199431158659
U_32966190,C_735164,1.0,昆明理工大学,2020-09-16 21:58:12,0,A,476,138,0.1111111111111111,0.0,0.1889908256880734,0.2954128440366972,0.2074927953890489,0.0704545454545454,0.065948107367585
U_29439557,C_1741505,2.0,华南理工大学,2020-04-22 16:37:29,3,D,211,16,0.1527777777777777,0.0,0.1743119266055046,0.2036697247706422,0.1268011527377521,0.1492424242424242,0.0869304471067837
U_33343386,C_697076,1.0,辽宁对外经贸学院,2020-12-03 11:28:05,4,E,781,121,0.0555555555555555,0.0,0.1834862385321101,0.1834862385321101,0.2853025936599423,0.0909090909090909,0.0645427020654341
U_32719265,C_735164,2.0,昆明理工大学,2020-11-27 12:12:51,4,E,476,138,0.0416666666666666,0.0,0.0165137614678899,0.0256880733944954,0.0201729106628242,0.0098484848484848,0.0616127381147033
U_5647272,C_1824911,2.0,重庆三峡医药高等专科学校,2020-06-30 17:06:38,4,E,822,57,0.0555555555555555,0.0,0.036697247706422,0.036697247706422,0.0489913544668587,0.0128787878787878,0.0619828167211854
U_20317694,C_823315,0.0,西安石油大学,2020-07-04 15:53:35,4,E,725,158,0.0416666666666666,0.0,0.0788990825688073,0.0788990825688073,0.1181556195965417,0.034090909090909,0.0625237610283533
U_11164793,C_676646,0.0,天津商业大学,2020-08-11 07:56:52,4,E,316,90,0.0416666666666666,0.0,0.0715596330275229,0.0715596330275229,0.0461095100864553,0.0318181818181818,0.0615639971655946
U_11638806,C_801420,0.0,南京邮电大学,2020-09-04 14:25:20,4,E,228,155,0.0277777777777777,0.0,0.0055045871559633,0.0055045871559633,0.0028818443804034,0.0007575757575757,0.0613831772576635
U_30563744,C_1829948,2.0,辽宁对外经贸学院,2020-06-16 17:21:10,4,E,781,61,0.0416666666666666,0.0,0.0770642201834862,0.0770642201834862,0.0893371757925072,0.0234848484848484,0.0627670547295181
U_29439766,C_674920,2.0,四川大学,2020-04-17 14:36:15,4,E,285,87,0.0416666666666666,0.0,0.0715596330275229,0.0715596330275229,0.0547550432276657,0.031060606060606,0.0629944266514323
U_31074429,C_682392,0.0,华南理工大学,2020-07-27 21:16:14,3,D,211,108,0.1527777777777777,0.0,0.2018348623853211,0.2935779816513761,0.0144092219020172,0.1416666666666666,0.0715279803338608
U_30460657,C_756642,0.0,辽宁对外经贸学院,2020-06-11 19:15:50,4,E,781,149,0.0277777777777777,0.0,0.0091743119266055,0.0091743119266055,0.0144092219020172,0.0053030303030303,0.0616423135006084
U_34595371,C_697076,2.0,辽宁对外经贸学院,2020-10-10 06:59:34,4,E,781,121,0.0416666666666666,0.0,0.0091743119266055,0.0091743119266055,0.0115273775216138,0.003030303030303,0.0606840551497913
U_32697222,C_735164,2.0,昆明理工大学,2020-09-16 23:11:59,0,A,476,138,0.0138888888888888,0.0,0.0990825688073394,0.1064220183486238,0.1556195965417867,0.0742424242424242,0.0609319644336191
U_31068655,C_682392,0.0,昆明理工大学,2020-08-16 16:06:26,0,A,476,108,0.0972222222222222,0.0,0.128440366972477,0.2568807339449541,0.1440922190201729,0.0287878787878787,0.0633431804736366
U_29664389,C_1714448,1.0,辽宁对外经贸学院,2020-04-26 17:04:21,4,E,781,8,0.0416666666666666,0.0,0.0697247706422018,0.0697247706422018,0.0662824207492795,0.0378787878787878,0.0624500602760025
U_7137108,C_1992950,0.0,河南科技学院,2020-11-24 15:44:24,4,E,580,83,0.0694444444444444,0.0,0.0330275229357798,0.0330275229357798,0.0374639769452449,0.1969696969696969,0.0588265059833164
U_24147979,C_749807,2.0,广州中医药大学,2020-03-17 16:36:22,1,B,423,148,0.0277777777777777,0.0,0.0330275229357798,0.0495412844036697,0.0518731988472622,0.0159090909090909,0.1017504788519909
U_5235890,C_674920,1.0,西昌名族幼儿师范学校,2020-06-17 07:36:08,4,E,732,87,0.0555555555555555,0.0,0.0477064220183486,0.0477064220183486,0.0605187319884726,0.0196969696969696,0.0626180189519853
U_29951668,C_747056,1.0,辽宁对外经贸学院,2020-05-12 21:07:40,4,E,781,147,0.0416666666666666,0.0,0.0256880733944954,0.0256880733944954,0.0230547550432276,0.006060606060606,0.0620452162292905
U_15052602,C_786631,0.0,河北师范大学汇华学院,2020-06-05 15:59:01,4,E,557,154,0.0694444444444444,0.0,0.0018348623853211,0.0018348623853211,0.0,0.0,0.0611737476705005
U_33230537,C_1912004,1.0,辽宁对外经贸学院,2020-09-21 11:04:32,4,E,781,74,0.0416666666666666,0.0,0.0055045871559633,0.0055045871559633,0.0057636887608069,0.0015151515151515,0.0
U_7157713,C_735197,0.0,华南理工大学,2020-09-09 18:49:20,4,E,211,141,0.0416666666666666,0.0,0.0678899082568807,0.0678899082568807,0.0547550432276657,0.0287878787878787,0.0618072710573918
U_6417823,C_1824911,1.0,重庆三峡高等医药专科院校,2020-06-28 10:46:17,4,E,829,57,0.0138888888888888,0.0,0.055045871559633,0.055045871559633,0.0576368876080691,0.0295454545454545,0.0582753648041495
U_2473342,C_948136,0.0,华南理工大学,2020-02-25 12:17:32,3,D,211,168,0.0416666666666666,0.0,0.1724770642201835,0.1963302752293578,0.1123919308357348,0.1325757575757575,0.0824128564332096
U_33841956,C_735164,2.0,昆明理工大学,2020-11-23 11:00:34,0,A,476,138,0.1111111111111111,0.0,0.1834862385321101,0.273394495412844,0.201729106628242,0.0545454545454545,0.0667648228341837
U_32612162,C_735164,1.0,昆明理工大学,2020-11-30 13:47:09,0,A,476,138,0.1111111111111111,0.0,0.181651376146789,0.2587155963302752,0.1613832853025936,0.0484848484848484,0.0708834231291871
U_3906449,C_735164,0.0,玉溪师范学院,2020-09-15 13:45:52,0,A,660,138,0.1111111111111111,0.0,0.1981651376146789,0.2752293577981651,0.2190201729106628,0.0818181818181818,0.0706349740400907
U_389501,C_1914506,0.0,辽宁对外经贸学院,2020-07-30 17:18:50,4,E,781,75,0.0416666666666666,0.0,0.0201834862385321,0.0201834862385321,0.0288184438040345,0.0106060606060606,0.061080712975321
U_8795923,C_735164,0.0,中国矿业大学(北京),2020-12-07 15:01:51,0,A,84,138,0.125,0.0,0.2844036697247706,0.2844036697247706,0.446685878962536,0.1628787878787878,0.0667079451873118
U_4226340,C_735164,2.0,昆明理工大学,2020-12-04 13:42:07,0,A,476,138,0.1111111111111111,0.0,0.1614678899082569,0.1798165137614679,0.2478386167146974,0.106060606060606,0.0669153839330258
U_5314597,C_1750793,0.0,农业大学职业技术学院,2020-05-21 10:04:38,2,C,151,17,0.0694444444444444,0.0,0.036697247706422,0.036697247706422,0.0518731988472622,0.0272727272727272,0.0760045359023429
U_11797927,C_801420,1.0,中央财经大学,2020-07-15 11:54:01,4,E,89,155,0.0277777777777777,0.0,0.0036697247706422,0.0036697247706422,0.0,0.0,0.0613007653358877
U_13932798,C_676646,1.0,辽宁对外经贸学院,2020-08-29 15:13:41,4,E,781,90,0.0416666666666666,0.0,0.0477064220183486,0.0477064220183486,0.0086455331412103,0.0022727272727272,0.0628816469690453
U_9872400,C_680979,2.0,辽宁对外经贸学院,2020-05-21 08:19:36,4,E,781,100,0.0416666666666666,0.0,0.0165137614678899,0.0165137614678899,0.0230547550432276,0.0083333333333333,0.0608252711794433
U_6758166,C_1824911,2.0,重庆三峡医药高等专科学校,2020-06-10 19:12:21,4,E,822,57,0.1944444444444444,0.0,0.0807339449541284,0.0807339449541284,0.1037463976945244,0.0272727272727272,0.0686945226699905
U_30559786,C_1829948,2.0,辽宁对外经贸学院,2020-06-17 11:44:52,4,E,781,61,0.0416666666666666,0.0,0.0311926605504587,0.0311926605504587,0.0172910662824207,0.0045454545454545,0.0620817991790026
U_13535141,C_948120,0.0,中国农业大学,2020-10-13 19:52:53,1,B,67,167,0.0416666666666666,0.0,0.1211009174311926,0.1211009174311926,0.1786743515850144,0.0553030303030303,0.107368405613527
U_9054441,C_786631,2.0,河北师范大学,2020-05-01 20:14:02,2,C,556,154,0.25,0.0,0.255045871559633,0.255045871559633,0.2824207492795388,0.0946969696969697,0.0711727637054599
U_7878859,C_1824911,1.0,重庆三峡医药高等专科学校,2020-06-28 10:46:48,4,E,822,57,0.0138888888888888,0.0,0.0513761467889908,0.0513761467889908,0.0489913544668587,0.0348484848484848,0.0652602914563003
U_7704418,C_1829948,0.0,北方民族大学,2020-06-13 11:13:37,4,E,190,61,0.0694444444444444,0.0,0.0311926605504587,0.0311926605504587,0.0345821325648414,0.009090909090909,0.0616786290238571
U_5643123,C_1824911,2.0,重庆三峡医药高等专科学校,2020-06-03 20:04:01,4,E,822,57,0.1111111111111111,0.0,0.0623853211009174,0.0623853211009174,0.0922190201729106,0.0242424242424242,0.0665975079626497
U_32721158,C_735164,1.0,昆明理工大学,2020-11-10 09:32:08,0,A,476,138,0.0694444444444444,0.0,0.0954128440366972,0.0954128440366972,0.1498559077809798,0.0727272727272727,0.0588342910648038
U_31632906,C_1992917,2.0,辽宁对外经贸学院,2020-09-08 09:45:52,4,E,781,80,0.0416666666666666,0.0,0.073394495412844,0.073394495412844,0.0547550432276657,0.0318181818181818,0.0624957060114156
U_31072649,C_682392,0.0,昆明理工大学,2020-08-06 11:51:54,0,A,476,108,0.0972222222222222,0.0,0.1266055045871559,0.255045871559633,0.1354466858789625,0.0234848484848484,0.0627378012458374
U_33713318,C_697076,0.0,辽宁对外经贸学院,2020-12-05 22:30:21,0,A,781,121,0.1527777777777777,0.0,0.5541284403669725,0.5541284403669725,0.855907780979827,0.2863636363636364,0.0766059681136374
U_6102565,C_1829948,0.0,北方民族大学,2020-06-05 16:25:39,4,E,190,61,0.0138888888888888,0.0,0.0311926605504587,0.0311926605504587,0.0172910662824207,0.0045454545454545,0.0654386005268815
U_30343719,C_1741505,1.0,辽宁对外经贸学院,2020-06-03 21:32:42,4,E,781,16,0.0416666666666666,0.0,0.018348623853211,0.018348623853211,0.0172910662824207,0.0045454545454545,0.0616455622369034
U_12668186,C_948387,0.0,深圳信息职业技术学院,2020-10-20 11:21:31,4,E,610,169,0.0416666666666666,0.0,0.073394495412844,0.073394495412844,0.0662824207492795,0.0174242424242424,0.0632852826443306
U_34040631,C_735164,2.0,昆明理工大学,2020-12-07 18:43:07,4,E,476,138,0.0416666666666666,0.0,0.0990825688073394,0.1596330275229358,0.0864553314121037,0.0393939393939393,0.0658252050983276
U_33863451,C_697076,2.0,辽宁对外经贸学院,2020-09-27 22:44:51,4,E,781,121,0.0416666666666666,0.0,0.0715596330275229,0.0715596330275229,0.0749279538904899,0.0303030303030303,0.062284652056105
U_32612217,C_735164,1.0,昆明理工大学,2020-11-28 22:18:18,4,E,476,138,0.0416666666666666,0.0,0.018348623853211,0.0275229357798165,0.0172910662824207,0.0075757575757575,0.0617293311003634
U_33713721,C_697076,2.0,辽宁对外经贸学院,2020-10-06 22:42:54,4,E,781,121,0.0277777777777777,0.0,0.091743119266055,0.091743119266055,0.0893371757925072,0.0295454545454545,0.0628015428386009
U_29337361,C_677087,2.0,辽宁对外经贸学院,2020-06-13 22:05:52,4,E,781,92,0.0416666666666666,0.0,0.0311926605504587,0.0311926605504587,0.0345821325648414,0.009090909090909,0.0619197635039479
U_13650698,C_1829948,0.0,北方民族大学,2020-06-08 16:50:57,3,D,190,61,0.0138888888888888,0.0,0.0073394495412844,0.0073394495412844,0.0057636887608069,0.0015151515151515,0.0687945748336609
U_29820807,C_756642,2.0,辽宁对外经贸学院,2020-05-07 20:51:00,4,E,781,149,0.0416666666666666,0.0,0.0697247706422018,0.0697247706422018,0.063400576368876,0.0325757575757575,0.0620509213271744
U_30631581,C_674920,0.0,辽宁对外经贸学院,2020-06-20 23:20:07,4,E,781,87,0.0555555555555555,0.0,0.2201834862385321,0.2201834862385321,0.1066282420749279,0.028030303030303,0.0682809823108791
U_32166092,C_801420,0.0,辽宁对外经贸学院,2020-09-08 10:21:03,4,E,781,155,0.0277777777777777,0.0,0.0055045871559633,0.0055045871559633,0.0057636887608069,0.0015151515151515,0.0613625160872021
U_5314345,C_1750793,0.0,内蒙古农业大学职业技术学院,2020-05-21 10:12:18,0,A,142,17,0.0277777777777777,0.0,0.036697247706422,0.036697247706422,0.0489913544668587,0.0257575757575757,0.0695711713784217
U_31086788,C_682392,1.0,昆明理工大学,2020-08-01 19:22:52,0,A,476,108,0.0138888888888888,0.0,0.4495412844036697,0.4495412844036697,0.6916426512968299,0.2424242424242424,0.0625960008398397
U_31110649,C_1741505,2.0,辽宁对外经贸学院,2020-07-31 18:56:19,4,E,781,16,0.0277777777777777,0.0,0.0091743119266055,0.0091743119266055,0.0086455331412103,0.0022727272727272,0.0613704943100241
U_7583590,C_735164,0.0,昆明学院,2020-09-17 10:26:23,0,A,473,138,0.1111111111111111,0.0,0.1798165137614679,0.2807339449541284,0.2074927953890489,0.0712121212121212,0.022385948378659
U_5581722,C_1824911,2.0,重庆三峡医药高等专科学校,2020-06-02 09:50:01,0,A,822,57,0.125,0.0,0.1981651376146789,0.2807339449541284,0.239193083573487,0.078030303030303,0.0725238121027725
U_472285,C_1808023,1.0,东北大学,2020-08-06 02:51:19,4,E,45,54,0.0416666666666666,0.0,0.0422018348623853,0.0422018348623853,0.0489913544668587,0.0128787878787878,0.0621509982525543
U_7679096,C_735164,0.0,昆明医科大学,2020-10-24 10:14:04,2,C,471,138,0.1527777777777777,0.0,0.1889908256880734,0.1889908256880734,0.1757925072046109,0.0689393939393939,0.0728940838505892
U_32994536,C_735164,2.0,昆明理工大学,2020-09-17 08:27:26,0,A,476,138,0.1111111111111111,0.0,0.1871559633027523,0.2605504587155963,0.2132564841498559,0.0613636363636363,0.0648531544752825
U_26642218,C_948136,2.0,中国医科大学,2020-05-03 21:39:50,2,C,69,168,0.0138888888888888,0.0,0.2,0.2,0.1757925072046109,0.0469696969696969,0.077193538719917
U_31819522,C_735130,1.0,辽宁对外经贸学院,2020-09-02 16:36:57,4,E,781,137,0.0833333333333333,0.0,0.4605504587155963,0.4605504587155963,0.6657060518731988,0.175,0.0720965587089037
U_11903351,C_707358,1.0,深圳职业技术学院,2020-06-11 11:04:11,1,B,611,134,0.2638888888888889,0.0,0.0330275229357798,0.0477064220183486,0.0489913544668587,0.0128787878787878,0.1001500701346699
U_30625756,C_948136,0.0,广州中医药大学,2020-06-20 11:26:54,1,B,423,168,0.2361111111111111,0.0,0.2,0.2,0.1268011527377521,0.034090909090909,0.1111758651231561
U_29896088,C_837698,0.0,昆明理工大学,2020-05-09 14:49:49,0,A,476,160,0.4166666666666666,0.0,0.2073394495412844,0.2073394495412844,0.3227665706051873,0.2939393939393939,0.0727847807122252
U_31252162,C_1844112,2.0,昆明理工大学,2020-08-19 08:09:26,0,A,476,63,0.0277777777777777,0.0,0.0110091743119266,0.2201834862385321,0.0172910662824207,0.0924242424242424,0.116063262024407
U_30194688,C_735164,2.0,沈阳农业大学,2020-11-30 19:53:51,0,A,533,138,0.125,0.0,0.1889908256880734,0.2055045871559633,0.2910662824207493,0.1166666666666666,0.0723143676585837
U_2438583,C_680979,0.0,西安交通大学,2020-06-29 11:05:45,4,E,715,100,0.0416666666666666,0.0,0.0770642201834862,0.0770642201834862,0.0547550432276657,0.0318181818181818,0.0632543602214252
U_25727251,C_735197,0.0,辽宁石油化工大学,2020-12-03 10:09:03,3,D,790,141,0.2083333333333333,0.0,0.3376146788990826,0.3376146788990826,0.5302593659942363,0.1515151515151515,0.0734026546986711
U_29234021,C_1410126,1.0,辽宁对外经贸学院,2020-06-16 09:50:33,4,E,781,2,0.0416666666666666,0.0,0.0073394495412844,0.0073394495412844,0.0115273775216138,0.0053030303030303,0.0613160631200572
U_25698818,C_674920,0.0,内蒙古大学,2020-05-16 08:45:23,4,E,145,87,0.0416666666666666,0.0,0.0623853211009174,0.0623853211009174,0.0576368876080691,0.0318181818181818,0.0612432240751994
U_16154132,C_786631,0.0,北华航天工学院,2020-04-11 14:43:05,2,C,187,154,0.0277777777777777,0.0,0.1889908256880734,0.1889908256880734,0.1671469740634005,0.0484848484848484,0.0779592302077852
U_5199983,C_674920,2.0,西昌幼儿师范高等专科学校,2020-06-16 17:07:09,4,E,742,87,0.1111111111111111,0.0,0.073394495412844,0.073394495412844,0.1123919308357348,0.0303030303030303,0.0513570719124395
U_30315330,C_697766,0.0,辽宁对外经贸学院,2020-06-04 02:49:18,4,E,781,128,0.0416666666666666,0.0,0.0091743119266055,0.0091743119266055,0.0028818443804034,0.0015151515151515,0.0613752832246541
U_11025109,C_948120,2.0,中国农业大学,2020-10-05 19:48:32,0,A,67,167,0.0833333333333333,0.0,0.0844036697247706,0.0844036697247706,0.1066282420749279,0.0295454545454545,0.0710302154958332
U_5235952,C_674920,0.0,辽宁对外经贸学院,2020-06-04 15:57:22,4,E,781,87,0.0416666666666666,0.0,0.0825688073394495,0.0825688073394495,0.0547550432276657,0.0219696969696969,0.0617984410317607
U_3803898,C_735283,0.0,仲恺,2020-05-29 14:45:22,4,E,121,143,0.0277777777777777,0.0,0.0036697247706422,0.0036697247706422,0.0,0.0,0.0613007653358877
U_989981,C_1774987,1.0,昆明理工大学,2020-09-17 14:25:22,0,A,476,47,0.0138888888888888,0.0,0.036697247706422,0.036697247706422,0.0374639769452449,0.0181818181818181,0.0527214678616763
U_1288525,C_735164,0.0,河北科技大学理工学院,2020-11-26 22:44:45,4,E,563,138,0.0416666666666666,0.0,0.018348623853211,0.0275229357798165,0.0172910662824207,0.0075757575757575,0.0624176422458394
U_28875123,C_758928,0.0,辽宁对外经贸学院,2020-03-19 19:23:19,4,E,781,150,0.0138888888888888,0.0,0.0678899082568807,0.0678899082568807,0.0432276657060518,0.0287878787878787,0.0618316118178947
U_33555020,C_697076,1.0,辽宁对外经贸学院,2020-12-03 21:55:17,3,D,781,121,0.1805555555555555,0.0,0.5541284403669725,0.5541284403669725,0.3429394812680115,0.0962121212121212,0.0959009904872822
U_32744349,C_735164,1.0,昆明理工大学,2020-11-02 10:01:52,4,E,476,138,0.0138888888888888,0.0,0.0036697247706422,0.0036697247706422,0.0057636887608069,0.0015151515151515,0.0603656839452239
U_2438605,C_680979,1.0,西安交通大学,2020-06-29 11:10:41,4,E,715,100,0.0416666666666666,0.0,0.0807339449541284,0.0807339449541284,0.0547550432276657,0.0318181818181818,0.0641377144008066
U_33007325,C_735164,1.0,昆明理工大学,2020-09-17 10:14:10,0,A,476,138,0.0138888888888888,0.0,0.1889908256880734,0.2642201834862385,0.2132564841498559,0.0583333333333333,0.0660269288414738
U_33442895,C_697076,1.0,辽宁对外经贸学院,2020-12-06 11:52:51,4,E,781,121,0.0555555555555555,0.0,0.1963302752293578,0.1963302752293578,0.2881844380403458,0.0901515151515151,0.0650437899248854
U_31099781,C_682392,0.0,昆明理工大学,2020-07-30 23:36:21,0,A,476,108,0.0972222222222222,0.0,0.1357798165137614,0.2623853211009174,0.1296829971181556,0.0196969696969696,0.0613545774831154
U_33230485,C_1912004,1.0,辽宁对外经贸学院,2020-09-21 10:34:11,4,E,781,74,0.0416666666666666,0.0,0.0055045871559633,0.0055045871559633,0.0028818443804034,0.0007575757575757,0.1136688848713313
U_27518217,C_677087,1.0,沈阳工业大学,2020-11-06 17:37:57,4,E,535,92,0.0416666666666666,0.0,0.036697247706422,0.036697247706422,0.0403458213256484,0.0106060606060606,0.062014526566455
U_30318664,C_676635,2.0,辽宁对外经贸学院,2020-06-02 10:51:04,4,E,781,89,0.0416666666666666,0.0,0.018348623853211,0.018348623853211,0.0172910662824207,0.0045454545454545,0.0615913489499807
U_8454096,C_747056,2.0,宝鸡文理学院,2020-04-26 08:48:07,4,E,356,147,0.0416666666666666,0.0,0.0660550458715596,0.0660550458715596,0.0547550432276657,0.0318181818181818,0.063018836744722
U_22884079,C_801420,1.0,南京邮电大学,2020-09-08 15:51:18,4,E,228,155,0.0138888888888888,0.0,0.0036697247706422,0.0036697247706422,0.0,0.0,0.0607272098572221
U_33270627,C_697076,0.0,辽宁对外经贸学院,2020-11-18 19:11:50,4,E,781,121,0.0277777777777777,0.0,0.036697247706422,0.036697247706422,0.031700288184438,0.009090909090909,0.0611542453480467
U_30258286,C_766175,0.0,昆明理工大学,2020-05-29 01:36:10,0,A,476,151,0.0833333333333333,0.0,0.1834862385321101,0.1834862385321101,0.2766570605187319,0.075,0.067374411552609
U_8715853,C_735164,0.0,临沂大学,2020-11-09 10:57:08,0,A,94,138,0.0972222222222222,0.0,0.0715596330275229,0.0862385321100917,0.0979827089337175,0.0469696969696969,0.0656853262009921
U_29691667,C_1714448,2.0,辽宁对外经贸学院,2020-04-27 19:49:18,4,E,781,8,0.0416666666666666,0.0,0.0660550458715596,0.0660550458715596,0.0518731988472622,0.0318181818181818,0.0634010436365493
U_20319134,C_735050,0.0,华南理工大学,2020-05-27 22:09:01,3,D,211,135,0.1666666666666666,0.0,0.2293577981651376,0.2293577981651376,0.0691642651296829,0.0181818181818181,0.0859437127899663
U_31067409,C_682392,0.0,昆明理工大学,2020-08-10 15:44:09,0,A,476,108,0.1527777777777777,0.0,0.4495412844036697,0.4495412844036697,0.6801152737752161,0.2340909090909091,0.0633007289987575
U_14513421,C_1750793,2.0,北京体育大学,2020-06-10 15:55:21,0,A,159,17,0.0972222222222222,0.0,0.036697247706422,0.036697247706422,0.0547550432276657,0.0287878787878787,0.0700897211954585
U_31252150,C_1844112,1.0,昆明理工大学,2020-08-19 08:07:33,0,A,476,63,0.1527777777777777,0.2,0.3669724770642202,0.4330275229357798,0.5504322766570605,0.571969696969697,0.1284686694618609
U_20852848,C_674920,1.0,辽宁对外经贸学院,2020-07-22 19:40:24,4,E,781,87,0.0555555555555555,0.0,0.2201834862385321,0.2201834862385321,0.30835734870317,0.0818181818181818,0.0658965435835858
U_29093687,C_948113,1.0,辽宁对外经贸学院,2020-07-05 20:59:49,4,E,781,166,0.0138888888888888,0.0,0.0055045871559633,0.0055045871559633,0.0086455331412103,0.0022727272727272,0.0605084599625785
U_33344111,C_697076,2.0,辽宁对外经贸学院,2020-11-17 11:48:15,4,E,781,121,0.0416666666666666,0.0,0.0954128440366972,0.0954128440366972,0.0432276657060518,0.031060606060606,0.0610713035256861
U_34407305,C_1912004,1.0,辽宁对外经贸学院,2020-10-07 23:04:24,4,E,781,74,0.0138888888888888,0.0,0.018348623853211,0.018348623853211,0.0144092219020172,0.0037878787878787,0.0086971573643112
U_10839875,C_1750793,1.0,北京体育大学,2020-06-05 16:52:49,0,A,159,17,0.0694444444444444,0.0,0.036697247706422,0.036697247706422,0.0547550432276657,0.0287878787878787,0.0698251175670416
U_22750161,C_1992929,0.0,北京体育大学,2020-09-11 17:31:14,4,E,159,81,0.0555555555555555,0.0,0.0330275229357798,0.0330275229357798,0.0403458213256484,0.0106060606060606,0.0573802983361436
U_24702729,C_948120,2.0,中国农业大学,2020-10-30 10:07:22,2,C,67,167,0.1111111111111111,0.0,0.018348623853211,0.018348623853211,0.0172910662824207,0.0045454545454545,0.0784366557775756
U_30115733,C_1750793,0.0,昆明理工大学,2020-05-22 10:38:46,0,A,476,17,0.0972222222222222,0.0,0.036697247706422,0.036697247706422,0.0489913544668587,0.0257575757575757,0.0702208592093173
U_11534582,C_735197,2.0,辽宁石油化工大学,2020-09-14 13:45:56,4,E,790,141,0.0555555555555555,0.0,0.1192660550458715,0.1192660550458715,0.0605187319884726,0.0401515151515151,0.0609352577409914
U_30584790,C_1829948,0.0,辽宁对外经贸学院,2020-06-17 16:25:26,4,E,781,61,0.0416666666666666,0.0,0.0055045871559633,0.0055045871559633,0.0028818443804034,0.0007575757575757,0.0611959638763226
U_17197175,C_1750793,0.0,北京体育大学,2020-06-16 23:58:42,0,A,159,17,0.0833333333333333,0.0,0.036697247706422,0.036697247706422,0.0518731988472622,0.0272727272727272,0.0699950076563704
U_29937088,C_735164,0.0,三峡大学,2020-11-28 10:13:15,4,E,37,138,0.0416666666666666,0.0,0.0110091743119266,0.0128440366972477,0.0172910662824207,0.0068181818181818,0.0613956967780199
U_30928224,C_676646,2.0,辽宁对外经贸学院,2020-08-18 15:51:05,4,E,781,90,0.0416666666666666,0.0,0.018348623853211,0.018348623853211,0.0144092219020172,0.0037878787878787,0.0611641401271891
U_14654622,C_786631,2.0,北华航天工业学院,2020-05-08 08:10:02,0,A,186,154,0.125,0.0,0.110091743119266,0.110091743119266,0.1383285302593659,0.0431818181818181,0.0678520104543664
U_28401753,C_1912002,0.0,辽宁对外经贸学院,2020-08-18 17:20:58,4,E,781,73,0.0416666666666666,0.0,0.0091743119266055,0.0091743119266055,0.0086455331412103,0.009090909090909,0.073960649305689
U_30681106,C_682575,2.0,辽宁对外经贸学院,2020-06-24 22:05:18,4,E,781,113,0.0416666666666666,0.0,0.0073394495412844,0.0073394495412844,0.0115273775216138,0.003030303030303,0.0602557171930435
U_14411555,C_735115,1.0,昆明理工大学,2020-05-12 08:48:37,0,A,476,136,0.0277777777777777,0.0,0.2385321100917431,0.2385321100917431,0.2997118155619596,0.1007575757575757,0.0701579347529695
U_15488537,C_674920,0.0,辽宁对外经贸学院,2020-05-25 22:39:37,4,E,781,87,0.0416666666666666,0.0,0.018348623853211,0.018348623853211,0.0144092219020172,0.0037878787878787,0.0610730814164329
U_10407977,C_676646,0.0,天津商业大学,2020-08-11 00:48:01,4,E,316,90,0.0416666666666666,0.0,0.018348623853211,0.018348623853211,0.0201729106628242,0.0053030303030303,0.0623990660113234
U_32100696,C_1992917,1.0,辽宁对外经贸学院,2020-09-07 09:59:45,4,E,781,80,0.0277777777777777,0.0,0.0532110091743119,0.0532110091743119,0.0576368876080691,0.0265151515151515,0.0627287978882394
U_33008685,C_735164,2.0,昆明理工大学,2020-09-17 10:27:05,0,A,476,138,0.1111111111111111,0.0,0.1926605504587156,0.2715596330275229,0.2103746397694524,0.0553030303030303,0.0666799198844256
U_29824114,C_735195,1.0,辽宁对外经贸学院,2020-05-08 02:23:52,4,E,781,140,0.0277777777777777,0.0,0.0073394495412844,0.0073394495412844,0.0057636887608069,0.0015151515151515,0.0614188093577283
U_29710291,C_676635,0.0,广州中医药大学,2020-04-28 17:39:11,1,B,423,89,0.2222222222222222,0.0,0.0275229357798165,0.0348623853211009,0.0432276657060518,0.0265151515151515,0.1186376874445126
U_5647329,C_1824911,2.0,重庆三峡医药高等专科学校,2020-06-11 08:23:19,4,E,822,57,0.0416666666666666,0.0,0.0073394495412844,0.0073394495412844,0.0086455331412103,0.0022727272727272,0.0606663950985292
U_894517,C_735164,1.0,昆明理工大学,2020-09-16 15:25:15,0,A,476,138,0.125,0.0,0.2165137614678899,0.273394495412844,0.2276657060518732,0.0674242424242424,0.0662247303298249
U_14638412,C_801420,0.0,青岛工学院,2020-07-18 11:55:08,4,E,887,155,0.0416666666666666,0.0,0.0110091743119266,0.0110091743119266,0.0086455331412103,0.0022727272727272,0.0600135922445702
U_30318758,C_676635,0.0,中国医科大学,2020-06-02 10:59:36,2,C,69,89,0.125,0.0,0.055045871559633,0.055045871559633,0.0778097982708933,0.0204545454545454,0.0754242056199402
U_15488737,C_682575,1.0,辽宁对外经贸学院,2020-07-13 22:54:35,4,E,781,113,0.0416666666666666,0.0,0.0018348623853211,0.0018348623853211,0.0028818443804034,0.0007575757575757,0.0617556428929477
U_6898635,C_697076,0.0,万二中,2020-10-13 10:14:56,4,E,32,121,0.0416666666666666,0.0,0.0807339449541284,0.0807339449541284,0.0662824207492795,0.0287878787878787,0.0615065252376931
U_33459861,C_2027893,1.0,辽宁对外经贸学院,2020-09-23 10:45:13,4,E,781,84,0.0416666666666666,0.0,0.0110091743119266,0.0110091743119266,0.0144092219020172,0.0053030303030303,0.0613840934409175
U_15582293,C_697076,0.0,杏坛中学,2020-10-08 10:15:27,4,E,492,121,0.0416666666666666,0.0,0.0587155963302752,0.0587155963302752,0.0547550432276657,0.0409090909090909,0.0632041830931616
U_33443431,C_697076,2.0,辽宁对外经贸学院,2020-11-20 07:19:46,4,E,781,121,0.0416666666666666,0.0,0.0642201834862385,0.0642201834862385,0.0489913544668587,0.0303030303030303,0.060621383262881
U_15004567,C_677087,2.0,辽宁对外经贸学院,2020-06-29 12:09:55,4,E,781,92,0.0555555555555555,0.0,0.1412844036697247,0.1412844036697247,0.1613832853025936,0.0424242424242424,0.0648524958138081
U_7537463,C_1017355,2.0,广州中医药大学,2020-03-10 16:04:30,0,A,423,0,0.0138888888888888,0.0,0.2036697247706422,0.2642201834862385,0.1959654178674351,0.0613636363636363,0.0704751124431359
U_16043333,C_677087,1.0,辽宁对外经贸学院,2020-08-15 17:47:30,4,E,781,92,0.0416666666666666,0.0,0.0018348623853211,0.0018348623853211,0.0,0.0,0.061121173608751
U_6987797,C_756642,2.0,昆明理工大学,2020-05-11 17:49:21,0,A,476,149,0.0833333333333333,0.0,0.0091743119266055,0.0091743119266055,0.0144092219020172,0.0053030303030303,0.0724672811198345
U_30180145,C_1808506,0.0,中国医科大学,2020-05-25 21:33:56,2,C,69,56,0.1666666666666666,0.0,0.0954128440366972,0.0954128440366972,0.132564841498559,0.1159090909090909,0.0720990645939117
U_29695184,C_697155,1.0,辽宁对外经贸学院,2020-04-27 22:14:19,4,E,781,124,0.0416666666666666,0.0,0.0091743119266055,0.0091743119266055,0.0115273775216138,0.003030303030303,0.0614230238006963
U_23162457,C_808528,2.0,东北师范大学,2020-02-19 20:35:14,0,A,47,156,0.1111111111111111,0.0,0.1889908256880734,0.273394495412844,0.2190201729106628,0.0613636363636363,0.0677278453379212
U_29815904,C_766175,2.0,昆明理工大学,2020-05-07 16:25:07,0,A,476,151,0.0972222222222222,0.0,0.0110091743119266,0.0110091743119266,0.0172910662824207,0.0045454545454545,0.0613847124836566
U_20277208,C_948120,2.0,中国农业大学,2020-09-26 15:35:15,0,A,67,167,0.0833333333333333,0.0,0.0293577981651376,0.0293577981651376,0.0403458213256484,0.0106060606060606,0.0172666076855021
U_29016456,C_735164,1.0,昆明理工大学,2020-09-17 11:43:04,0,A,476,138,0.0138888888888888,0.0,0.1963302752293578,0.3119266055045872,0.1902017291066282,0.0719696969696969,0.0691862109844907
U_30459302,C_1829948,2.0,辽宁对外经贸学院,2020-06-11 18:40:23,4,E,781,61,0.0416666666666666,0.0,0.0568807339449541,0.0568807339449541,0.0432276657060518,0.0113636363636363,0.0696716643005223
U_29965552,C_735164,2.0,昆明理工大学,2020-09-18 16:09:28,0,A,476,138,0.0138888888888888,0.0,0.055045871559633,0.0568807339449541,0.0864553314121037,0.0401515151515151,0.0574816324960572
U_28642291,C_707079,1.0,辽宁对外经贸学院,2020-05-24 21:17:07,4,E,781,132,0.0416666666666666,0.0,0.1009174311926605,0.1009174311926605,0.0864553314121037,0.031060606060606,0.0644403866815095
U_31103498,C_682392,2.0,昆明理工大学,2020-08-07 14:28:31,0,A,476,108,0.1805555555555555,0.0,0.4495412844036697,0.4495412844036697,0.6801152737752161,0.2371212121212121,0.0635510154067037
U_30562116,C_1829948,0.0,辽宁对外经贸学院,2020-06-16 16:15:09,4,E,781,61,0.0555555555555555,0.0,0.0220183486238532,0.0220183486238532,0.0172910662824207,0.0045454545454545,0.0614870377722651
U_26580210,C_681031,1.0,辽宁对外经贸学院,2020-06-14 21:14:19,4,E,781,101,0.0277777777777777,0.0,0.0055045871559633,0.0055045871559633,0.0057636887608069,0.0022727272727272,0.0612984426875304
U_33311454,C_1992945,0.0,辽宁对外经贸学院,2020-09-26 15:14:34,4,E,781,82,0.0277777777777777,0.0,0.0091743119266055,0.0146788990825688,0.0057636887608069,0.0015151515151515,0.0072546832326806
U_5095058,C_674920,0.0,西昌民族幼儿师范高等专科学校,2020-06-29 19:23:46,4,E,751,87,0.4305555555555555,0.0,0.1651376146788991,0.1651376146788991,0.1815561959654178,0.05,0.0677567125389327
U_29702526,C_676635,2.0,华南理工大学,2020-04-28 11:38:12,3,D,211,89,0.1666666666666666,0.0,0.1871559633027523,0.2036697247706422,0.1469740634005763,0.1462121212121212,0.0823531311897377
U_3459807,C_735164,2.0,昆明理工大学,2020-10-10 12:03:58,4,E,476,138,0.0555555555555555,0.0,0.018348623853211,0.0201834862385321,0.0288184438040345,0.0136363636363636,0.0564430511212832
U_31245493,C_801420,0.0,辽宁对外经贸学院,2020-08-18 12:05:51,4,E,781,155,0.0416666666666666,0.0,0.0201834862385321,0.0201834862385321,0.0201729106628242,0.0053030303030303,0.0617958212428887
U_30608318,C_1829948,0.0,辽宁对外经贸学院,2020-06-19 00:50:08,4,E,781,61,0.0138888888888888,0.0,0.0422018348623853,0.0422018348623853,0.0259365994236311,0.0068181818181818,0.0618177254511704
U_30634102,C_1829948,0.0,辽宁对外经贸学院,2020-06-21 11:15:37,4,E,781,61,0.4305555555555555,0.0,0.236697247706422,0.236697247706422,0.132564841498559,0.0348484848484848,0.0725229206812282
U_22253389,C_735115,1.0,昆明理工大学,2020-05-11 15:58:22,0,A,476,136,0.1111111111111111,0.0,0.3486238532110092,0.3486238532110092,0.5100864553314121,0.175,0.0686246946490158
U_19856336,C_735283,0.0,辽宁对外经贸学院,2020-06-15 13:42:32,4,E,781,143,0.0277777777777777,0.0,0.0036697247706422,0.0036697247706422,0.0028818443804034,0.0007575757575757,0.0617598573359158
U_1941458,C_735164,0.0,昆明理工大学,2020-10-12 20:45:32,0,A,476,138,0.0972222222222222,0.0,0.018348623853211,0.0275229357798165,0.0201729106628242,0.009090909090909,0.0617173464329337
U_25278878,C_948395,2.0,西安美术学院,2020-05-25 11:44:41,0,A,727,170,0.0694444444444444,0.0,0.110091743119266,0.110091743119266,0.170028818443804,0.0969696969696969,0.0676901481112787
U_29839283,C_674920,2.0,辽宁对外经贸学院,2020-05-13 08:42:34,4,E,781,87,0.0416666666666666,0.0,0.018348623853211,0.018348623853211,0.0115273775216138,0.003030303030303,0.0611070941006921
U_33268846,C_697076,0.0,辽宁对外经贸学院,2020-11-27 14:57:45,4,E,781,121,0.0416666666666666,0.0,0.0825688073394495,0.0825688073394495,0.0547550432276657,0.0303030303030303,0.0618383271935288
U_11946372,C_948387,2.0,深圳信息技术学院,2020-10-28 11:14:21,4,E,609,169,0.0416666666666666,0.0,0.073394495412844,0.073394495412844,0.100864553314121,0.0265151515151515,0.062498588274409
U_13111918,C_1907852,0.0,合肥工业大学,2020-11-12 15:24:17,4,E,248,71,0.0416666666666666,0.0,0.0128440366972477,0.0128440366972477,0.0201729106628242,0.0053030303030303,0.0610715560951237
U_33234390,C_1912004,2.0,辽宁对外经贸学院,2020-09-21 11:05:21,4,E,781,74,0.0416666666666666,0.0,0.0055045871559633,0.0055045871559633,0.0086455331412103,0.0022727272727272,0.0618584881774571
U_14946323,C_674920,2.0,西昌民族幼儿高等专科学校,2020-06-04 09:18:18,4,E,755,87,0.0277777777777777,0.0,0.1834862385321101,0.1834862385321101,0.2795389048991354,0.0757575757575757,0.0647864414773712
U_30743174,C_735283,1.0,辽宁对外经贸学院,2020-06-29 19:52:59,4,E,781,143,0.0416666666666666,0.0,0.0330275229357798,0.0330275229357798,0.0374639769452449,0.0098484848484848,0.0625584472311126
U_30149767,C_1778562,1.0,华南理工大学,2020-06-18 08:21:37,3,D,211,49,0.0277777777777777,0.0,0.0220183486238532,0.0220183486238532,0.0201729106628242,0.0053030303030303,0.0733197376380201
U_33188651,C_735164,1.0,昆明理工大学,2020-10-28 22:34:32,0,A,476,138,0.125,0.0,0.2862385321100917,0.2880733944954128,0.4495677233429394,0.1636363636363636,0.0691268423096365
U_19861444,C_735306,2.0,辽宁对外经贸学院,2020-10-15 16:50:42,4,E,781,144,0.0277777777777777,0.0,0.055045871559633,0.0587155963302752,0.0835734870317002,0.1439393939393939,0.0553474560753127
U_23432641,C_801420,1.0,辽宁对外经贸学院,2020-08-24 10:06:18,4,E,781,155,0.0416666666666666,0.0,0.1064220183486238,0.1064220183486238,0.1440922190201729,0.0234848484848484,0.1138246720775473
U_28530655,C_1776290,2.0,辽宁对外经贸学院,2020-06-26 15:06:01,4,E,781,48,0.0277777777777777,0.0,0.0091743119266055,0.0091743119266055,0.0144092219020172,0.0075757575757575,0.0614597949394011
U_28134846,C_707079,1.0,华南理工大学,2020-05-14 14:36:35,3,D,211,132,0.2638888888888889,0.0,1.0,1.0,0.7146974063400576,0.2946969696969697,0.0835432334272165
U_32594069,C_735164,1.0,昆明理工大学,2020-11-27 14:59:31,0,A,476,138,0.125,0.0,0.2422018348623853,0.2532110091743119,0.3688760806916426,0.125,0.0690428803048418
U_1335608,C_735164,0.0,江西科技师范大学,2020-11-26 23:14:55,0,A,531,138,0.0972222222222222,0.0,0.0623853211009174,0.0660550458715596,0.0922190201729106,0.0439393939393939,0.0684999798226183
U_33225429,C_697076,1.0,辽宁对外经贸学院,2020-10-05 18:28:21,4,E,781,121,0.0277777777777777,0.0,0.0275229357798165,0.0275229357798165,0.0432276657060518,0.0136363636363636,0.0646461762973664
U_4516899,C_735197,0.0,华南理工大学,2020-10-19 22:07:34,3,D,211,141,0.0972222222222222,0.0,0.073394495412844,0.073394495412844,0.0835734870317002,0.0227272727272727,0.079877930892203
U_21351340,C_823315,1.0,西安石油大学,2020-04-26 16:31:51,4,E,725,158,0.0416666666666666,0.0,0.0110091743119266,0.0110091743119266,0.0115273775216138,0.003030303030303,0.0604906364840333
U_24632851,C_676646,0.0,天津财经大学,2020-06-10 08:41:33,4,E,327,90,0.0416666666666666,0.0,0.0091743119266055,0.0091743119266055,0.0144092219020172,0.0037878787878787,0.061285928119516
U_33554983,C_697076,2.0,辽宁对外经贸学院,2020-11-23 22:05:43,4,E,781,121,0.0416666666666666,0.0,0.091743119266055,0.091743119266055,0.100864553314121,0.0295454545454545,0.0629518464156635
U_11970888,C_948488,2.0,合肥工业大学,2020-03-06 10:30:10,1,B,248,172,0.0277777777777777,0.0,0.0385321100917431,0.0440366972477064,0.0605187319884726,0.0242424242424242,0.1082625311365694
U_30562278,C_1829948,2.0,辽宁对外经贸学院,2020-06-16 16:20:15,4,E,781,61,0.0138888888888888,0.0,0.0458715596330275,0.0458715596330275,0.0259365994236311,0.0068181818181818,0.0619685638811595
U_27179286,C_735283,2.0,昆明理工大学津桥学院,2020-07-01 08:30:21,4,E,480,143,0.0277777777777777,0.0,0.0018348623853211,0.0018348623853211,0.0,0.0,0.0612535893268235
U_4602378,C_735197,1.0,华南理工大学,2020-10-21 11:59:21,4,E,211,141,0.0555555555555555,0.0,0.0220183486238532,0.0220183486238532,0.0230547550432276,0.0068181818181818,0.1711601338615993
U_21108145,C_1844112,0.0,内蒙古大学,2020-08-19 08:02:25,0,A,145,63,0.1805555555555555,0.0,0.3669724770642202,0.3853211009174312,0.5677233429394812,0.5946969696969697,0.2744470515828748
U_5644402,C_1017355,1.0,广州中医药大学,2020-05-02 12:42:39,3,D,423,0,0.2777777777777778,0.0,0.0825688073394495,0.0825688073394495,0.0691642651296829,0.0242424242424242,0.0818383203908452
U_31632648,C_1992917,0.0,辽宁对外经贸学院,2020-08-29 07:56:26,4,E,781,80,0.0416666666666666,0.0,0.073394495412844,0.073394495412844,0.0489913544668587,0.0363636363636363,0.0620200286183205
U_27269862,C_735115,1.0,华南理工大学,2020-02-25 17:14:49,3,D,211,136,0.0555555555555555,0.0,0.1706422018348624,0.3211009174311927,0.0749279538904899,0.1325757575757575,0.0709599863351636
U_488507,C_735164,1.0,江西理工大学,2020-10-29 14:36:21,0,A,529,138,0.0138888888888888,0.0,0.0201834862385321,0.0238532110091743,0.031700288184438,0.0151515151515151,0.0697964088409713
U_6758205,C_1824911,2.0,重庆三峡医药高等专科学校,2020-06-10 18:13:31,4,E,822,57,0.1527777777777777,0.0,0.0715596330275229,0.0715596330275229,0.0432276657060518,0.0272727272727272,0.0649707280246414
U_7207373,C_1017355,0.0,广州中医药大学,2020-05-10 16:42:18,1,B,423,0,0.2083333333333333,0.0,0.073394495412844,0.073394495412844,0.0979827089337175,0.031060606060606,0.1116012613888075
U_31068043,C_682392,0.0,昆明理工大学,2020-07-30 15:50:05,0,A,476,108,0.0833333333333333,0.0,0.0440366972477064,0.0440366972477064,0.031700288184438,0.0106060606060606,0.0499718969270037
U_26966325,C_682392,0.0,昆明理工大学,2020-08-18 19:32:26,0,A,476,108,0.1527777777777777,0.0,0.4495412844036697,0.4495412844036697,0.6743515850144092,0.2333333333333333,0.1019963841981767
U_3319432,C_1828108,1.0,大学,2020-09-18 20:06:26,4,E,300,60,0.0277777777777777,0.0,0.0018348623853211,0.0018348623853211,0.0028818443804034,0.0007575757575757,0.0612276638169084
U_30326063,C_682340,2.0,辽宁对外经贸学院,2020-06-02 18:40:14,4,E,781,106,0.0416666666666666,0.0,0.0275229357798165,0.0275229357798165,0.0144092219020172,0.0037878787878787,0.0621484279871014
U_31067266,C_682392,0.0,华南理工大学,2020-07-30 21:53:01,3,D,211,108,0.0694444444444444,0.0,0.3064220183486238,0.3064220183486238,0.1440922190201729,0.0378787878787878,0.0808705188771616
U_30993934,C_674920,2.0,辽宁对外经贸学院,2020-07-18 16:29:24,4,E,781,87,0.0555555555555555,0.0,0.2201834862385321,0.2201834862385321,0.3458213256484149,0.0931818181818181,0.0654472225541522
U_30953883,C_1829948,1.0,广州中医药大学,2020-07-14 15:44:03,1,B,423,61,0.5138888888888888,0.0,0.3339449541284404,0.3339449541284404,0.377521613832853,0.0992424242424242,0.0994903587637421
U_31034373,C_801420,1.0,辽宁对外经贸学院,2020-08-10 15:58:41,4,E,781,155,0.0416666666666666,0.0,0.0678899082568807,0.0678899082568807,0.0461095100864553,0.0348484848484848,0.0624055288175199
U_26413740,C_747056,2.0,辽宁对外经贸学院,2020-04-16 10:49:15,4,E,781,147,0.0416666666666666,0.0,0.0697247706422018,0.0697247706422018,0.0576368876080691,0.034090909090909,0.062593529621225
U_33500193,C_735164,2.0,昆明理工大学,2020-10-17 13:31:20,0,A,476,138,0.125,0.0,0.2862385321100917,0.2899082568807339,0.4495677233429394,0.1636363636363636,0.0691860624142333
U_9884999,C_735164,0.0,黑龙江科技大学,2020-10-26 21:25:23,4,E,909,138,0.0416666666666666,0.0,0.0807339449541284,0.0807339449541284,0.0518731988472622,0.0295454545454545,0.0623208833895413
U_28413781,C_756642,2.0,广州中医药大学,2020-04-10 09:49:18,1,B,423,149,0.2222222222222222,0.0,0.0238532110091743,0.0238532110091743,0.0374639769452449,0.0318181818181818,0.1215773282713416
U_30584782,C_1829948,0.0,北方民族大学,2020-06-17 16:27:32,4,E,190,61,0.0416666666666666,0.0,0.0220183486238532,0.0220183486238532,0.0288184438040345,0.0075757575757575,0.0614549069779329
U_11064862,C_676646,2.0,天津商业大学,2020-08-11 07:15:13,4,E,316,90,0.0416666666666666,0.0,0.018348623853211,0.018348623853211,0.0230547550432276,0.006060606060606,0.0626184002823126
U_10272850,C_1918363,2.0,新乡医学院三全学院,2020-11-15 15:42:01,4,E,461,76,0.0416666666666666,0.0,0.0073394495412844,0.0073394495412844,0.0115273775216138,0.0083333333333333,0.0615163506840487
U_10407973,C_676646,0.0,天津商业大学,2020-08-11 01:06:11,0,A,316,90,0.1111111111111111,0.0,0.018348623853211,0.018348623853211,0.0288184438040345,0.0075757575757575,0.0725620590393674
U_4516914,C_735197,0.0,华南理工大学,2020-10-20 09:53:20,4,E,211,141,0.0972222222222222,0.0,0.0678899082568807,0.0678899082568807,0.100864553314121,0.0325757575757575,0.0317305842981882
U_29969119,C_756642,2.0,辽宁对外经贸学院,2020-05-13 21:54:00,4,E,781,149,0.0416666666666666,0.0,0.0660550458715596,0.0660550458715596,0.0547550432276657,0.0318181818181818,0.0631064189114552
U_30081801,C_674920,1.0,辽宁对外经贸学院,2020-05-20 14:04:09,4,E,781,87,0.0416666666666666,0.0,0.018348623853211,0.018348623853211,0.0230547550432276,0.006060606060606,0.0613326435607823
U_33271163,C_697076,0.0,辽宁对外经贸学院,2020-11-16 17:31:48,4,E,781,121,0.0416666666666666,0.0,0.0091743119266055,0.0091743119266055,0.0086455331412103,0.0022727272727272,0.0614729186454708
U_31554975,C_697076,2.0,辽宁对外经贸学院,2020-08-28 18:00:02,4,E,781,121,0.0416666666666666,0.0,0.0275229357798165,0.0275229357798165,0.0403458213256484,0.0121212121212121,0.0612727994611044
U_34203584,C_682392,1.0,昆明理工大学,2020-10-10 21:32:35,0,A,476,108,0.0138888888888888,0.0,0.0348623853211009,0.0348623853211009,0.0547550432276657,0.0143939393939393,0.0523075897528464
U_31483378,C_1472684,1.0,辽宁对外经贸学院,2020-08-26 22:52:19,4,E,781,3,0.0416666666666666,0.0,0.1009174311926605,0.1009174311926605,0.0518731988472622,0.0287878787878787,0.0599339932530009
U_14911721,C_674920,0.0,西昌民族幼儿师范高等专科学校,2020-06-05 12:46:49,4,E,751,87,0.0138888888888888,0.0,0.2201834862385321,0.2201834862385321,0.3371757925072046,0.0901515151515151,0.0632437919237826
U_28280868,C_682575,2.0,辽宁对外经贸学院,2020-06-10 14:16:09,4,E,781,113,0.0416666666666666,0.0,0.073394495412844,0.073394495412844,0.100864553314121,0.0265151515151515,0.0630900860878258
U_32538072,C_735164,2.0,昆明理工大学,2020-11-26 21:28:06,0,A,476,138,0.125,0.0,0.2715596330275229,0.273394495412844,0.4236311239193083,0.1522727272727272,0.0666320455951516
U_33343299,C_697076,1.0,辽宁对外经贸学院,2020-11-17 21:33:13,4,E,781,121,0.0416666666666666,0.0,0.0880733944954128,0.0880733944954128,0.0662824207492795,0.0325757575757575,0.0618268823313677
U_4413763,C_1829948,0.0,北方民族大学,2020-06-11 18:48:40,3,D,190,61,0.1944444444444444,0.0,0.4770642201834862,0.4770642201834862,0.5677233429394812,0.1492424242424242,0.0748879709899317
U_33319315,C_1992945,1.0,辽宁对外经贸学院,2020-09-29 18:12:24,4,E,781,82,0.0416666666666666,0.0,0.0660550458715596,0.0660550458715596,0.0547550432276657,0.0318181818181818,0.0629778759247587
U_30321927,C_766175,2.0,昆明理工大学,2020-06-04 23:46:35,0,A,476,151,0.1111111111111111,0.0,0.1706422018348624,0.1706422018348624,0.2622478386167147,0.0712121212121212,0.0669677648534406
U_30955501,C_801420,0.0,辽宁对外经贸学院,2020-07-14 20:19:42,4,E,781,155,0.0277777777777777,0.0,0.0018348623853211,0.0018348623853211,0.0,0.0,0.0612796980733893
U_16115837,C_697766,2.0,广州中医药大学,2020-05-26 19:17:19,1,B,423,128,0.2222222222222222,0.0,0.0678899082568807,0.0678899082568807,0.0547550432276657,0.0151515151515151,0.1114958755528967
U_20253543,C_948120,0.0,中国农业大学,2020-09-23 10:01:51,0,A,67,167,0.0694444444444444,0.0,0.0091743119266055,0.0091743119266055,0.0144092219020172,0.0037878787878787,0.0154433203831211
U_18143524,C_948488,1.0,广州中医药大学,2020-03-06 10:29:02,1,B,423,172,0.0138888888888888,0.0,0.055045871559633,0.055045871559633,0.0864553314121037,0.0212121212121212,0.1101740855916067
U_28188940,C_1854857,2.0,辽宁对外经贸学院,2020-08-13 15:34:21,4,E,781,64,0.0416666666666666,0.0,0.0330275229357798,0.0330275229357798,0.0,0.0,0.0622563345650459
U_33224821,C_697076,1.0,辽宁对外经贸学院,2020-09-24 14:09:46,0,A,781,121,0.1111111111111111,0.0,0.0091743119266055,0.0091743119266055,0.0057636887608069,0.0015151515151515,0.0135438704465899
U_29655839,C_1714448,2.0,辽宁对外经贸学院,2020-04-26 09:59:02,4,E,781,8,0.0416666666666666,0.0,0.0660550458715596,0.0660550458715596,0.063400576368876,0.0348484848484848,0.0623712932778747
U_9447111,C_735164,0.0,昆明理工大学,2020-11-27 09:16:06,0,A,476,138,0.125,0.0,0.2862385321100917,0.3192660550458716,0.4149855907780979,0.1469696969696969,0.0705774773504796
U_7374704,C_1824911,1.0,辽宁对外经贸学院,2020-06-30 16:36:01,4,E,781,57,0.3611111111111111,0.0,0.0862385321100917,0.0862385321100917,0.0662824207492795,0.0174242424242424,0.0663755390457626
U_31153859,C_697076,1.0,辽宁对外经贸学院,2020-08-08 04:00:10,4,E,781,121,0.0416666666666666,0.0,0.0091743119266055,0.0091743119266055,0.0086455331412103,0.003030303030303,0.0607144872908473
U_989552,C_735164,0.0,昆明理工大学,2020-12-03 19:40:01,0,A,476,138,0.125,0.0,0.2862385321100917,0.2862385321100917,0.4495677233429394,0.1636363636363636,0.0690676271573815
U_30773977,C_948436,0.0,辽宁对外经贸学院,2020-06-30 12:57:45,4,E,781,171,0.0277777777777777,0.0,0.0018348623853211,0.0018348623853211,0.0028818443804034,0.0,0.0612135001190369
U_10272727,C_1918363,0.0,新乡医学院三全学院,2020-11-15 16:29:58,2,C,461,76,0.125,0.0,0.0605504587155963,0.0605504587155963,0.0662824207492795,0.0454545454545454,0.07578814332245
U_29083830,C_1472684,1.0,四川高等中医药专科学校,2020-09-18 23:16:12,4,E,294,3,0.0416666666666666,0.0,0.0091743119266055,0.0091743119266055,0.0144092219020172,0.0037878787878787,0.066626918490595
U_20311638,C_676646,0.0,天津财经大学,2020-06-10 08:32:29,1,B,327,90,0.2222222222222222,0.0,0.0660550458715596,0.0660550458715596,0.0835734870317002,0.0219696969696969,0.1137364140812211
U_32612172,C_735164,1.0,昆明理工大学,2020-11-28 22:40:06,0,A,476,138,0.1111111111111111,0.0,0.181651376146789,0.2587155963302752,0.1642651296829971,0.0492424242424242,0.0708881724250817
U_30286561,C_674920,0.0,辽宁对外经贸学院,2020-05-30 15:47:54,4,E,781,87,0.0555555555555555,0.0,0.2201834862385321,0.2201834862385321,0.3458213256484149,0.0931818181818181,0.0654472225541522
U_5245104,C_674920,0.0,辽宁对外经贸学院,2020-06-12 19:35:16,4,E,781,87,0.0416666666666666,0.0,0.0862385321100917,0.0862385321100917,0.0605187319884726,0.0318181818181818,0.0654657245035395
U_20304597,C_801420,0.0,南京邮电大学通达学院,2020-09-04 14:05:19,4,E,229,155,0.0277777777777777,0.0,0.0036697247706422,0.0036697247706422,0.0,0.0,0.061304449878271
U_11064899,C_676646,0.0,天津商业大学,2020-08-11 20:14:53,4,E,316,90,0.0416666666666666,0.0,0.018348623853211,0.018348623853211,0.0288184438040345,0.0075757575757575,0.1052275262530291
U_31888624,C_1944729,1.0,昆明理工大学,2020-09-03 22:06:36,0,A,476,79,0.3333333333333333,0.0,0.073394495412844,0.073394495412844,0.0547550432276657,0.0143939393939393,0.0802537393582785
U_5740658,C_735197,2.0,华南理工大学,2020-09-20 13:12:28,3,D,211,141,0.1527777777777777,0.0,0.2018348623853211,0.2990825688073394,0.0605187319884726,0.1659090909090909,0.0881181672678024
U_12167310,C_948387,2.0,深圳信息职业技术学院,2020-10-28 09:26:53,4,E,610,169,0.0416666666666666,0.0,0.073394495412844,0.073394495412844,0.0922190201729106,0.0242424242424242,0.0629791684859981
U_33344208,C_697076,2.0,辽宁对外经贸学院,2020-11-17 11:36:57,4,E,781,121,0.0416666666666666,0.0,0.0715596330275229,0.0715596330275229,0.0230547550432276,0.0204545454545454,0.0640149210830713
U_20241293,C_948395,2.0,西安美术学院,2020-05-28 15:26:54,0,A,727,170,0.1111111111111111,0.0,0.110091743119266,0.110091743119266,0.1412103746397694,0.0803030303030303,0.0684701271055661
U_29826902,C_1714448,2.0,辽宁对外经贸学院,2020-05-09 09:41:37,4,E,781,8,0.0416666666666666,0.0,0.0293577981651376,0.0293577981651376,0.0403458213256484,0.0106060606060606,0.0624622430371088
U_29674663,C_735283,0.0,辽宁对外经贸学院,2020-05-11 13:39:19,4,E,781,143,0.0277777777777777,0.0,0.0091743119266055,0.0091743119266055,0.0144092219020172,0.0037878787878787,0.0618500741485467
U_19815969,C_808528,0.0,昆明理工大学,2020-02-25 14:24:19,0,A,476,156,0.0555555555555555,0.0,0.1871559633027523,0.2715596330275229,0.2161383285302593,0.0621212121212121,0.0672079781979355
U_10244875,C_735197,0.0,华南理工大学,2020-09-24 12:20:52,3,D,211,141,0.1666666666666666,0.0,0.1798165137614679,0.2477064220183486,0.0835734870317002,0.156060606060606,0.08483427924991
U_5647279,C_1824911,2.0,重庆三峡医药高等专科学校,2020-06-10 18:16:42,4,E,822,57,0.0416666666666666,0.0,0.0256880733944954,0.0256880733944954,0.031700288184438,0.0083333333333333,0.0619520230591698
U_29794568,C_766175,2.0,昆明理工大学,2020-05-06 13:07:25,0,A,476,151,0.0694444444444444,0.0,0.1834862385321101,0.1834862385321101,0.2824207492795388,0.0757575757575757,0.0671776649130854
U_13535284,C_948120,0.0,中国农业大学,2020-09-27 17:20:58,1,B,67,167,0.0138888888888888,0.0,0.0477064220183486,0.0477064220183486,0.063400576368876,0.0181818181818181,0.102360250807067
U_7996963,C_1017355,2.0,广州中医药大学,2020-05-06 11:56:29,1,B,423,0,0.1388888888888889,0.0,0.0825688073394495,0.0825688073394495,0.0979827089337175,0.0303030303030303,0.1119757277702245
U_15763246,C_1714448,2.0,中国医科大学,2020-05-12 22:48:01,0,A,69,8,0.25,0.0,0.1449541284403669,0.1449541284403669,0.1959654178674351,0.0515151515151515,0.0689185468087715
U_31096234,C_735306,2.0,辽宁对外经贸学院,2020-10-14 22:27:10,4,E,781,144,0.0138888888888888,0.0,0.055045871559633,0.0623853211009174,0.0806916426512968,0.1439393939393939,0.0581232189558953
U_29268557,C_1992945,0.0,辽宁对外经贸学院,2020-10-25 21:32:15,4,E,781,82,0.0416666666666666,0.0,0.0660550458715596,0.0660550458715596,0.0576368876080691,0.0318181818181818,0.0613285331169944
U_22326009,C_707358,0.0,湖北文理学院理工学院,2020-05-14 15:52:49,0,A,626,134,0.0277777777777777,0.0,0.018348623853211,0.0220183486238532,0.0230547550432276,0.006060606060606,0.0783892519607834
U_5442504,C_2141845,0.0,宝鸡文理学院,2020-09-15 22:09:59,4,E,356,86,0.0416666666666666,0.0,0.055045871559633,0.055045871559633,0.0806916426512968,0.0212121212121212,0.0623101120458803
U_28341639,C_735283,0.0,辽宁对外经贸学院,2020-06-29 10:56:02,4,E,781,143,0.0277777777777777,0.0,0.0036697247706422,0.0036697247706422,0.0057636887608069,0.0015151515151515,0.0617258496039985
U_30648276,C_735050,0.0,昆明理工大学,2020-06-22 15:13:34,0,A,476,135,0.125,0.0,0.2110091743119266,0.2110091743119266,0.3314121037463977,0.0871212121212121,0.0660265326541208
U_31018748,C_674920,1.0,辽宁对外经贸学院,2020-07-20 02:25:15,4,E,781,87,0.0416666666666666,0.0,0.018348623853211,0.018348623853211,0.0201729106628242,0.0053030303030303,0.0610050560479146
U_20258364,C_948120,0.0,中国农业大学,2020-10-11 21:43:01,4,E,67,167,0.0416666666666666,0.0,0.0935779816513761,0.0935779816513761,0.1123919308357348,0.034090909090909,0.0634225169910845
U_28443697,C_1017355,2.0,上海建桥学院,2020-04-14 20:48:50,3,D,42,0,0.1527777777777777,0.0,0.1853211009174312,0.2110091743119266,0.1181556195965417,0.1492424242424242,0.0868986530717016
U_29962165,C_676635,1.0,中国医科大学,2020-05-13 16:05:26,2,C,69,89,0.125,0.0,0.0642201834862385,0.0642201834862385,0.0951008645533141,0.025,0.0781968485251176
U_33200188,C_697076,0.0,辽宁对外经贸学院,2020-11-23 09:27:04,4,E,781,121,0.0555555555555555,0.0,0.2110091743119266,0.2110091743119266,0.1268011527377521,0.034090909090909,0.0676162789793029
U_29581278,C_677087,1.0,辽宁对外经贸学院,2020-12-05 22:01:07,4,E,781,92,0.0416666666666666,0.0,0.0201834862385321,0.0201834862385321,0.0172910662824207,0.0045454545454545,0.0616713094625096
U_34177197,C_697076,2.0,辽宁对外经贸学院,2020-11-19 07:47:54,4,E,781,121,0.0555555555555555,0.0,0.1834862385321101,0.1834862385321101,0.2103746397694524,0.0621212121212121,0.0654699736129009
U_6758201,C_1824911,1.0,重庆三峡医药高等专科学校,2020-06-02 09:51:11,4,E,822,57,0.0694444444444444,0.0,0.0678899082568807,0.0678899082568807,0.0576368876080691,0.0287878787878787,0.0650158785258631
U_31642962,C_1992917,0.0,辽宁对外经贸学院,2020-08-29 22:14:22,4,E,781,80,0.0416666666666666,0.0,0.0678899082568807,0.0678899082568807,0.0461095100864553,0.0287878787878787,0.0103688694849405
U_32754002,C_735164,1.0,昆明理工大学,2020-11-17 09:29:18,4,E,476,138,0.0416666666666666,0.0,0.0752293577981651,0.0752293577981651,0.0662824207492795,0.0333333333333333,0.0610466705770103
U_32881225,C_735164,0.0,中国医科大学,2020-09-16 10:00:59,2,C,69,138,0.125,0.0,0.2238532110091743,0.2238532110091743,0.132564841498559,0.0469696969696969,0.0803666527538972
U_29685433,C_735186,2.0,辽宁对外经贸学院,2020-05-18 18:34:27,4,E,781,139,0.0277777777777777,0.0,0.0036697247706422,0.0036697247706422,0.0057636887608069,0.003030303030303,0.0611371449114208
U_15042106,C_681411,2.0,辽宁对外经贸学院,2020-07-06 12:21:17,4,E,781,103,0.0416666666666666,0.0,0.0275229357798165,0.0275229357798165,0.0345821325648414,0.009090909090909,0.0613476392520951
U_33360660,C_2027893,0.0,辽宁对外经贸学院,2020-09-22 12:11:11,4,E,781,84,0.0416666666666666,0.0,0.0256880733944954,0.0256880733944954,0.031700288184438,0.0098484848484848,0.0617833859123449
U_814145,C_735115,0.0,二高,2020-05-19 20:32:32,4,E,102,136,0.0416666666666666,0.0,0.0165137614678899,0.0165137614678899,0.0115273775216138,0.003030303030303,0.0615924582745692
U_13400401,C_2027893,0.0,公安边防部队高等专科学校,2020-09-01 11:13:59,4,E,133,84,0.0416666666666666,0.0,0.0055045871559633,0.0055045871559633,0.0086455331412103,0.0022727272727272,0.0612689663484636
U_33748767,C_697076,1.0,辽宁对外经贸学院,2020-11-19 10:03:50,4,E,781,121,0.0416666666666666,0.0,0.073394495412844,0.073394495412844,0.0547550432276657,0.031060606060606,0.0595578925987525
U_34040585,C_735164,1.0,昆明理工大学,2020-10-24 21:43:17,0,A,476,138,0.0416666666666666,0.0,0.1981651376146789,0.2788990825688073,0.2363112391930835,0.0651515151515151,0.0647944692236123
U_32715437,C_2027893,1.0,辽宁对外经贸学院,2020-10-26 10:52:33,4,E,781,84,0.0416666666666666,0.0,0.0055045871559633,0.0055045871559633,0.0086455331412103,0.0022727272727272,0.0608362158550713
U_12980071,C_735197,1.0,辽宁对外经贸学院,2020-09-01 09:27:08,4,E,781,141,0.0416666666666666,0.0,0.0091743119266055,0.0091743119266055,0.0057636887608069,0.0015151515151515,0.0246451513636188
U_32612137,C_735164,2.0,昆明理工大学,2020-11-30 17:56:53,0,A,476,138,0.125,0.0,0.2862385321100917,0.2862385321100917,0.4495677233429394,0.1636363636363636,0.0690676271573815
U_30576643,C_1829948,0.0,辽宁对外经贸学院,2020-06-17 10:33:01,4,E,781,61,0.0277777777777777,0.0,0.0220183486238532,0.0220183486238532,0.0115273775216138,0.003030303030303,0.0612904595123665
U_31232968,C_682556,1.0,辽宁对外经贸学院,2020-08-18 11:05:22,4,E,781,112,0.0416666666666666,0.0,0.055045871559633,0.055045871559633,0.0461095100864553,0.0136363636363636,0.0628306972754434
U_9142934,C_948078,2.0,辽宁对外经贸学院,2020-02-14 18:24:25,4,E,781,164,0.0277777777777777,0.0,0.0935779816513761,0.0935779816513761,0.0547550432276657,0.0265151515151515,0.0634582530903294
U_9749482,C_948113,2.0,唐山学院,2020-06-26 14:30:09,4,E,279,166,0.0416666666666666,0.0,0.0055045871559633,0.0055045871559633,0.0086455331412103,0.0022727272727272,0.0612689663484636
U_32501622,C_696575,1.0,华南理工大学,2020-09-15 16:21:53,3,D,211,116,0.1666666666666666,0.0,0.146788990825688,0.146788990825688,0.2074927953890489,0.0545454545454545,0.081456113499018
U_32385664,C_697076,1.0,辽宁对外经贸学院,2020-09-10 19:33:52,4,E,781,121,0.0416666666666666,0.0,0.0091743119266055,0.0091743119266055,0.0115273775216138,0.003030303030303,0.0606840551497913
U_6159712,C_735197,0.0,华南理工大学,2020-10-04 11:11:07,3,D,211,141,0.1666666666666666,0.0,0.2036697247706422,0.2477064220183486,0.0864553314121037,0.1613636363636363,0.0838297165022055
U_31152087,C_1806527,1.0,清华大学,2020-08-07 15:55:22,4,E,612,53,0.0972222222222222,0.0,0.0,0.0,0.0,0.0143939393939393,0.0866104069629916
U_14827845,C_1472684,2.0,德宏职业学院,2020-11-09 13:28:02,4,E,448,3,0.0416666666666666,0.0,0.0091743119266055,0.0091743119266055,0.0144092219020172,0.0037878787878787,0.0612523215272937
U_29479551,C_1736024,0.0,辽宁对外经贸学院,2020-04-20 12:12:16,4,E,781,14,0.0416666666666666,0.0,0.0587155963302752,0.0587155963302752,0.0172910662824207,0.028030303030303,0.063343957991317
U_1394274,C_1750793,0.0,北京体育大学,2020-05-24 18:26:24,0,A,159,17,0.0416666666666666,0.0,0.036697247706422,0.036697247706422,0.0461095100864553,0.0242424242424242,0.0696732886686698
U_29660047,C_1017355,0.0,华南理工大学,2020-05-07 14:54:35,3,D,211,0,0.1388888888888889,0.0,0.0458715596330275,0.0458715596330275,0.0201729106628242,0.0075757575757575,0.0800164280861447
U_22300502,C_707358,1.0,湖北文理学院理工学院,2020-05-14 11:41:47,0,A,626,134,0.0138888888888888,0.0,0.018348623853211,0.0220183486238532,0.0288184438040345,0.0075757575757575,0.0710157992285242
U_20301261,C_948113,2.0,昆明理工大学,2020-04-01 19:43:50,0,A,476,166,0.1111111111111111,0.0,0.1908256880733945,0.2770642201834862,0.2103746397694524,0.0545454545454545,0.0673424689472696
U_28676650,C_707103,1.0,中国医科大学,2020-09-05 00:33:12,2,C,69,133,0.1111111111111111,0.0,0.055045871559633,0.055045871559633,0.0461095100864553,0.0143939393939393,0.0766844379712504
U_30145834,C_1741505,1.0,辽宁对外经贸学院,2020-05-24 00:49:03,4,E,781,16,0.0277777777777777,0.0,0.0018348623853211,0.0018348623853211,0.0,0.0,0.0611708505504813
U_389144,C_697076,1.0,辽宁对外经贸学院,2020-09-01 20:22:54,4,E,781,121,0.0416666666666666,0.0,0.018348623853211,0.018348623853211,0.0230547550432276,0.006060606060606,0.0609251103924114
U_20243388,C_801420,0.0,辽宁对外经贸学院,2020-09-01 09:36:19,4,E,781,155,0.0277777777777777,0.0,0.0018348623853211,0.0018348623853211,0.0028818443804034,0.0007575757575757,0.0612456853891302
U_30269397,C_766175,0.0,辽宁对外经贸学院,2020-06-01 19:41:23,4,E,781,151,0.0416666666666666,0.0,0.1064220183486238,0.1064220183486238,0.0403458213256484,0.0106060606060606,0.0650682099228588
U_22809097,C_1714448,2.0,中国医科大学,2020-05-29 23:01:53,2,C,69,8,0.1388888888888889,0.0,0.1449541284403669,0.1449541284403669,0.1354466858789625,0.0356060606060606,0.0769002065560622
U_19270586,C_948395,1.0,西安美术学院,2020-03-31 19:59:52,4,E,727,170,0.0277777777777777,0.0,0.0752293577981651,0.0752293577981651,0.0461095100864553,0.0287878787878787,0.061233784911513
U_9332689,C_1017355,2.0,广州中医药大学,2020-03-02 15:10:15,0,A,423,0,0.1111111111111111,0.0,0.2018348623853211,0.273394495412844,0.201729106628242,0.0651515151515151,0.0689183140487016
U_30111637,C_1750793,2.0,昆明理工大学,2020-05-21 21:32:58,0,A,476,17,0.1111111111111111,0.0,0.036697247706422,0.036697247706422,0.0461095100864553,0.0242424242424242,0.0703907542509881
U_31066690,C_682392,2.0,中国医科大学,2020-09-15 20:35:54,2,C,69,108,0.1944444444444444,0.0,0.2128440366972477,0.2825688073394495,0.1959654178674351,0.0704545454545454,0.055594028226824
U_6426094,C_1824911,2.0,重庆三峡医药高等专科学校,2020-06-10 18:00:56,4,E,822,57,0.2222222222222222,0.0,0.0623853211009174,0.0623853211009174,0.0691642651296829,0.0181818181818181,0.0640571546549062
U_19895117,C_948395,0.0,西安美术学院,2020-05-25 12:46:55,0,A,727,170,0.1388888888888889,0.0,0.110091743119266,0.110091743119266,0.1585014409221901,0.0893939393939394,0.0685091812738928
U_5239323,C_674920,0.0,辽宁对外经贸学院,2020-06-05 09:45:06,4,E,781,87,0.0416666666666666,0.0,0.036697247706422,0.036697247706422,0.0403458213256484,0.0106060606060606,0.0609604602089871
U_33138791,C_697076,2.0,辽宁对外经贸学院,2020-09-19 08:48:44,4,E,781,121,0.0416666666666666,0.0,0.0091743119266055,0.0091743119266055,0.0115273775216138,0.0037878787878787,0.0670095873808968
U_5802590,C_1824911,2.0,重庆三峡医药高等专科学校,2020-06-11 12:20:22,4,E,822,57,0.0555555555555555,0.0,0.0623853211009174,0.0623853211009174,0.0576368876080691,0.0257575757575757,0.0601714481430502
U_24642425,C_1736024,2.0,辽宁对外经贸学院,2020-06-04 15:48:11,4,E,781,14,0.0416666666666666,0.0,0.018348623853211,0.0403669724770642,0.0230547550432276,0.0075757575757575,0.0621760422456088
U_3718829,C_1750793,2.0,北京体育大学,2020-06-10 10:56:05,0,A,159,17,0.1111111111111111,0.0,0.036697247706422,0.036697247706422,0.0518731988472622,0.0272727272727272,0.0702596112847873
U_30388799,C_756642,2.0,昆明理工大学,2020-06-07 09:48:49,0,A,476,149,0.0833333333333333,0.0,0.0440366972477064,0.0440366972477064,0.0461095100864553,0.0151515151515151,0.0728284950342921
U_17050375,C_735115,0.0,辽宁对外经贸学院,2020-07-31 01:22:37,4,E,781,136,0.0416666666666666,0.0,0.0073394495412844,0.0073394495412844,0.0057636887608069,0.0015151515151515,0.0604115574883649
U_20244680,C_735385,1.0,辽宁对外经贸学院,2020-09-24 17:05:08,4,E,781,146,0.0277777777777777,0.0,0.0091743119266055,0.0091743119266055,0.0057636887608069,0.0015151515151515,0.0614233754169722
U_30254037,C_1714448,0.0,中国医科大学,2020-05-28 12:28:30,2,C,69,8,0.1388888888888889,0.0,0.1449541284403669,0.1449541284403669,0.132564841498559,0.0348484848484848,0.0769342192403214
U_34203776,C_1912004,2.0,辽宁对外经贸学院,2020-10-03 15:07:13,4,E,781,74,0.0277777777777777,0.0,0.0055045871559633,0.0055045871559633,0.0086455331412103,0.0022727272727272,0.0617963660004992
U_7864743,C_1829948,0.0,北方民族大学,2020-06-05 16:27:25,4,E,190,61,0.0416666666666666,0.0,0.0752293577981651,0.0752293577981651,0.0605187319884726,0.0363636363636363,0.0627329380460788
U_30011549,C_948078,2.0,辽宁对外经贸学院,2020-05-16 16:45:19,4,E,781,164,0.0138888888888888,0.0,0.0036697247706422,0.0036697247706422,0.0,0.0,0.0604415142045973
U_5152400,C_735197,2.0,华南理工大学,2020-09-15 22:17:40,3,D,211,141,0.1527777777777777,0.0,0.2018348623853211,0.3064220183486238,0.0778097982708933,0.1689393939393939,0.0849173201191089
U_34475124,C_1912004,1.0,广东财经大学,2020-10-14 15:09:52,4,E,418,74,0.0277777777777777,0.0,0.0036697247706422,0.0036697247706422,0.0,0.0,0.0613007653358877
U_32718158,C_735164,2.0,昆明理工大学,2020-10-26 19:56:25,0,A,476,138,0.0277777777777777,0.0,0.2862385321100917,0.2862385321100917,0.4495677233429394,0.1636363636363636,0.005523714274724
U_7749553,C_1017355,2.0,广州中医药大学,2020-04-12 17:01:44,2,C,423,0,0.1527777777777777,0.0,0.1908256880733945,0.1908256880733945,0.1757925072046109,0.0674242424242424,0.0784603774953393
U_34131157,C_697076,2.0,辽宁对外经贸学院,2020-11-16 21:16:53,4,E,781,121,0.0555555555555555,0.0,0.1834862385321101,0.1834862385321101,0.1585014409221901,0.0454545454545454,0.0660965141976948
U_20122936,C_948120,2.0,中国农业大学,2020-09-26 18:37:16,4,E,67,167,0.0416666666666666,0.0,0.0697247706422018,0.0697247706422018,0.0489913544668587,0.0287878787878787,0.0622843004398292
U_31066689,C_682392,0.0,中国医科大学,2020-08-03 20:10:20,2,C,69,108,0.125,0.0,0.4495412844036697,0.4495412844036697,0.270893371757925,0.0931818181818181,0.0733172069913025
U_33217259,C_697076,2.0,辽宁对外经贸学院,2020-10-07 08:27:17,0,A,781,121,0.0972222222222222,0.0,0.055045871559633,0.055045871559633,0.0835734870317002,0.0272727272727272,0.0643960830307549
U_30447531,C_1824911,2.0,辽宁对外经贸学院,2020-06-11 09:14:31,4,E,781,57,0.0694444444444444,0.0,0.0018348623853211,0.0018348623853211,0.0028818443804034,0.0507575757575757,0.0492003864373877
U_33366991,C_697076,0.0,辽宁对外经贸学院,2020-11-19 14:08:18,4,E,781,121,0.0416666666666666,0.0,0.036697247706422,0.036697247706422,0.0374639769452449,0.0098484848484848,0.0643220257097864
U_32237169,C_697076,1.0,华南理工大学,2020-09-08 19:26:45,3,D,211,121,0.1805555555555555,0.0,0.218348623853211,0.2844036697247706,0.1152737752161383,0.1492424242424242,0.0749203147349662
U_22292170,C_1912004,1.0,辽宁对外经贸学院,2020-09-21 23:06:48,4,E,781,74,0.0277777777777777,0.0,0.0055045871559633,0.0055045871559633,0.0086455331412103,0.0022727272727272,0.0221179366850021
U_33012879,C_735164,1.0,辽宁对外经贸学院,2020-10-29 21:17:36,4,E,781,138,0.0277777777777777,0.0,0.0201834862385321,0.0256880733944954,0.031700288184438,0.0143939393939393,0.0611437463831909
U_14409245,C_735115,0.0,广州体育学院,2020-05-11 10:45:52,0,A,425,136,0.1388888888888889,0.0,0.4587155963302752,0.4587155963302752,0.6714697406340058,0.231060606060606,0.0674244945863762
U_12911355,C_758928,0.0,辽宁对外经贸学院,2020-07-18 15:40:45,4,E,781,150,0.0416666666666666,0.0,0.0110091743119266,0.0110091743119266,0.0057636887608069,0.0015151515151515,0.0615443759869349
U_32931604,C_1774985,1.0,辽宁对外经贸学院,2020-09-27 23:46:50,4,E,781,46,0.0277777777777777,0.0,0.0073394495412844,0.0073394495412844,0.0086455331412103,0.003030303030303,0.0612777716123851
U_14513360,C_1750793,0.0,北京体育大学,2020-06-16 20:37:21,0,A,159,17,0.0972222222222222,0.0,0.036697247706422,0.036697247706422,0.0547550432276657,0.0287878787878787,0.0700897211954585
U_6931743,C_756642,1.0,辽宁对外经贸学院,2020-05-11 19:36:35,4,E,781,149,0.0416666666666666,0.0,0.0642201834862385,0.0642201834862385,0.0489913544668587,0.0295454545454545,0.0621429853633389
U_11903044,C_707358,0.0,深圳职业技术学院,2020-06-14 08:59:13,1,B,611,134,0.1805555555555555,0.0,0.2073394495412844,0.3119266055045872,0.2824207492795388,0.0742424242424242,0.1089994594226063
U_30600609,C_756642,2.0,昆明理工大学,2020-06-18 15:04:06,0,A,476,149,0.0694444444444444,0.0,0.0348623853211009,0.0348623853211009,0.0432276657060518,0.0159090909090909,0.0728635279009854
U_9810291,C_735197,2.0,华南理工大学,2020-09-17 00:37:39,4,E,211,141,0.0555555555555555,0.0,0.0256880733944954,0.0256880733944954,0.0403458213256484,0.0159090909090909,0.0295034042389506
U_31874742,C_707013,0.0,辽宁对外经贸学院,2020-09-04 17:45:48,4,E,781,129,0.0416666666666666,0.0,0.0587155963302752,0.0587155963302752,0.0662824207492795,0.0174242424242424,0.0625943814240341
U_5643096,C_1824911,2.0,重庆三峡医药高等专科学校,2020-06-03 20:02:41,0,A,822,57,0.125,0.0,0.1853211009174312,0.2587155963302752,0.2161383285302593,0.075,0.0739153607522505
U_13386320,C_697107,1.0,昆明理工大学津桥学院,2020-06-24 20:56:12,3,D,480,122,0.1527777777777777,0.0,0.0477064220183486,0.0477064220183486,0.0432276657060518,0.0128787878787878,0.0755674966808538
U_24870959,C_808528,2.0,东北师范大学,2020-02-19 21:50:57,0,A,47,156,0.1111111111111111,0.0,0.1944954128440367,0.2770642201834862,0.2190201729106628,0.0606060606060606,0.0695329739652459
U_16484461,C_707035,2.0,辽宁对外经贸学院,2020-08-30 15:45:17,4,E,781,130,0.0416666666666666,0.0,0.036697247706422,0.036697247706422,0.0374639769452449,0.0113636363636363,0.0630956772818456
U_31125441,C_1912004,2.0,昆明理工大学,2020-08-03 16:41:13,0,A,476,74,0.3055555555555555,0.0,0.1871559633027523,0.1871559633027523,0.2881844380403458,0.0757575757575757,0.0750517449369979
U_29590648,C_786631,1.0,辽宁对外经贸学院,2020-04-23 12:47:59,4,E,781,154,0.0416666666666666,0.0,0.073394495412844,0.073394495412844,0.0605187319884726,0.0318181818181818,0.0626857620370146
U_14188465,C_735197,1.0,华南理工大学,2020-11-02 10:33:24,4,E,211,141,0.0694444444444444,0.0,0.0495412844036697,0.0495412844036697,0.0547550432276657,0.0189393939393939,0.0627022137168499
U_28897027,C_735164,0.0,重庆理工大学,2020-09-16 10:36:24,2,C,844,138,0.1388888888888889,0.0,0.2348623853211009,0.2348623853211009,0.1498559077809798,0.0583333333333333,0.0663660899773924
U_14911728,C_674920,0.0,西昌民族幼儿师范高等专科学校,2020-06-09 11:24:46,4,E,751,87,0.0694444444444444,0.0,0.2201834862385321,0.2201834862385321,0.3429394812680115,0.0924242424242424,0.0637867518341091
U_3678296,C_676646,0.0,河北地质大学,2020-06-24 10:26:42,4,E,550,90,0.0416666666666666,0.0,0.0036697247706422,0.0036697247706422,0.0028818443804034,0.0007575757575757,0.0611520811746307
U_21159453,C_948078,0.0,重庆大学,2020-02-14 17:06:17,4,E,835,164,0.0555555555555555,0.0,0.055045871559633,0.055045871559633,0.0605187319884726,0.031060606060606,0.0520557086908042
U_15025380,C_735283,1.0,辽宁对外经贸学院,2020-05-03 08:38:03,4,E,781,143,0.0277777777777777,0.0,0.0091743119266055,0.0091743119266055,0.0086455331412103,0.0022727272727272,0.061918099517065
U_34268565,C_697076,1.0,辽宁对外经贸学院,2020-11-19 11:36:19,0,A,781,121,0.0972222222222222,0.0,0.1596330275229358,0.236697247706422,0.0720461095100864,0.0265151515151515,0.0756932168326598
U_33219937,C_697076,2.0,辽宁对外经贸学院,2020-10-26 16:51:46,0,A,781,121,0.0972222222222222,0.0,0.055045871559633,0.055045871559633,0.0864553314121037,0.0287878787878787,0.0654340790387148
U_30356507,C_674920,0.0,辽宁对外经贸学院,2020-06-04 18:18:28,4,E,781,87,0.0138888888888888,0.0,0.1834862385321101,0.1834862385321101,0.2853025936599423,0.0765151515151515,0.0640420846784647
U_12934141,C_1992950,0.0,华南农业大学,2020-10-13 22:41:22,4,E,209,83,0.0138888888888888,0.0,0.0238532110091743,0.0238532110091743,0.031700288184438,0.1666666666666666,0.0551466485154203
U_33230486,C_1912004,0.0,辽宁对外经贸学院,2020-09-21 10:34:13,4,E,781,74,0.0416666666666666,0.0,0.0055045871559633,0.0055045871559633,0.0057636887608069,0.0015151515151515,0.0622135413785748
U_17912758,C_749807,0.0,辽宁对外经贸学院,2020-05-21 14:27:43,4,E,781,148,0.0277777777777777,0.0,0.0018348623853211,0.0018348623853211,0.0028818443804034,0.0007575757575757,0.0612575809144054
U_12980613,C_1992950,0.0,华南农业大学,2020-10-13 18:35:22,4,E,209,83,0.0,0.0,0.0091743119266055,0.0091743119266055,0.0086455331412103,0.0454545454545454,0.061643135589366
U_5832618,C_697766,0.0,武汉职业技术学院,2020-07-06 12:19:51,1,B,511,128,0.2222222222222222,0.0,0.0238532110091743,0.0385321100917431,0.0374639769452449,0.0234848484848484,0.115401569716714
U_33329524,C_697076,2.0,辽宁对外经贸学院,2020-11-17 15:01:39,4,E,781,121,0.0416666666666666,0.0,0.0715596330275229,0.0715596330275229,0.0374639769452449,0.0219696969696969,0.0635556904174696
U_11064950,C_676646,0.0,天津商业大学,2020-08-12 10:43:18,4,E,316,90,0.0416666666666666,0.0,0.0660550458715596,0.0660550458715596,0.0547550432276657,0.0325757575757575,0.0631692393686228
U_29949386,C_1736024,2.0,辽宁对外经贸学院,2020-05-12 18:17:37,4,E,781,14,0.0416666666666666,0.0,0.0110091743119266,0.0146788990825688,0.0172910662824207,0.0075757575757575,0.0613430533834836
U_28939709,C_735164,2.0,昆明理工大学,2020-09-16 08:26:11,0,A,476,138,0.0138888888888888,0.0,0.1889908256880734,0.2642201834862385,0.2132564841498559,0.0583333333333333,0.0660269288414738
U_665476,C_735164,1.0,桂林理工大学,2020-09-18 15:48:32,0,A,497,138,0.1111111111111111,0.0,0.2036697247706422,0.2788990825688073,0.2132564841498559,0.0606060606060606,0.002177174289341
U_15739296,C_735306,2.0,上蔡二高,2020-10-15 16:50:41,0,A,44,144,0.1805555555555555,0.0,0.018348623853211,0.018348623853211,0.0259365994236311,0.0681818181818181,0.0731008391731192
U_32612171,C_735164,1.0,昆明理工大学,2020-12-01 18:03:17,0,A,476,138,0.0833333333333333,0.0,0.0018348623853211,0.0018348623853211,0.0,0.0,0.0663877812349718
U_33555070,C_697076,0.0,辽宁对外经贸学院,2020-10-24 12:56:24,4,E,781,121,0.0277777777777777,0.0,0.1045871559633027,0.1045871559633027,0.0345821325648414,0.0318181818181818,0.064310937416243
U_30298436,C_707358,0.0,昆明理工大学,2020-05-31 21:42:02,0,A,476,134,0.0277777777777777,0.0,0.2073394495412844,0.2073394495412844,0.3256484149855908,0.0856060606060606,0.0700859425585788
U_5277623,C_674920,0.0,西昌名族幼儿师范高等专科学校,2020-06-12 14:53:43,4,E,734,87,0.0833333333333333,0.0,0.018348623853211,0.018348623853211,0.0086455331412103,0.0022727272727272,0.0617120474270867
U_31214335,C_801420,1.0,辽宁对外经贸学院,2020-08-17 11:50:56,4,E,781,155,0.0277777777777777,0.0,0.0073394495412844,0.0073394495412844,0.0,0.0,0.0297572796861176
U_30383773,C_677087,1.0,昆明理工大学,2020-06-06 16:26:27,0,A,476,92,0.125,0.0,0.3614678899082569,0.3614678899082569,0.5677233429394812,0.1492424242424242,0.0683483044468458
U_9046725,C_786631,1.0,中国传媒大学,2020-03-12 15:30:47,4,E,66,154,0.0138888888888888,0.0,0.0880733944954128,0.0880733944954128,0.0489913544668587,0.0257575757575757,0.0632600455099414
U_20334067,C_823315,0.0,西安石油大学,2020-05-19 20:32:07,4,E,725,158,0.0416666666666666,0.0,0.0275229357798165,0.0275229357798165,0.0432276657060518,0.0136363636363636,0.0616498361079744
U_29794242,C_766175,2.0,昆明理工大学,2020-05-06 12:44:20,0,A,476,151,0.0833333333333333,0.0,0.1834862385321101,0.1834862385321101,0.2536023054755043,0.0674242424242424,0.0676536691607468
U_30502896,C_948113,2.0,辽宁对外经贸学院,2020-06-15 08:55:58,4,E,781,166,0.0416666666666666,0.0,0.0110091743119266,0.0110091743119266,0.0086455331412103,0.0022727272727272,0.0613492834296103
U_29110876,C_786631,2.0,昆明理工大学,2020-03-31 09:58:23,0,A,476,154,0.1111111111111111,0.0,0.1926605504587156,0.2752293577981651,0.2161383285302593,0.0537878787878787,0.0671236200057878
U_34497652,C_735164,1.0,昆明理工大学,2020-10-20 16:29:25,0,A,476,138,0.0138888888888888,0.0,0.1504587155963302,0.1504587155963302,0.2363112391930835,0.1037878787878787,0.0079600723160364
U_31280637,C_1829948,1.0,华南理工大学,2020-08-22 11:11:05,3,D,211,61,0.0972222222222222,0.0,0.4770642201834862,0.4770642201834862,0.6974063400576368,0.1833333333333333,0.1027464707466245
U_4740801,C_682392,0.0,陕西工业职业技术学院,2020-09-27 20:04:34,2,C,876,108,0.0138888888888888,0.0,0.1706422018348624,0.1706422018348624,0.0951008645533141,0.034090909090909,0.0095222525676039
U_12448407,C_735385,1.0,厦门大学,2020-04-07 10:20:07,4,E,241,146,0.0416666666666666,0.0,0.0697247706422018,0.0697247706422018,0.0489913544668587,0.034090909090909,0.0637935216855043
U_1207561,C_735164,0.0,武汉纺织大学,2020-12-04 10:27:01,0,A,510,138,0.125,0.0,0.2862385321100917,0.2972477064220183,0.4438040345821325,0.1613636363636363,0.0670645138050549
U_18102881,C_1776290,2.0,河北农业大学,2020-05-12 11:32:45,2,C,545,48,0.1527777777777777,0.0,0.1761467889908257,0.1761467889908257,0.1815561959654178,0.0681818181818181,0.0828479939554041
U_1967892,C_747056,2.0,大连大学,2020-05-24 19:23:28,4,E,306,147,0.0416666666666666,0.0,0.0275229357798165,0.0275229357798165,0.0230547550432276,0.006060606060606,0.0618570470459604
U_27872684,C_735283,2.0,辽宁对外经贸学院,2020-04-20 15:51:29,4,E,781,143,0.0416666666666666,0.0,0.073394495412844,0.073394495412844,0.0489913544668587,0.0318181818181818,0.0632119533176233
U_6765464,C_1824911,0.0,重庆三峡医药高等专科学校,2020-06-02 10:12:09,4,E,822,57,0.0277777777777777,0.0,0.0697247706422018,0.0697247706422018,0.0432276657060518,0.028030303030303,0.0661800948721622
U_3699440,C_1017355,0.0,广州中医药大学,2020-03-12 09:16:20,1,B,423,0,0.0277777777777777,0.0,0.0256880733944954,0.0348623853211009,0.0403458213256484,0.0227272727272727,0.1122450361234589
U_33329930,C_697076,1.0,辽宁对外经贸学院,2020-11-17 14:54:02,4,E,781,121,0.0416666666666666,0.0,0.0825688073394495,0.0825688073394495,0.0749279538904899,0.0333333333333333,0.0620790258675312
U_14825385,C_1714448,1.0,中国医科大学,2020-03-19 16:49:58,2,C,69,8,0.0138888888888888,0.0,0.1853211009174312,0.1853211009174312,0.1585014409221901,0.0628787878787878,0.0765521213000162
U_33344146,C_697076,1.0,辽宁对外经贸学院,2020-11-17 11:37:45,4,E,781,121,0.0416666666666666,0.0,0.0844036697247706,0.0844036697247706,0.0778097982708933,0.0348484848484848,0.0608115036689249
U_5825673,C_735164,0.0,华北电力大学科技学院,2020-11-26 21:46:28,0,A,207,138,0.1388888888888889,0.0,0.2862385321100917,0.2862385321100917,0.4495677233429394,0.1636363636363636,0.0655138810763025
U_11601578,C_1829948,0.0,北方民族大学,2020-06-05 11:00:12,2,C,190,61,0.2222222222222222,0.0,0.1321100917431192,0.218348623853211,0.1383285302593659,0.0969696969696969,0.0789853604045213
U_2434393,C_680979,2.0,西安交通大学,2020-06-29 11:03:35,4,E,715,100,0.0277777777777777,0.0,0.0844036697247706,0.0844036697247706,0.0518731988472622,0.031060606060606,0.0643763083294959
U_34625961,C_735164,0.0,昆明理工大学,2020-11-27 13:11:00,0,A,476,138,0.125,0.0,0.2862385321100917,0.2954128440366972,0.446685878962536,0.1628787878787878,0.0693977255075992
U_23136468,C_823315,1.0,西安石油大学,2020-04-26 16:33:42,4,E,725,158,0.0416666666666666,0.0,0.0788990825688073,0.0788990825688073,0.0605187319884726,0.0318181818181818,0.0610726357056607
U_6766254,C_1824911,2.0,重庆三峡医药高等专科学校,2020-06-06 10:25:17,4,E,822,57,0.0277777777777777,0.0,0.0623853211009174,0.0623853211009174,0.031700288184438,0.0083333333333333,0.064667570414431
U_30561736,C_1829948,1.0,辽宁对外经贸学院,2020-06-16 16:00:42,4,E,781,61,0.0277777777777777,0.0,0.0220183486238532,0.0220183486238532,0.0201729106628242,0.0053030303030303,0.061188421459589
U_29934414,C_697062,0.0,广州中医药大学,2020-05-12 08:28:27,1,B,423,120,0.2361111111111111,0.0,0.1853211009174312,0.1853211009174312,0.2305475504322766,0.0643939393939393,0.1057799716589519
U_24730272,C_697076,0.0,昆明理工大学,2020-10-20 17:54:37,0,A,476,121,0.0833333333333333,0.0,0.1779816513761468,0.2752293577981651,0.1902017291066282,0.0219696969696969,0.0594791800763857
U_971864,C_735164,0.0,昆明理工大学,2020-11-29 18:35:58,0,A,476,138,0.125,0.0,0.2862385321100917,0.2880733944954128,0.4495677233429394,0.1636363636363636,0.0691268423096365
U_33245051,C_697076,2.0,辽宁对外贸易学院,2020-11-23 11:52:09,4,E,783,121,0.0416666666666666,0.0,0.0935779816513761,0.0935779816513761,0.0749279538904899,0.0378787878787878,0.0617288853895913
U_16313828,C_786631,1.0,北华航天工业学院,2020-04-11 15:37:42,2,C,186,154,0.125,0.0,0.2,0.2,0.1671469740634005,0.0659090909090909,0.0820208290473687
U_13099544,C_801420,0.0,南京邮电大学通达学院,2020-09-04 13:49:13,4,E,229,155,0.0277777777777777,0.0,0.0036697247706422,0.0036697247706422,0.0,0.0,0.061304449878271
U_30015522,C_682675,0.0,辽宁对外经贸学院,2020-07-15 16:52:59,4,E,781,114,0.0416666666666666,0.0,0.0256880733944954,0.0256880733944954,0.0345821325648414,0.009090909090909,0.0615836133919124
U_30546443,C_1750793,2.0,昆明理工大学,2020-06-16 19:10:45,0,A,476,17,0.0833333333333333,0.0,0.036697247706422,0.036697247706422,0.0547550432276657,0.0287878787878787,0.0700133758925261
U_34431452,C_697076,0.0,辽宁对外经贸学院,2020-10-24 12:26:57,4,E,781,121,0.0416666666666666,0.0,0.0844036697247706,0.0844036697247706,0.0691642651296829,0.0325757575757575,0.0619667315146517
U_9725248,C_756642,2.0,天津中医药大学,2020-05-08 08:37:04,4,E,313,149,0.0416666666666666,0.0,0.0678899082568807,0.0678899082568807,0.0461095100864553,0.0333333333333333,0.0630395622956283
U_29171763,C_1907855,1.0,辽宁对外经贸学院,2020-08-20 22:58:48,4,E,781,72,0.0416666666666666,0.0,0.0018348623853211,0.0018348623853211,0.0,0.0,0.018217486633073
U_28295262,C_1750795,0.0,辽宁对外经贸学院,2020-06-13 09:50:22,4,E,781,18,0.0416666666666666,0.0,0.0055045871559633,0.0055045871559633,0.0086455331412103,0.0045454545454545,0.0612159564806258
U_30355711,C_1829948,1.0,辽宁对外经贸学院,2020-06-04 17:24:00,4,E,781,61,0.0416666666666666,0.0,0.0311926605504587,0.0311926605504587,0.0345821325648414,0.009090909090909,0.0615277658321584
U_30856205,C_735321,1.0,辽宁对外经贸学院,2020-07-06 10:59:31,4,E,781,145,0.0,0.2,0.0055045871559633,0.0055045871559633,0.0,0.0,0.0652185630233405
U_33559790,C_735164,1.0,辽宁对外经贸学院,2020-10-09 22:23:41,4,E,781,138,0.0138888888888888,0.0,0.018348623853211,0.0201834862385321,0.0288184438040345,0.0136363636363636,0.0605366387880641
U_4458741,C_735197,1.0,华南理工大学,2020-10-19 21:14:57,4,E,211,141,0.0555555555555555,0.0,0.0422018348623853,0.0422018348623853,0.0432276657060518,0.0333333333333333,0.0582922968611504
U_30578600,C_1829948,2.0,辽宁对外经贸学院,2020-06-17 11:35:13,4,E,781,61,0.0277777777777777,0.0,0.0220183486238532,0.0220183486238532,0.0086455331412103,0.0022727272727272,0.0613244672442837
U_17909720,C_786631,1.0,北华航天工业学院,2020-04-22 22:57:18,0,A,186,154,0.0277777777777777,0.0,0.2036697247706422,0.2715596330275229,0.2276657060518732,0.0803030303030303,0.0742441219701516
U_30052116,C_735283,2.0,辽宁对外经贸学院,2020-05-19 12:21:24,4,E,781,143,0.0416666666666666,0.0,0.0422018348623853,0.0422018348623853,0.0461095100864553,0.0128787878787878,0.0628299346147887
U_33459897,C_2027893,1.0,辽宁对外经贸学院,2020-09-23 10:46:23,4,E,781,84,0.0416666666666666,0.0,0.0110091743119266,0.0110091743119266,0.0144092219020172,0.0053030303030303,0.0613840934409175
U_31184931,C_696575,1.0,辽宁对外经贸学院,2020-08-12 23:04:52,4,E,781,116,0.0277777777777777,0.0,0.0,0.0,0.0,0.0303030303030303,0.074097978360296
U_25091,C_1682756,2.0,辽宁对外经贸学院,2020-04-17 19:29:06,4,E,781,6,0.0277777777777777,0.0,0.073394495412844,0.073394495412844,0.0605187319884726,0.0348484848484848,0.0673716481458215
U_30992272,C_1864063,1.0,辽宁对外经贸学院,2020-07-18 13:03:09,4,E,781,66,0.0416666666666666,0.0,0.0073394495412844,0.0073394495412844,0.0028818443804034,0.0015151515151515,0.0617522059676601
U_31081007,C_735115,2.0,昆明理工大学,2020-07-28 07:58:21,0,A,476,136,0.1388888888888889,0.0,0.5211009174311927,0.5211009174311927,0.7780979827089337,0.2636363636363636,0.071715575045529
U_28086033,C_747056,1.0,昆明理工大学,2020-03-02 12:49:21,0,A,476,147,0.0138888888888888,0.0,0.1871559633027523,0.2605504587155963,0.2103746397694524,0.0575757575757575,0.0667563790912219
U_33329593,C_697076,2.0,辽宁对外经贸学院,2020-11-22 19:54:54,4,E,781,121,0.0416666666666666,0.0,0.0091743119266055,0.0091743119266055,0.0144092219020172,0.0045454545454545,0.0614295064162606
U_19322135,C_948113,0.0,西安思源学源,2020-06-22 09:21:51,3,D,720,166,0.0416666666666666,0.0,0.2642201834862385,0.2642201834862385,0.2939481268011527,0.0856060606060606,0.077611040952559
U_28976253,C_948436,2.0,辽宁对外经贸学院,2020-05-18 08:41:53,4,E,781,171,0.0416666666666666,0.0,0.0458715596330275,0.0458715596330275,0.0605187319884726,0.0098484848484848,0.0623684110148813
U_11903064,C_707358,0.0,深圳职业技术学院,2020-06-08 13:55:04,1,B,611,134,0.2361111111111111,0.0,0.0,0.0422018348623853,0.0,0.0272727272727272,0.1162266794028555
U_14339530,C_682392,0.0,辽宁对外经贸学院,2020-09-02 09:02:23,4,E,781,108,0.0416666666666666,0.0,0.0844036697247706,0.0844036697247706,0.0662824207492795,0.0303030303030303,0.0616520894235448
U_31655749,C_801420,2.0,山东农业大学,2020-08-30 20:47:11,4,E,365,155,0.0277777777777777,0.0,0.0055045871559633,0.0055045871559633,0.0,0.0,0.0066776935800284
U_7751019,C_1017355,1.0,广州中医药大学,2020-03-10 17:59:09,3,D,423,0,0.0138888888888888,0.0,0.1779816513761468,0.1981651376146789,0.1037463976945244,0.1318181818181818,0.0813191020076502
U_30745051,C_707035,0.0,辽宁对外经贸学院,2020-06-29 22:36:33,4,E,781,130,0.0138888888888888,0.0,0.073394495412844,0.073394495412844,0.0518731988472622,0.0303030303030303,0.0630695784399636
U_19827450,C_786631,1.0,北华航天工业学院,2020-04-22 18:25:02,2,C,186,154,0.0277777777777777,0.0,0.1908256880733945,0.1908256880733945,0.1585014409221901,0.0628787878787878,0.0826875529344454
U_7749423,C_1017355,1.0,广州中医药大学,2020-05-05 20:23:55,0,A,423,0,0.0972222222222222,0.0,0.0825688073394495,0.0825688073394495,0.1152737752161383,0.0393939393939393,0.0675609761771593
U_30461026,C_1829948,2.0,辽宁对外经贸学院,2020-06-11 19:35:40,4,E,781,61,0.0694444444444444,0.0,0.0513761467889908,0.0513761467889908,0.063400576368876,0.0166666666666666,0.0622818737922918
U_33268444,C_1912004,0.0,辽宁对外经贸学院,2020-09-21 14:59:35,4,E,781,74,0.0416666666666666,0.0,0.0880733944954128,0.0880733944954128,0.0518731988472622,0.0318181818181818,0.0587852183087869
U_30346749,C_1828108,0.0,辽宁对外经贸学院,2020-06-05 08:49:43,4,E,781,60,0.0416666666666666,0.0,0.0715596330275229,0.0715596330275229,0.0605187319884726,0.0318181818181818,0.0611850934858234
U_28576266,C_735385,2.0,华南理工大学,2020-09-18 22:39:11,3,D,211,146,0.1666666666666666,0.0,0.0752293577981651,0.0752293577981651,0.1066282420749279,0.028030303030303,0.0745576993077471
U_33748696,C_697076,2.0,辽宁对外经贸学院,2020-11-19 21:48:41,4,E,781,121,0.0555555555555555,0.0,0.2018348623853211,0.2018348623853211,0.2910662824207493,0.0939393939393939,0.0652217226174811
U_970751,C_735164,0.0,昆明理工大学,2020-11-25 11:31:26,0,A,476,138,0.1111111111111111,0.0,0.1798165137614679,0.2568807339449541,0.1671469740634005,0.0462121212121212,0.0695282890497961
U_32753852,C_735164,1.0,昆明理工大学,2020-11-19 22:30:02,0,A,476,138,0.125,0.0,0.2862385321100917,0.2935779816513761,0.4495677233429394,0.1636363636363636,0.0693044927187432
U_12604620,C_682392,2.0,辽宁对外经贸学院,2020-09-04 10:46:34,4,E,781,108,0.0694444444444444,0.0,0.0807339449541284,0.0807339449541284,0.0720461095100864,0.0295454545454545,0.0655632361158084
U_5314353,C_1750793,0.0,内蒙古农业大学职业技术学院,2020-05-20 20:41:58,0,A,142,17,0.0694444444444444,0.0,0.036697247706422,0.036697247706422,0.0489913544668587,0.0257575757575757,0.069968076821047
U_12198812,C_1714448,0.0,中国医科大学,2020-03-18 18:19:20,2,C,69,8,0.1388888888888889,0.0,0.2036697247706422,0.2036697247706422,0.1671469740634005,0.0613636363636363,0.0794814909697174
U_33555002,C_697076,1.0,辽宁对外经贸学院,2020-11-30 09:27:50,4,E,781,121,0.0416666666666666,0.0,0.073394495412844,0.073394495412844,0.0691642651296829,0.0219696969696969,0.0631246781960887
U_21101250,C_801420,1.0,南京邮电大学通达学院,2020-09-04 09:49:17,4,E,229,155,0.0277777777777777,0.0,0.0036697247706422,0.0036697247706422,0.0028818443804034,0.0007575757575757,0.0612704371940118
U_23135170,C_823315,1.0,西安石油大学,2020-04-26 16:34:27,4,E,725,158,0.0416666666666666,0.0,0.0055045871559633,0.0055045871559633,0.0086455331412103,0.0022727272727272,0.0604406227830529
U_34223919,C_1472684,0.0,辽宁对外经贸学院,2020-10-04 23:24:03,4,E,781,3,0.0277777777777777,0.0,0.0018348623853211,0.0018348623853211,0.0,0.0,0.061215431532383
U_32134033,C_697076,2.0,昆明理工大学,2020-09-07 19:31:02,0,A,476,121,0.1527777777777777,0.0,0.5541284403669725,0.5541284403669725,0.8703170028818443,0.2931818181818181,0.0686459897192422
U_32087914,C_2059281,2.0,辽宁对外经贸学院,2020-09-07 07:45:58,4,E,781,85,0.0416666666666666,0.0,0.0091743119266055,0.0091743119266055,0.0028818443804034,0.0007575757575757,0.0619088931134486
U_12950193,C_1806527,1.0,四川大学,2020-06-23 15:04:03,0,A,285,53,0.0416666666666666,0.0,0.0091743119266055,0.0091743119266055,0.0057636887608069,0.0151515151515151,0.0695834779480757
U_15290910,C_1750793,1.0,昆明理工大学,2020-06-15 00:01:26,0,A,476,17,0.0833333333333333,0.0,0.036697247706422,0.036697247706422,0.0547550432276657,0.0287878787878787,0.0700133758925261
U_5094682,C_674920,0.0,西昌民族幼儿师范高等专科学校,2020-06-29 20:58:46,4,E,751,87,0.1805555555555555,0.0,0.0348623853211009,0.0348623853211009,0.0461095100864553,0.0257575757575757,0.0521764963100647
U_27544166,C_680719,1.0,华南理工大学,2020-04-30 14:30:38,3,D,211,94,0.1388888888888889,0.0,0.0642201834862385,0.0642201834862385,0.0403458213256484,0.0106060606060606,0.0804815569909649
U_31092003,C_1912004,1.0,辽宁对外经贸学院,2020-09-07 17:40:14,4,E,781,74,0.0277777777777777,0.0,0.0055045871559633,0.0055045871559633,0.0028818443804034,0.0007575757575757,0.0618643913690175
U_10272823,C_1918363,0.0,新乡医学院三全学院,2020-11-02 15:54:40,2,C,461,76,0.125,0.0,0.1908256880733945,0.1908256880733945,0.1815561959654178,0.0613636363636363,0.0775599624980672
U_32879053,C_735164,2.0,昆明理工大学,2020-10-21 21:20:22,0,A,476,138,0.1111111111111111,0.0,0.2,0.2825688073394495,0.2536023054755043,0.0681818181818181,0.0642311749973906
U_33310644,C_1912004,2.0,辽宁对外经贸学院,2020-09-21 19:24:34,4,E,781,74,0.0277777777777777,0.0,0.0055045871559633,0.0055045871559633,0.0057636887608069,0.0015151515151515,0.0618303786847583
U_30041844,C_749807,2.0,辽宁对外经贸学院,2020-05-20 10:52:08,4,E,781,148,0.0277777777777777,0.0,0.0825688073394495,0.0825688073394495,0.0576368876080691,0.0287878787878787,0.0647873576606251
U_6758736,C_1824911,1.0,重庆三峡医药高等专科学校,2020-06-10 19:04:18,4,E,822,57,0.0972222222222222,0.0,0.0532110091743119,0.0532110091743119,0.0576368876080691,0.0295454545454545,0.0536195096967036
U_30021066,C_1714448,2.0,辽宁对外经贸学院,2020-05-17 14:10:53,4,E,781,8,0.0416666666666666,0.0,0.1449541284403669,0.1449541284403669,0.0432276657060518,0.0113636363636363,0.0671797498490308
U_29823446,C_766175,1.0,华南理工大学,2020-05-07 23:29:03,3,D,211,151,0.125,0.0,0.1155963302752293,0.1889908256880734,0.1642651296829971,0.1575757575757575,0.0791821664721478
U_31067197,C_682392,0.0,昆明理工大学,2020-08-16 17:57:47,0,A,476,108,0.0972222222222222,0.0,0.4495412844036697,0.4495412844036697,0.6801152737752161,0.2378787878787878,0.0816863484248182
U_33200393,C_697076,0.0,辽宁对外经贸学院,2020-11-16 10:49:22,4,E,781,121,0.0416666666666666,0.0,0.0715596330275229,0.0715596330275229,0.0230547550432276,0.0204545454545454,0.0640264402303612
U_31633405,C_1992917,1.0,辽宁对外经贸学院,2020-09-09 09:52:12,4,E,781,80,0.0416666666666666,0.0,0.1045871559633027,0.1045871559633027,0.0489913544668587,0.0318181818181818,0.0579686415077617
U_13492540,C_1750793,2.0,北京体育大学,2020-07-13 09:42:40,4,E,159,17,0.0416666666666666,0.0,0.073394495412844,0.073394495412844,0.0605187319884726,0.0325757575757575,0.0628910366093126
U_11365469,C_696917,0.0,哈尔滨金融学院,2020-05-01 08:49:28,4,E,277,119,0.0416666666666666,0.0,0.0568807339449541,0.0568807339449541,0.0489913544668587,0.0128787878787878,0.0627589378411225
U_33713353,C_697076,2.0,辽宁对外经贸学院,2020-10-07 09:56:55,4,E,781,121,0.0416666666666666,0.0,0.0844036697247706,0.0844036697247706,0.0778097982708933,0.034090909090909,0.06095767204049
U_1058178,C_735164,0.0,昆明理工大学,2020-09-16 15:32:18,0,A,476,138,0.1111111111111111,0.0,0.1908256880733945,0.2623853211009174,0.2190201729106628,0.0545454545454545,0.0470098472900719
U_15422174,C_948120,2.0,辽宁对外经贸学院,2020-09-26 12:48:13,4,E,781,167,0.0416666666666666,0.0,0.0568807339449541,0.0568807339449541,0.0720461095100864,0.0204545454545454,0.0654577363760337
U_34351848,C_697076,2.0,辽宁对外经贸学院,2020-11-16 18:54:27,4,E,781,121,0.0138888888888888,0.0,0.0275229357798165,0.0275229357798165,0.0201729106628242,0.006060606060606,0.0598358427886252
U_32719303,C_735164,2.0,昆明理工大学,2020-11-30 21:00:33,4,E,476,138,0.0416666666666666,0.0,0.055045871559633,0.055045871559633,0.0864553314121037,0.0401515151515151,0.0620573593716614
U_26579333,C_677087,2.0,辽宁对外经贸学院,2020-06-20 14:12:33,4,E,781,92,0.0416666666666666,0.0,0.036697247706422,0.036697247706422,0.0461095100864553,0.0121212121212121,0.0620099753642369
U_29757682,C_735283,2.0,辽宁对外经贸学院,2020-05-02 14:17:10,4,E,781,143,0.0416666666666666,0.0,0.0697247706422018,0.0697247706422018,0.0547550432276657,0.0333333333333333,0.0622307903854581
U_33366185,C_697076,1.0,辽宁对外经贸学院,2020-10-06 10:20:53,4,E,781,121,0.0416666666666666,0.0,0.0091743119266055,0.0091743119266055,0.0144092219020172,0.0045454545454545,0.060646461922329
U_12061124,C_801420,0.0,南京邮电大学,2020-09-04 13:57:14,4,E,228,155,0.0277777777777777,0.0,0.0036697247706422,0.0036697247706422,0.0028818443804034,0.0007575757575757,0.061307758042669
U_29821808,C_756642,2.0,辽宁对外经贸学院,2020-05-07 21:27:29,4,E,781,149,0.0416666666666666,0.0,0.0660550458715596,0.0660550458715596,0.0576368876080691,0.0318181818181818,0.061656412818035
U_34268789,C_697076,2.0,辽宁对外经贸学院,2020-11-18 22:58:42,0,A,781,121,0.1527777777777777,0.0,0.5541284403669725,0.5541284403669725,0.8703170028818443,0.2931818181818181,0.0764215924242127
U_30117438,C_766175,2.0,华南理工大学,2020-05-22 12:24:57,3,D,211,151,0.0833333333333333,0.0,0.1834862385321101,0.1834862385321101,0.1786743515850144,0.0477272727272727,0.0832964384203191
U_31138630,C_1864063,1.0,辽宁对外经贸学院,2020-08-05 17:38:17,4,E,781,66,0.0416666666666666,0.0,0.0073394495412844,0.0073394495412844,0.0028818443804034,0.0007575757575757,0.0617557865108632
U_6765408,C_1824911,2.0,辽宁对外经贸学院,2020-06-02 10:07:39,4,E,781,57,0.0555555555555555,0.0,0.0532110091743119,0.0532110091743119,0.0461095100864553,0.0234848484848484,0.0570301182394683
U_33713363,C_697076,0.0,辽宁对外经贸学院,2020-12-03 11:36:50,4,E,781,121,0.0416666666666666,0.0,0.0091743119266055,0.0091743119266055,0.0144092219020172,0.0053030303030303,0.0606428813791258
U_19858864,C_948113,2.0,中国医科大学,2020-02-27 17:15:28,2,C,69,166,0.0277777777777777,0.0,0.1669724770642202,0.1669724770642202,0.1585014409221901,0.0613636363636363,0.0733723909372402
U_32719329,C_735164,1.0,昆明理工大学,2020-11-30 20:58:17,4,E,476,138,0.0416666666666666,0.0,0.0532110091743119,0.0587155963302752,0.0835734870317002,0.0386363636363636,0.0621971788408939
U_7101885,C_1017355,1.0,广州中医药大学,2020-03-11 11:50:34,1,B,423,0,0.0138888888888888,0.0,0.0330275229357798,0.0385321100917431,0.0518731988472622,0.0212121212121212,0.1112573410523104
U_8454097,C_747056,2.0,宝鸡文理学院,2020-04-26 08:21:16,4,E,356,147,0.0416666666666666,0.0,0.073394495412844,0.073394495412844,0.0518731988472622,0.0333333333333333,0.0631303733892888
U_31256946,C_947147,2.0,辽宁对外经贸学院,2020-08-19 17:27:38,4,E,781,163,0.0416666666666666,0.0,0.0587155963302752,0.0587155963302752,0.063400576368876,0.031060606060606,0.0640061257238337
U_33499297,C_2027893,0.0,辽宁对外经贸学院,2020-09-23 14:31:15,4,E,781,84,0.0416666666666666,0.0,0.0110091743119266,0.0110091743119266,0.0086455331412103,0.003030303030303,0.061455699352639
U_34269007,C_697076,2.0,辽宁对外经贸学院,2020-11-27 14:06:32,4,E,781,121,0.0555555555555555,0.0,0.1834862385321101,0.1834862385321101,0.1527377521613832,0.0462121212121212,0.0661537979366036
U_32593187,C_735164,2.0,昆明理工大学,2020-09-16 08:19:08,0,A,476,138,0.1388888888888889,0.0,0.1486238532110091,0.236697247706422,0.2305475504322766,0.0666666666666666,0.0597668170470404
U_31099597,C_682392,1.0,昆明理工大学,2020-08-11 10:46:34,0,A,476,108,0.1388888888888889,0.0,0.4495412844036697,0.4495412844036697,0.6599423631123918,0.2272727272727272,0.0628357040931175
U_32237166,C_697076,2.0,昆明理工大学,2020-09-08 19:25:03,0,A,476,121,0.1111111111111111,0.0,0.2972477064220183,0.2972477064220183,0.4380403458213256,0.1371212121212121,0.0657679213594187
U_30486663,C_735115,0.0,辽宁对外经贸学院,2020-06-13 09:54:32,4,E,781,136,0.0555555555555555,0.0,0.0770642201834862,0.0770642201834862,0.0835734870317002,0.025,0.0623448972954779
U_12305895,C_735130,0.0,燕京理工学院,2020-10-09 14:48:40,4,E,654,137,0.0416666666666666,0.0,0.0495412844036697,0.0495412844036697,0.0691642651296829,0.0333333333333333,0.0606726895251008
U_30913383,C_825821,0.0,辽宁对外经贸学院,2020-07-11 19:13:31,4,E,781,159,0.0416666666666666,0.0,0.0018348623853211,0.0018348623853211,0.0,0.0,0.0614788515510827
U_6159564,C_735197,2.0,华南理工大学,2020-10-05 10:44:50,4,E,211,141,0.0416666666666666,0.0,0.0935779816513761,0.0935779816513761,0.0720461095100864,0.0045454545454545,0.0658383387090811
U_11970338,C_948488,0.0,中国医科大学,2020-03-06 14:59:53,2,C,69,172,0.0555555555555555,0.0,0.1853211009174312,0.1853211009174312,0.1642651296829971,0.0606060606060606,0.0754118544792089
U_34124153,C_2027893,0.0,辽宁对外经贸学院,2020-09-30 11:30:08,4,E,781,84,0.0416666666666666,0.0,0.0146788990825688,0.0146788990825688,0.0201729106628242,0.0053030303030303,0.0614740725411366
U_34690790,C_2059281,1.0,辽宁对外经贸学院,2020-10-11 09:26:15,4,E,781,85,0.0555555555555555,0.0,0.0036697247706422,0.0036697247706422,0.0,0.0,0.0614989828209594
U_34269156,C_697076,0.0,辽宁对外经贸学院,2020-11-19 11:15:25,4,E,781,121,0.0416666666666666,0.0,0.036697247706422,0.036697247706422,0.0288184438040345,0.0083333333333333,0.0612298131332987
U_5594134,C_1824911,2.0,重庆三峡医药高等专科学校,2020-06-10 19:01:47,4,E,822,57,0.0416666666666666,0.0,0.0807339449541284,0.0807339449541284,0.0432276657060518,0.0287878787878787,0.0624917887089623
U_30017586,C_735283,1.0,辽宁对外经贸学院,2020-05-16 23:15:58,4,E,781,143,0.0277777777777777,0.0,0.0018348623853211,0.0018348623853211,0.0,0.0,0.0617184508051804
U_14469997,C_682392,2.0,陕西工业职业技术学院,2020-09-01 10:12:55,4,E,876,108,0.0416666666666666,0.0,0.0807339449541284,0.0807339449541284,0.0576368876080691,0.0318181818181818,0.0616614047786834
U_13548993,C_735197,1.0,辽宁石油化工大学,2020-09-09 13:09:24,4,E,790,141,0.0416666666666666,0.0,0.091743119266055,0.091743119266055,0.0662824207492795,0.0242424242424242,0.0643280031864755
U_33442571,C_697076,2.0,辽宁对外经贸学院,2020-11-09 15:24:38,4,E,781,121,0.0416666666666666,0.0,0.055045871559633,0.055045871559633,0.0864553314121037,0.0272727272727272,0.0608644194422664
U_11005210,C_1992929,1.0,北京体育大学,2020-09-15 07:46:08,0,A,159,81,0.1111111111111111,0.0,0.1981651376146789,0.2715596330275229,0.2190201729106628,0.0522727272727272,0.0679459167617226
U_29704101,C_1714448,1.0,辽宁对外经贸学院,2020-04-28 13:21:12,4,E,781,8,0.0416666666666666,0.0,0.0678899082568807,0.0678899082568807,0.0691642651296829,0.0378787878787878,0.0626131408952009
U_31193235,C_735164,1.0,昆明理工大学,2020-09-14 16:35:45,0,A,476,138,0.0972222222222222,0.0,0.2110091743119266,0.2770642201834862,0.2219020172910662,0.0568181818181818,0.067855397856235
U_2390275,C_676635,0.0,龙岗职业技术学校,2020-06-03 18:54:38,1,B,914,89,0.2222222222222222,0.0,0.0642201834862385,0.0642201834862385,0.0922190201729106,0.0242424242424242,0.1136471728799471
U_27943850,C_1829948,0.0,北方民族大学,2020-06-17 08:10:44,4,E,190,61,0.0416666666666666,0.0,0.0311926605504587,0.0311926605504587,0.0201729106628242,0.0053030303030303,0.0619340460580252
U_5581756,C_1824911,2.0,重庆三峡医药高等专科学校,2020-06-02 09:58:29,2,C,822,57,0.1111111111111111,0.0,0.1761467889908257,0.1761467889908257,0.1613832853025936,0.056060606060606,0.0834566763952593
U_894488,C_735164,1.0,攀枝花学院,2020-11-28 13:44:09,0,A,457,138,0.1388888888888889,0.0,0.2807339449541284,0.2862385321100917,0.440922190201729,0.1598484848484848,0.0726638791891007
U_20890043,C_1824911,2.0,重庆三峡医药高等专科学校,2020-06-10 20:41:18,4,E,822,57,0.2361111111111111,0.0,0.0623853211009174,0.0623853211009174,0.0835734870317002,0.0219696969696969,0.0643504818664191
U_32237051,C_697076,1.0,辽宁对外经贸学院,2020-09-08 19:23:48,4,E,781,121,0.0416666666666666,0.0,0.0899082568807339,0.0899082568807339,0.0662824207492795,0.0287878787878787,0.0589837527437412
U_33329483,C_697076,2.0,辽宁对外经贸学院,2020-11-18 20:27:36,4,E,781,121,0.0416666666666666,0.0,0.0807339449541284,0.0807339449541284,0.0489913544668587,0.0318181818181818,0.0620188202468937
U_5622867,C_2141845,0.0,宝鸡文理学院,2020-09-11 13:42:36,0,A,356,86,0.0833333333333333,0.0,0.055045871559633,0.055045871559633,0.0806916426512968,0.0212121212121212,0.0693772129073951
U_33224563,C_697076,2.0,辽宁对外经贸学院,2020-09-27 16:20:08,0,A,781,121,0.0972222222222222,0.0,0.0275229357798165,0.0275229357798165,0.0432276657060518,0.0136363636363636,0.0644648512505602
U_5200027,C_674920,0.0,辽宁对外经贸学院,2020-06-14 22:35:28,4,E,781,87,0.0694444444444444,0.0,0.1834862385321101,0.1834862385321101,0.2795389048991354,0.0757575757575757,0.0648742613565161
U_7592389,C_1732845,2.0,铜仁学院,2020-03-26 10:13:29,0,A,850,13,0.1388888888888889,0.0,0.1908256880733945,0.2825688073394495,0.2219020172910662,0.0575757575757575,0.0673413299086295
U_33455764,C_697076,0.0,辽宁对外经贸学院,2020-11-23 11:46:02,4,E,781,121,0.0416666666666666,0.0,0.0825688073394495,0.0825688073394495,0.0605187319884726,0.0386363636363636,0.0641118928900717
U_8488464,C_735197,1.0,华南理工大学,2020-09-19 22:24:28,3,D,211,141,0.1527777777777777,0.0,0.1706422018348624,0.2752293577981651,0.0720461095100864,0.1681818181818181,0.0835040802120515
U_32594087,C_735164,1.0,昆明理工大学,2020-11-27 12:11:06,0,A,476,138,0.125,0.0,0.2862385321100917,0.2990825688073394,0.4495677233429394,0.1636363636363636,0.0694821431278499
U_24755249,C_948395,0.0,西安美术学院,2020-05-21 22:49:43,0,A,727,170,0.0972222222222222,0.0,0.110091743119266,0.110091743119266,0.1729106628242074,0.1,0.0679099974258269
U_5732084,C_1824911,2.0,重庆三峡医药高等专科学校,2020-06-04 08:07:58,4,E,822,57,0.0277777777777777,0.0,0.0513761467889908,0.0513761467889908,0.0749279538904899,0.0522727272727272,0.0599964323798413
U_30318226,C_676635,2.0,辽宁对外经贸学院,2020-06-02 10:22:56,4,E,781,89,0.0416666666666666,0.0,0.018348623853211,0.018348623853211,0.0115273775216138,0.003030303030303,0.0619882692496318
U_20242485,C_747056,0.0,辽宁对外经贸学院,2020-06-15 00:24:19,4,E,781,147,0.0277777777777777,0.0,0.0018348623853211,0.0018348623853211,0.0,0.0,0.0613368431467246
U_33748456,C_697076,1.0,辽宁对外经贸学院,2020-10-01 21:26:52,4,E,781,121,0.0416666666666666,0.0,0.055045871559633,0.055045871559633,0.0691642651296829,0.0204545454545454,0.0619478284255694
U_28738573,C_674920,1.0,辽宁对外经贸学院,2020-04-28 16:33:16,4,E,781,87,0.0416666666666666,0.0,0.018348623853211,0.018348623853211,0.0288184438040345,0.0075757575757575,0.0609030179951371
U_30576330,C_1829948,0.0,辽宁对外经贸学院,2020-06-17 10:24:13,4,E,781,61,0.0416666666666666,0.0,0.0422018348623853,0.0422018348623853,0.031700288184438,0.0083333333333333,0.0623642609523581
U_6902389,C_756642,2.0,辽宁对外经贸学院,2020-05-11 19:39:10,4,E,781,149,0.0138888888888888,0.0,0.0642201834862385,0.0642201834862385,0.0518731988472622,0.0303030303030303,0.0609040282728874
U_11080345,C_1472684,1.0,皖南医学院,2020-09-26 12:32:27,4,E,668,3,0.0277777777777777,0.0,0.0018348623853211,0.0018348623853211,0.0,0.0,0.0612123610803969
U_33224642,C_697076,0.0,辽宁对外经贸学院,2020-11-02 11:19:25,4,E,781,121,0.0555555555555555,0.0,0.0844036697247706,0.0844036697247706,0.0662824207492795,0.034090909090909,0.0618144370961401
U_15783377,C_735306,0.0,平泉中学,2020-10-14 18:50:03,0,A,397,144,0.0277777777777777,0.2,0.0,0.0954128440366972,0.0,0.2053030303030303,0.0572978418432905
U_30359261,C_1829948,0.0,中国医科大学,2020-06-04 21:17:57,2,C,69,61,0.2083333333333333,0.0,0.1192660550458715,0.2018348623853211,0.0922190201729106,0.0507575757575757,0.0644258367009688
U_3915032,C_735164,2.0,楚雄师范学院外国语学院,2020-09-22 14:31:14,0,A,502,138,0.0138888888888888,0.0,0.1779816513761468,0.2568807339449541,0.2074927953890489,0.0545454545454545,0.0665426558236202
U_2104168,C_1828106,0.0,Hust,2020-08-28 11:56:43,4,E,20,59,0.0694444444444444,0.0,0.0807339449541284,0.0807339449541284,0.0979827089337175,0.0348484848484848,0.0629430857228192
U_13140007,C_801420,2.0,南京邮电大学通达学院,2020-09-01 09:45:15,4,E,229,155,0.0277777777777777,0.0,0.0018348623853211,0.0018348623853211,0.0,0.0,0.0612290306632764
U_29821659,C_756642,2.0,广州中医药大学,2020-05-07 21:21:29,1,B,423,149,0.2222222222222222,0.0,0.0091743119266055,0.0091743119266055,0.0057636887608069,0.0015151515151515,0.1145666147748492
U_30602476,C_1829948,0.0,辽宁对外经贸学院,2020-06-18 16:29:53,4,E,781,61,0.0694444444444444,0.0,0.0513761467889908,0.0513761467889908,0.0259365994236311,0.0068181818181818,0.062724033735319
U_3566111,C_735164,0.0,江苏师范大学,2020-09-17 11:20:24,4,E,522,138,0.0416666666666666,0.0,0.0715596330275229,0.0715596330275229,0.0576368876080691,0.0325757575757575,0.0604974063354285
U_20229092,C_1774985,1.0,辽宁对外经贸学院,2020-08-01 21:55:44,4,E,781,46,0.0277777777777777,0.0,0.0018348623853211,0.0018348623853211,0.0,0.0,0.0611571226586982
U_22946301,C_823315,0.0,西安石油大学,2020-06-27 15:38:40,4,E,725,158,0.0277777777777777,0.0,0.0715596330275229,0.0715596330275229,0.0461095100864553,0.0303030303030303,0.0650780749879497
U_10490464,C_697766,1.0,武汉职业技术学院,2020-07-07 17:59:40,0,A,511,128,0.1111111111111111,0.0,0.1944954128440367,0.2642201834862385,0.2103746397694524,0.0681818181818181,0.0694531224042391
U_6758203,C_1824911,2.0,重庆三峡医药高等专科学校,2020-06-10 18:16:48,4,E,822,57,0.0555555555555555,0.0,0.0568807339449541,0.0568807339449541,0.0403458213256484,0.0272727272727272,0.0645035835166626
U_31120712,C_801420,1.0,辽宁对外经贸学院,2020-08-02 18:25:44,4,E,781,155,0.0277777777777777,0.0,0.0018348623853211,0.0018348623853211,0.0028818443804034,0.0007575757575757,0.0612456853891302
U_979085,C_735164,0.0,昆明理工大学,2019-10-14 19:12:10,4,E,476,138,0.0277777777777777,0.0,0.091743119266055,0.091743119266055,0.0461095100864553,0.0234848484848484,0.0635713744843084
U_24149738,C_749807,1.0,华南理工大学,2020-03-18 14:05:06,3,D,211,148,0.1805555555555555,0.0,0.1651376146788991,0.2477064220183486,0.0806916426512968,0.1537878787878787,0.0813068400090733
U_15145611,C_1829948,2.0,北方民族大学,2020-06-17 18:34:40,4,E,190,61,0.0277777777777777,0.0,0.0311926605504587,0.0311926605504587,0.0374639769452449,0.0098484848484848,0.0700717293372882
U_29692178,C_1017355,0.0,昆明理工大学,2020-04-27 20:21:49,0,A,476,0,0.1666666666666666,0.0,0.0825688073394495,0.0825688073394495,0.1123919308357348,0.0386363636363636,0.06899853208301
U_31126518,C_735050,2.0,辽宁对外经贸学院,2020-08-03 22:15:51,4,E,781,135,0.0416666666666666,0.0,0.0990825688073394,0.0990825688073394,0.1095100864553314,0.0287878787878787,0.0634911168312647
U_31060265,C_735115,1.0,辽宁对外经贸学院,2020-07-25 14:12:08,4,E,781,136,0.0833333333333333,0.0,0.5211009174311927,0.5211009174311927,0.2132564841498559,0.056060606060606,0.0790805147020395
U_29261835,C_735283,2.0,辽宁对外经贸学院,2020-05-16 10:11:17,4,E,781,143,0.0138888888888888,0.0,0.0018348623853211,0.0018348623853211,0.0,0.0,0.0611038899354743
U_30697398,C_735385,1.0,辽宁对外经贸学院,2020-06-27 14:52:38,4,E,781,146,0.0277777777777777,0.0,0.0055045871559633,0.0055045871559633,0.0057636887608069,0.0015151515151515,0.0612725320346411
U_28082520,C_696917,1.0,spc,2020-04-02 18:48:05,4,E,29,119,0.0416666666666666,0.0,0.0660550458715596,0.0660550458715596,0.0489913544668587,0.0356060606060606,0.0641687952986532
U_30597577,C_1829948,0.0,中国医科大学,2020-06-18 12:27:17,2,C,69,61,0.3333333333333333,0.0,0.4752293577981651,0.4752293577981651,0.3919308357348703,0.103030303030303,0.0774263185992004
U_13932475,C_735283,1.0,辽宁对外经贸学院,2019-11-05 21:12:40,4,E,781,143,0.0138888888888888,0.0,0.0642201834862385,0.0642201834862385,0.0403458213256484,0.0295454545454545,0.0623147672472786
U_30352891,C_1829948,1.0,华南理工大学,2020-06-04 15:09:05,3,D,211,61,0.3055555555555555,0.0,0.4770642201834862,0.4770642201834862,0.7406340057636888,0.1946969696969697,0.0711731846545225
U_1235074,C_735197,2.0,华南理工大学,2020-10-19 23:07:47,4,E,211,141,0.2777777777777778,0.0,0.0275229357798165,0.0275229357798165,0.0432276657060518,0.0446969696969697,0.0461495557179674
U_10910876,C_735385,1.0,清华大学,2020-06-09 10:31:23,4,E,612,146,0.0416666666666666,0.0,0.018348623853211,0.018348623853211,0.0172910662824207,0.0045454545454545,0.0614815951485026
U_30043796,C_948488,0.0,华南理工大学,2020-05-18 19:54:27,3,D,211,172,0.1388888888888889,0.0,0.091743119266055,0.091743119266055,0.0489913544668587,0.0128787878787878,0.0815170124475234
U_25353695,C_707103,0.0,中国医科大学,2020-11-15 09:46:22,2,C,69,133,0.1111111111111111,0.0,0.055045871559633,0.055045871559633,0.0288184438040345,0.0075757575757575,0.076899250754073
U_1708709,C_735164,0.0,四川轻化工大学,2020-11-22 17:48:28,0,A,292,138,0.0972222222222222,0.0,0.0091743119266055,0.0091743119266055,0.0144092219020172,0.006060606060606,0.0658525073592945
U_24647910,C_735164,1.0,燕山大学,2020-09-19 16:09:52,0,A,655,138,0.0138888888888888,0.0,0.018348623853211,0.0201834862385321,0.0288184438040345,0.0136363636363636,0.0694704704579607
U_3699441,C_1017355,1.0,广州中医药大学,2020-05-05 11:49:34,4,E,423,0,0.0416666666666666,0.0,0.0055045871559633,0.0055045871559633,0.0086455331412103,0.0037878787878787,0.0610734379850507
U_12156258,C_682392,2.0,陕西工业职业技术学院,2020-09-02 09:03:00,4,E,876,108,0.0416666666666666,0.0,0.0697247706422018,0.0697247706422018,0.0576368876080691,0.031060606060606,0.0612691792991659
U_20288936,C_948113,2.0,西安思源学院,2020-05-26 12:49:14,4,E,721,166,0.0138888888888888,0.0,0.055045871559633,0.055045871559633,0.0864553314121037,0.0303030303030303,0.0613095111717062
U_30186990,C_1714448,2.0,辽宁对外经贸学院,2020-05-26 13:02:36,4,E,781,8,0.0277777777777777,0.0,0.0073394495412844,0.0073394495412844,0.0028818443804034,0.0007575757575757,0.0619993525908333
U_30180400,C_676646,0.0,辽宁对外经贸学院,2020-06-08 13:43:03,4,E,781,90,0.0416666666666666,0.0,0.0256880733944954,0.0256880733944954,0.031700288184438,0.0083333333333333,0.0617044951056693
U_24869420,C_707103,2.0,华南理工大学,2020-09-24 15:01:29,3,D,211,133,0.125,0.0,0.055045871559633,0.055045871559633,0.0230547550432276,0.006060606060606,0.0805143117803781
U_5832612,C_697766,2.0,武汉职业技术学院,2020-07-06 13:23:29,0,A,511,128,0.1111111111111111,0.0,0.1926605504587156,0.273394495412844,0.1988472622478386,0.0636363636363636,0.0698721301488226
U_30365617,C_1829948,2.0,辽宁对外经贸学院,2020-06-05 10:48:59,4,E,781,61,0.0416666666666666,0.0,0.0073394495412844,0.0073394495412844,0.0057636887608069,0.0015151515151515,0.0612373753594
U_32563888,C_1992917,1.0,辽宁对外经贸学院,2020-09-14 07:48:19,4,E,781,80,0.0138888888888888,0.0,0.0587155963302752,0.0587155963302752,0.0489913544668587,0.0272727272727272,0.0619211600643673
U_32726606,C_735164,1.0,昆明理工大学,2020-10-20 15:36:56,0,A,476,138,0.1111111111111111,0.0,0.2,0.273394495412844,0.2305475504322766,0.0636363636363636,0.1293803131130514
U_12061077,C_801420,0.0,南京邮电大学,2020-09-04 13:55:00,4,E,228,155,0.0277777777777777,0.0,0.0055045871559633,0.0055045871559633,0.0,0.0,0.0614171899419227
U_29617207,C_1410126,1.0,昆明理工大学,2020-06-16 17:11:56,0,A,476,2,0.0972222222222222,0.0,0.0073394495412844,0.0073394495412844,0.0057636887608069,0.0022727272727272,0.0702092013964539
U_17912454,C_1750795,0.0,中国医科大学,2020-04-12 11:28:15,2,C,69,18,0.1666666666666666,0.0,0.1853211009174312,0.1853211009174312,0.170028818443804,0.0613636363636363,0.0750683154730391
U_15050573,C_948136,1.0,华南理工大学,2020-07-09 08:59:57,3,D,211,168,0.1388888888888889,0.0,0.110091743119266,0.110091743119266,0.1585014409221901,0.0416666666666666,0.0868622533586404
U_4749192,C_1824911,2.0,辽宁对外经贸学院,2020-06-02 09:50:52,4,E,781,57,0.0138888888888888,0.0,0.0715596330275229,0.0715596330275229,0.0374639769452449,0.0287878787878787,0.0654152353777355
U_18440696,C_948488,1.0,合肥工业大学,2020-03-06 10:29:35,0,A,248,172,0.0277777777777777,0.0,0.2,0.2697247706422018,0.2103746397694524,0.0545454545454545,0.0691669018033715
U_27110193,C_707035,2.0,昆明理工大学,2020-07-07 10:23:48,0,A,476,130,0.125,0.0,0.2091743119266055,0.2788990825688073,0.2305475504322766,0.0886363636363636,0.085156547947563
U_10193358,C_1731884,0.0,保山学院,2020-04-03 10:03:52,4,E,127,11,0.0416666666666666,0.0,0.0752293577981651,0.0752293577981651,0.0518731988472622,0.031060606060606,0.061963804680581
U_31056080,C_758928,1.0,辽宁对外经贸学院,2020-07-24 16:55:43,4,E,781,150,0.0416666666666666,0.0,0.0110091743119266,0.0110091743119266,0.0086455331412103,0.0022727272727272,0.0615103633026758
U_19969595,C_1829948,0.0,北方民族大学,2020-06-13 13:38:03,4,E,190,61,0.1111111111111111,0.0,0.0605504587155963,0.0605504587155963,0.0576368876080691,0.0151515151515151,0.0630101701463741
U_29106742,C_735197,2.0,华南理工大学,2020-09-10 08:13:16,3,D,211,141,0.1527777777777777,0.0,0.1779816513761468,0.2458715596330275,0.1066282420749279,0.1545454545454545,0.0829033215192573
U_33329204,C_697076,0.0,辽宁对外经贸学院,2020-11-20 15:30:12,4,E,781,121,0.0277777777777777,0.0,0.0880733944954128,0.0880733944954128,0.0403458213256484,0.0303030303030303,0.0607907285945995
U_30456074,C_1829948,1.0,辽宁对外经贸学院,2020-06-11 15:38:00,4,E,781,61,0.0555555555555555,0.0,0.236697247706422,0.236697247706422,0.1585014409221901,0.0416666666666666,0.0688623327757159
U_9149267,C_1760297,0.0,辽宁对外经贸学院,2020-11-07 16:56:23,4,E,781,29,0.0416666666666666,0.0,0.0018348623853211,0.0018348623853211,0.0028818443804034,0.0007575757575757,0.0613794976676221
U_6676709,C_1410126,2.0,河南师范大学,2020-06-16 18:26:05,4,E,572,2,0.0416666666666666,0.0,0.0073394495412844,0.0073394495412844,0.0086455331412103,0.003030303030303,0.0613180638661901
U_14460366,C_854832,2.0,清华大学,2020-05-22 01:05:28,1,B,612,161,0.2222222222222222,0.0,0.0513761467889908,0.0513761467889908,0.0345821325648414,0.0113636363636363,0.1140937453596189
U_3246843,C_801420,1.0,工程师,2020-07-19 11:06:43,4,E,392,155,0.0416666666666666,0.0,0.1119266055045871,0.1119266055045871,0.132564841498559,0.0181818181818181,0.0634979163967114
U_31072487,C_801420,1.0,辽宁对外经贸学院,2020-07-27 16:10:48,4,E,781,155,0.0416666666666666,0.0,0.0752293577981651,0.0752293577981651,0.0922190201729106,0.0075757575757575,0.0632868872031104
U_27429148,C_735385,1.0,辽宁对外经贸学院,2020-02-26 17:15:32,4,E,781,146,0.0138888888888888,0.0,0.0660550458715596,0.0660550458715596,0.0403458213256484,0.028030303030303,0.0617860354152684
U_4010494,C_697076,0.0,辽宁省交通高等专科学校,2020-09-28 12:34:48,0,A,789,121,0.1111111111111111,0.0,0.2,0.2862385321100917,0.2334293948126801,0.059090909090909,0.0650561262085909
U_1019197,C_735164,0.0,昆明理工大学,2020-09-21 22:49:05,0,A,476,138,0.0277777777777777,0.0,0.1798165137614679,0.2220183486238532,0.1729106628242074,0.0712121212121212,0.0641352629915596
U_32258704,C_801420,0.0,辽宁对外经贸学院,2020-09-09 10:56:42,4,E,781,155,0.0277777777777777,0.0,0.0073394495412844,0.0073394495412844,0.0086455331412103,0.0022727272727272,0.0614039226179375
U_22838286,C_697076,2.0,昆明理工大学,2020-09-27 13:10:14,0,A,476,121,0.1111111111111111,0.0,0.1779816513761468,0.2770642201834862,0.2507204610951008,0.0522727272727272,0.0614391436736235
U_31100694,C_680719,2.0,辽宁对外经贸学院,2020-07-30 14:18:41,4,E,781,94,0.0416666666666666,0.0,0.0513761467889908,0.0513761467889908,0.0403458213256484,0.0106060606060606,0.0626500308901116
U_12066268,C_948109,0.0,西京学院,2020-05-14 13:47:32,0,A,701,165,0.1805555555555555,0.2,0.0587155963302752,0.3412844036697248,0.0922190201729106,0.1257575757575757,0.0712248029142827
U_6233370,C_674920,2.0,北京第二外国语学院,2020-06-17 11:06:34,4,E,179,87,0.0555555555555555,0.0,0.2201834862385321,0.2201834862385321,0.1095100864553314,0.0287878787878787,0.068517090163928
U_31050113,C_1907842,1.0,辽宁对外经贸学院,2020-07-23 16:13:39,4,E,781,70,0.0416666666666666,0.0,0.0275229357798165,0.0275229357798165,0.0115273775216138,0.0075757575757575,0.0636272121393786
U_29924333,C_735115,0.0,辽宁对外经贸学院,2020-05-11 20:41:42,4,E,781,136,0.0416666666666666,0.0,0.0055045871559633,0.0055045871559633,0.0028818443804034,0.0007575757575757,0.0603701460052876
U_21138961,C_936971,1.0,nue,2020-08-25 16:22:45,4,E,28,162,0.0277777777777777,0.0,0.0073394495412844,0.0073394495412844,0.0,0.0,0.0610773305257944
U_13816090,C_1750793,1.0,北京体育大学,2020-06-16 17:16:13,4,E,159,17,0.0138888888888888,0.0,0.0238532110091743,0.0238532110091743,0.031700288184438,0.0166666666666666,0.0611848112023343
U_30566547,C_1829948,0.0,辽宁对外经贸学院,2020-06-16 19:24:58,4,E,781,61,0.0416666666666666,0.0,0.0825688073394495,0.0825688073394495,0.0979827089337175,0.0257575757575757,0.0628912792740663
U_3120077,C_747056,0.0,湖南农业大学,2020-06-13 10:58:19,4,E,637,147,0.0416666666666666,0.0,0.0348623853211009,0.0348623853211009,0.0432276657060518,0.0113636363636363,0.0619080363582976
U_5442521,C_2141845,0.0,宝鸡文理学院,2020-09-13 22:35:37,3,D,356,86,0.1388888888888889,0.0,0.055045871559633,0.055045871559633,0.0576368876080691,0.0151515151515151,0.07994944766177
U_29898139,C_1017355,0.0,辽宁对外经贸学院,2020-05-09 16:35:40,4,E,781,0,0.0416666666666666,0.0,0.0532110091743119,0.0532110091743119,0.0201729106628242,0.0053030303030303,0.0630782598953373
U_32729740,C_735164,2.0,昆明理工大学,2020-09-15 11:08:44,4,E,476,138,0.0416666666666666,0.0,0.0807339449541284,0.0807339449541284,0.0547550432276657,0.0295454545454545,0.0609320634804574
U_26212948,C_707079,2.0,辽宁对外经贸学院,2020-07-26 09:45:07,4,E,781,132,0.0416666666666666,0.0,0.0642201834862385,0.0642201834862385,0.063400576368876,0.0242424242424242,0.0628576528724763
U_2218610,C_680895,2.0,首都医科大学燕京医学院,2020-06-02 13:05:40,4,E,897,98,0.0416666666666666,0.0,0.0110091743119266,0.0110091743119266,0.0057636887608069,0.0015151515151515,0.0614449329613199
U_33093848,C_735197,0.0,华南理工大学,2020-09-25 15:12:44,3,D,211,141,0.1944444444444444,0.0,0.2293577981651376,0.2293577981651376,0.0345821325648414,0.1606060606060606,0.0665650899324865
U_32852277,C_697076,1.0,辽宁对外经贸学院,2020-09-15 21:59:57,4,E,781,121,0.0416666666666666,0.0,0.018348623853211,0.018348623853211,0.0144092219020172,0.0037878787878787,0.0610271484451889
U_12420119,C_697076,0.0,长沙理工大学,2020-11-11 16:01:33,2,C,862,121,0.1805555555555555,0.0,0.1027522935779816,0.2311926605504587,0.100864553314121,0.0772727272727272,0.0783579234458411
U_4451377,C_735164,0.0,华北科技学院,2020-11-30 16:16:46,3,D,208,138,0.1944444444444444,0.0,0.2862385321100917,0.4825688073394495,0.2593659942363112,0.0878787878787878,0.0830816751609156
U_12167291,C_948387,0.0,深圳信息职业技术学院,2020-11-08 14:25:18,4,E,610,169,0.0416666666666666,0.0,0.0091743119266055,0.0091743119266055,0.0115273775216138,0.003030303030303,0.0612917817876573
U_5581909,C_1824911,1.0,重庆三峡医药高等专科学校,2020-06-02 09:51:00,4,E,822,57,0.0416666666666666,0.0,0.0605504587155963,0.0605504587155963,0.0518731988472622,0.0363636363636363,0.0671063809035883
U_31171419,C_1944729,2.0,辽宁对外经贸学院,2020-09-15 22:25:18,4,E,781,79,0.0416666666666666,0.0,0.036697247706422,0.036697247706422,0.0461095100864553,0.0121212121212121,0.0069661884063545
U_31683168,C_682392,2.0,昆明理工大学,2020-09-15 20:52:19,0,A,476,108,0.0972222222222222,0.0,0.1339449541284403,0.2788990825688073,0.1959654178674351,0.0371212121212121,0.0519819584150344
U_33343450,C_697076,2.0,辽宁对外经贸学院,2020-11-23 14:55:07,4,E,781,121,0.0416666666666666,0.0,0.0715596330275229,0.0715596330275229,0.0230547550432276,0.0196969696969696,0.0639533535684077
U_15667223,C_680814,0.0,辽宁对外经贸学院,2020-05-13 19:58:32,4,E,781,96,0.0416666666666666,0.0,0.0678899082568807,0.0678899082568807,0.0576368876080691,0.0325757575757575,0.0616630390515147
U_14946298,C_674920,2.0,西昌民族幼儿师范高等专科学校,2020-06-09 11:31:43,4,E,751,87,0.0694444444444444,0.0,0.0807339449541284,0.0807339449541284,0.0691642651296829,0.0242424242424242,0.0609753717104875
U_5245764,C_674920,0.0,西昌民族幼儿师范高等专科学校,2020-06-19 12:22:11,4,E,751,87,0.0138888888888888,0.0,0.036697247706422,0.036697247706422,0.0576368876080691,0.031060606060606,0.0487281905406575
U_19303344,C_948436,2.0,西安美术学院,2020-05-23 15:40:16,4,E,727,171,0.0416666666666666,0.0,0.0293577981651376,0.0293577981651376,0.031700288184438,0.0,0.0622815716994351
U_33442579,C_697076,2.0,辽宁对外经贸学院,2020-11-09 15:25:12,4,E,781,121,0.0277777777777777,0.0,0.073394495412844,0.073394495412844,0.0461095100864553,0.0295454545454545,0.0594129672650076
U_4738971,C_735197,0.0,华南理工大学,2020-09-14 14:31:54,4,E,211,141,0.0555555555555555,0.0,0.1064220183486238,0.1064220183486238,0.0432276657060518,0.028030303030303,0.0570610159006642
U_5199952,C_674920,0.0,西昌民族幼儿师范高等专科学校,2020-06-04 09:14:54,4,E,751,87,0.0555555555555555,0.0,0.073394495412844,0.073394495412844,0.0461095100864553,0.0189393939393939,0.0625081661036689
U_4703762,C_682392,0.0,陕工院,2019-11-03 12:30:46,0,A,871,108,0.3194444444444444,0.0,0.1834862385321101,0.3009174311926605,0.2103746397694524,0.0659090909090909,0.0770343456891205
U_19952466,C_1755941,2.0,辽宁工程技术大学,2020-09-19 18:51:55,0,A,785,24,0.0277777777777777,0.0,0.146788990825688,0.146788990825688,0.2276657060518732,0.0598484848484848,0.066193154197787
U_29657024,C_735115,0.0,辽宁对外经贸学院,2020-04-26 10:39:11,4,E,781,136,0.0416666666666666,0.0,0.0825688073394495,0.0825688073394495,0.0806916426512968,0.0393939393939393,0.0623652266590311
U_30113254,C_1750793,1.0,昆明理工大学,2020-05-22 08:18:27,0,A,476,17,0.0138888888888888,0.0,0.0165137614678899,0.0165137614678899,0.0230547550432276,0.0121212121212121,0.0671322024143232
U_32259017,C_735197,1.0,辽宁对外经贸学院,2020-09-09 10:42:33,4,E,781,141,0.0416666666666666,0.0,0.0788990825688073,0.0788990825688073,0.0806916426512968,0.0068181818181818,0.0637462416772599
U_16430381,C_677087,2.0,辽宁对外经贸学院,2020-10-27 09:15:44,4,E,781,92,0.0416666666666666,0.0,0.110091743119266,0.110091743119266,0.1296829971181556,0.034090909090909,0.0640404504056334
U_17898913,C_786631,1.0,北华航天工业学院,2020-04-23 13:22:09,0,A,186,154,0.0138888888888888,0.0,0.2146788990825688,0.2788990825688073,0.2593659942363112,0.0856060606060606,0.070302597612593
U_33454937,C_697076,2.0,辽宁对外经贸学院,2020-11-23 11:43:17,4,E,781,121,0.0416666666666666,0.0,0.0715596330275229,0.0715596330275229,0.0230547550432276,0.0196969696969696,0.0639616933121893
U_32352491,C_2059281,2.0,辽宁对外经贸学院,2020-09-10 16:26:46,4,E,781,85,0.0416666666666666,0.0,0.0715596330275229,0.0715596330275229,0.0605187319884726,0.031060606060606,0.0632019248252493
U_32754061,C_735164,1.0,昆明理工大学,2020-11-19 22:15:44,0,A,476,138,0.1111111111111111,0.0,0.1798165137614679,0.2568807339449541,0.1671469740634005,0.0462121212121212,0.0695882866720733
U_6233898,C_1017355,1.0,广州中医药大学,2020-05-02 23:21:01,0,A,423,0,0.0416666666666666,0.0,0.0825688073394495,0.0825688073394495,0.1037463976945244,0.0348484848484848,0.0673560433164534
U_14491194,C_1714448,1.0,中国医科大学,2020-04-01 17:52:49,4,E,69,8,0.0972222222222222,0.0,0.073394495412844,0.073394495412844,0.0518731988472622,0.031060606060606,0.0624057615775899
U_9944604,C_756642,0.0,西南大学,2020-05-08 17:47:59,4,E,710,149,0.0416666666666666,0.0,0.0678899082568807,0.0678899082568807,0.0461095100864553,0.0356060606060606,0.0643554886840932
U_30471038,C_1829948,2.0,辽宁对外经贸学院,2020-06-12 13:32:21,4,E,781,61,0.0277777777777777,0.0,0.1045871559633027,0.1045871559633027,0.1469740634005763,0.0386363636363636,0.0630858171690967
U_24699595,C_948395,2.0,西安美术学院,2020-03-22 13:23:03,0,A,727,170,0.0277777777777777,0.0,0.1889908256880734,0.2715596330275229,0.1988472622478386,0.0613636363636363,0.0688387150571323
U_10404611,C_674920,1.0,北京第二外国语学院,2020-06-08 15:37:00,4,E,179,87,0.0416666666666666,0.0,0.036697247706422,0.036697247706422,0.0547550432276657,0.0143939393939393,0.0616212363334262
U_30057173,C_1774985,0.0,辽宁对外经贸学院,2020-05-19 18:13:48,4,E,781,46,0.0277777777777777,0.0,0.0073394495412844,0.0073394495412844,0.0028818443804034,0.0007575757575757,0.0613493725717647
U_19918532,C_1755959,2.0,辽宁对外经贸学院,2020-07-17 17:08:53,4,E,781,26,0.0416666666666666,0.0,0.0715596330275229,0.0715596330275229,0.0547550432276657,0.0318181818181818,0.0624642289262159
U_29785259,C_747056,0.0,辽宁对外经贸学院,2020-05-05 21:42:24,4,E,781,147,0.0416666666666666,0.0,0.0770642201834862,0.0770642201834862,0.063400576368876,0.0348484848484848,0.0626013047980286
U_32315575,C_707013,1.0,辽宁对外经贸学院,2020-09-09 23:57:05,4,E,781,129,0.0416666666666666,0.0,0.0091743119266055,0.0091743119266055,0.0115273775216138,0.003030303030303,0.0612042491443433
U_4661962,C_682392,0.0,陕西工业职业技术学院,2019-11-02 12:45:47,2,C,876,108,0.6666666666666666,0.0,0.1908256880733945,0.2697247706422018,0.2478386167146974,0.0689393939393939,0.071427893503797
U_12156274,C_682392,1.0,陕西工业职业技术学院,2020-09-02 09:05:29,4,E,876,108,0.0416666666666666,0.0,0.0770642201834862,0.0770642201834862,0.0461095100864553,0.0371212121212121,0.0614359048420123
U_31148110,C_1806527,1.0,辽宁对外经贸学院,2020-08-07 08:03:23,4,E,781,53,0.0277777777777777,0.0,0.0036697247706422,0.0036697247706422,0.0028818443804034,0.0075757575757575,0.067162357224232
U_29014875,C_1732845,2.0,铜仁学院,2020-03-25 21:18:06,0,A,850,13,0.0277777777777777,0.0,0.1853211009174312,0.2697247706422018,0.2103746397694524,0.0545454545454545,0.0662829203473039
U_33456910,C_697076,2.0,辽宁对外经贸学院,2020-11-23 11:42:52,4,E,781,121,0.0416666666666666,0.0,0.0825688073394495,0.0825688073394495,0.063400576368876,0.0378787878787878,0.0635804323176675
U_20462863,C_676635,1.0,辽宁对外经贸学院,2020-08-23 11:34:52,4,E,781,89,0.0416666666666666,0.0,0.0091743119266055,0.0091743119266055,0.0028818443804034,0.0007575757575757,0.1311920606223794
U_24704665,C_735164,2.0,辽宁对外经贸学院,2020-10-25 16:27:56,4,E,781,138,0.0416666666666666,0.0,0.073394495412844,0.073394495412844,0.0605187319884726,0.0318181818181818,0.0627582445132547
U_1027307,C_735164,0.0,昆明理工大学,2020-09-16 10:26:47,4,E,476,138,0.0416666666666666,0.0,0.0825688073394495,0.0825688073394495,0.0720461095100864,0.0318181818181818,0.0605293935118452
U_10272625,C_1918363,0.0,新乡医学院三全学院,2020-11-15 22:16:54,4,E,461,76,0.0416666666666666,0.0,0.0091743119266055,0.0091743119266055,0.0086455331412103,0.0045454545454545,0.0616400998037732
U_29772309,C_747056,1.0,辽宁对外经贸学院,2020-05-04 15:08:33,4,E,781,147,0.0277777777777777,0.0,0.0055045871559633,0.0055045871559633,0.0028818443804034,0.0007575757575757,0.0614536738447965
U_11318908,C_676646,0.0,天津商业大学,2020-08-11 08:35:13,4,E,316,90,0.0277777777777777,0.0,0.018348623853211,0.018348623853211,0.0288184438040345,0.0075757575757575,0.0607431663028661
U_28527042,C_2059281,2.0,辽宁对外经贸学院,2020-09-06 22:47:38,4,E,781,85,0.0138888888888888,0.0,0.018348623853211,0.018348623853211,0.0201729106628242,0.0098484848484848,0.0614458838109672
U_984876,C_735164,0.0,攀枝花学院,2020-11-27 13:22:21,0,A,457,138,0.0972222222222222,0.0,0.055045871559633,0.0568807339449541,0.0864553314121037,0.0401515151515151,0.0682399868245225
U_29822782,C_756642,2.0,昆明理工大学,2020-05-07 22:14:16,0,A,476,149,0.0972222222222222,0.0,0.2422018348623853,0.2752293577981651,0.2247838616714697,0.0977272727272727,0.0793697265174226
U_13535065,C_948120,0.0,中国农业大学,2020-09-25 19:17:51,0,A,67,167,0.1111111111111111,0.0,0.2330275229357798,0.2788990825688073,0.2449567723342939,0.0931818181818181,0.0743768298763969
U_14527660,C_948120,0.0,华中农业大学,2020-08-18 15:19:48,4,E,198,167,0.0416666666666666,0.0,0.0568807339449541,0.0568807339449541,0.0547550432276657,0.0371212121212121,0.0626504666961999
U_18251546,C_697062,2.0,辽宁对外经贸学院,2020-04-30 12:59:09,4,E,781,120,0.0416666666666666,0.0,0.0954128440366972,0.0954128440366972,0.0806916426512968,0.0219696969696969,0.063548088572633
U_6875507,C_756642,2.0,辽宁对外经贸学院,2020-05-11 20:02:06,4,E,781,149,0.0277777777777777,0.0,0.0091743119266055,0.0091743119266055,0.0144092219020172,0.0053030303030303,0.0616423135006084
U_4516975,C_735197,0.0,华南理工大学,2020-10-21 21:34:53,4,E,211,141,0.0972222222222222,0.0,0.0678899082568807,0.0678899082568807,0.0979827089337175,0.031060606060606,0.0632072584974897
U_33329308,C_697076,2.0,辽宁对外经贸学院,2020-11-20 15:29:08,4,E,781,121,0.0555555555555555,0.0,0.1743119266055046,0.1743119266055046,0.1556195965417867,0.0469696969696969,0.064751799845689
U_8179335,C_1732845,2.0,铜仁学院,2020-03-25 21:52:19,2,C,850,13,0.0555555555555555,0.0,0.1486238532110091,0.1486238532110091,0.1296829971181556,0.078030303030303,0.0775565998579082
U_15115204,C_1912004,1.0,辽宁对外经贸学院,2020-09-22 20:41:08,4,E,781,74,0.0416666666666666,0.0,0.0110091743119266,0.0110091743119266,0.0144092219020172,0.0037878787878787,0.0617676622267708
U_3066606,C_1774985,2.0,南京师范大学中北学院,2020-08-15 21:07:40,4,E,221,46,0.0416666666666666,0.0,0.0055045871559633,0.0055045871559633,0.0028818443804034,0.0007575757575757,0.0613214017446395
U_29681548,C_813262,1.0,昆明理工大学,2020-06-03 19:41:19,0,A,476,157,0.1388888888888889,0.0,0.146788990825688,0.2477064220183486,0.1959654178674351,0.05,0.0562713996490139
U_31084197,C_682392,0.0,昆明理工大学,2020-07-30 17:26:45,0,A,476,108,0.125,0.0,0.4495412844036697,0.4495412844036697,0.6916426512968299,0.2401515151515151,0.0628857574128332
U_21578424,C_1732845,2.0,铜仁学院,2020-03-26 10:00:30,4,E,850,13,0.2222222222222222,0.0,0.0990825688073394,0.0990825688073394,0.0806916426512968,0.0363636363636363,0.0646282240579315
U_32904361,C_735164,1.0,昆明理工大学,2020-09-20 11:45:27,0,A,476,138,0.0138888888888888,0.0,0.2073394495412844,0.2715596330275229,0.2219020172910662,0.05,0.0128514828634073
U_33004801,C_735164,1.0,昆明理工大学,2020-10-22 22:22:37,0,A,476,138,0.0972222222222222,0.0,0.0403669724770642,0.0403669724770642,0.063400576368876,0.0295454545454545,0.0530792014463207
U_3805379,C_1017355,1.0,广州中医药大学,2020-05-03 12:45:59,0,A,423,0,0.0972222222222222,0.0,0.0825688073394495,0.0825688073394495,0.1037463976945244,0.0363636363636363,0.0678780894868808
U_33184928,C_1912004,2.0,辽宁对外经贸学院,2020-10-08 14:54:06,4,E,781,74,0.0416666666666666,0.0,0.0532110091743119,0.0532110091743119,0.063400576368876,0.0325757575757575,0.0626666063784947
U_31101657,C_735195,2.0,辽宁对外经贸学院,2020-08-05 11:21:33,4,E,781,140,0.0277777777777777,0.0,0.0018348623853211,0.0018348623853211,0.0028818443804034,0.0007575757575757,0.0612265594446618
U_28084457,C_786631,1.0,辽宁对外经贸学院,2020-03-02 12:27:36,4,E,781,154,0.0555555555555555,0.0,0.0678899082568807,0.0678899082568807,0.0518731988472622,0.034090909090909,0.0625807030556701
U_6139362,C_1017355,2.0,广州中医药大学,2020-04-18 18:25:39,3,D,423,0,0.1527777777777777,0.0,0.1963302752293578,0.218348623853211,0.1527377521613832,0.1416666666666666,0.0806462075025497
U_32743964,C_735164,0.0,昆明理工大学,2020-10-24 11:10:44,0,A,476,138,0.0138888888888888,0.0,0.0256880733944954,0.0293577981651376,0.0374639769452449,0.0181818181818181,0.0192894757087356
U_13535150,C_948120,2.0,中国农业大学,2020-09-27 17:10:35,0,A,67,167,0.0833333333333333,0.0,0.0477064220183486,0.0477064220183486,0.0662824207492795,0.0189393939393939,0.0704136934987296
U_19335532,C_1738818,2.0,安徽工业大学,2020-06-15 19:14:53,4,E,344,15,0.0416666666666666,0.0,0.0440366972477064,0.0440366972477064,0.0288184438040345,0.0143939393939393,0.0626027360248415
U_33096731,C_735164,2.0,昆明理工大学,2020-11-06 16:36:30,0,A,476,138,0.1527777777777777,0.0,0.1761467889908257,0.2256880733944954,0.1930835734870317,0.0795454545454545,0.062929194403753
U_6758762,C_1824911,2.0,重庆三峡医药高等专科学校,2020-06-10 18:06:36,4,E,822,57,0.0138888888888888,0.0,0.0348623853211009,0.0348623853211009,0.0547550432276657,0.0143939393939393,0.0614537382252414
U_5152743,C_735197,2.0,华南理工大学,2020-09-15 19:36:45,4,E,211,141,0.0416666666666666,0.0,0.0587155963302752,0.0587155963302752,0.0576368876080691,0.0257575757575757,0.0632252454033181
U_29644216,C_948136,0.0,昆明理工大学,2020-04-25 13:37:34,0,A,476,168,0.0833333333333333,0.0,0.0018348623853211,0.0018348623853211,0.0028818443804034,0.0007575757575757,0.0710621234347793
U_9046759,C_786631,2.0,中国传媒大学,2020-03-12 15:04:42,4,E,66,154,0.0277777777777777,0.0,0.0899082568807339,0.0899082568807339,0.0489913544668587,0.0272727272727272,0.0629349737867656
U_28305605,C_948436,2.0,辽宁对外经贸学院,2020-06-22 14:12:26,4,E,781,171,0.0416666666666666,0.0,0.0477064220183486,0.0477064220183486,0.0489913544668587,0.0007575757575757,0.0626085154078541
U_12107348,C_948488,1.0,合肥工业大学,2020-04-06 18:25:44,0,A,248,172,0.0555555555555555,0.0,0.1889908256880734,0.2715596330275229,0.2132564841498559,0.0598484848484848,0.0672944658971059
U_9944653,C_756642,0.0,辽宁对外经贸学院,2020-06-12 14:05:04,4,E,781,149,0.0277777777777777,0.0,0.0091743119266055,0.0091743119266055,0.0115273775216138,0.0037878787878787,0.0616799017757288
U_31081820,C_1828108,0.0,辽宁对外经贸学院,2020-07-31 15:58:42,4,E,781,60,0.0277777777777777,0.0,0.0073394495412844,0.0073394495412844,0.0086455331412103,0.0022727272727272,0.0611989550908382
U_22868111,C_1824911,0.0,辽宁对外经贸学院,2020-08-28 15:16:23,4,E,781,57,0.0277777777777777,0.0,0.0036697247706422,0.0036697247706422,0.0028818443804034,0.0007575757575757,0.0305764895949532
U_13086374,C_948488,0.0,合肥工业大学,2020-06-27 09:27:21,3,D,248,172,0.1527777777777777,0.0,0.1577981651376147,0.1577981651376147,0.0662824207492795,0.0174242424242424,0.0812861392198766
U_7160853,C_735197,0.0,华南理工大学,2020-09-11 16:05:07,4,E,211,141,0.0416666666666666,0.0,0.0678899082568807,0.0678899082568807,0.0576368876080691,0.034090909090909,0.0629695262762933
U_14451329,C_801420,1.0,辽宁对外经贸学院,2020-08-26 21:32:20,4,E,781,155,0.0277777777777777,0.0,0.0036697247706422,0.0036697247706422,0.0,0.0,0.0613551222407258
U_16076214,C_696575,1.0,辽宁对外经贸学院,2020-10-23 19:58:30,4,E,781,116,0.0416666666666666,0.0,0.0256880733944954,0.0256880733944954,0.0288184438040345,0.0075757575757575,0.0616300515020315
U_4516986,C_735197,2.0,华南理工大学,2020-10-21 23:22:47,3,D,211,141,0.3888888888888888,0.0,0.0091743119266055,0.0091743119266055,0.0115273775216138,0.003030303030303,0.0275647190060391
U_13559684,C_735197,1.0,辽宁石油化工大学,2020-09-09 12:30:45,4,E,790,141,0.0277777777777777,0.0,0.0256880733944954,0.0256880733944954,0.0259365994236311,0.0113636363636363,0.0606277173081879
U_10272810,C_1918363,2.0,新乡医学院三全学院,2020-11-02 09:39:38,4,E,461,76,0.0416666666666666,0.0,0.0697247706422018,0.0697247706422018,0.0576368876080691,0.0303030303030303,0.0619710846231933
U_31172512,C_1828108,0.0,辽宁对外经贸学院,2020-08-11 15:58:37,4,E,781,60,0.0277777777777777,0.0,0.0073394495412844,0.0073394495412844,0.0086455331412103,0.0022727272727272,0.0611989550908382
U_21111653,C_1844112,0.0,内蒙古大学,2020-08-19 08:12:05,0,A,145,63,0.1666666666666666,0.0,0.3596330275229358,0.3761467889908257,0.547550432276657,0.5681818181818182,0.2256279570719698
U_31066663,C_682392,0.0,昆明理工大学,2020-08-09 16:48:18,0,A,476,108,0.1388888888888889,0.0,0.4495412844036697,0.4495412844036697,0.6051873198847262,0.2113636363636363,0.0649819549837584
U_30563106,C_1829948,0.0,辽宁对外经贸学院,2020-06-16 16:53:48,4,E,781,61,0.0277777777777777,0.0,0.036697247706422,0.036697247706422,0.0288184438040345,0.0075757575757575,0.061689751983794
U_31253475,C_735130,1.0,中国医科大学,2020-08-21 16:16:16,2,C,69,137,0.1527777777777777,0.0,0.0440366972477064,0.1926605504587156,0.0691642651296829,0.0401515151515151,0.0817878758361184
U_30472576,C_674920,0.0,辽宁对外经贸学院,2020-06-12 14:41:02,4,E,781,87,0.0416666666666666,0.0,0.0844036697247706,0.0844036697247706,0.0518731988472622,0.0212121212121212,0.0618730926337588
U_30954395,C_773985,2.0,辽宁对外经贸学院,2020-07-14 17:00:37,4,E,781,153,0.0416666666666666,0.0,0.0293577981651376,0.0293577981651376,0.0374639769452449,0.0113636363636363,0.0617987777910108
U_18322643,C_948488,1.0,昆明理工大学,2020-03-06 14:16:31,0,A,476,172,0.1527777777777777,0.0,0.1724770642201835,0.2385321100917431,0.170028818443804,0.0803030303030303,0.0641717667038011
U_30433866,C_948488,0.0,中国医科大学,2020-06-10 12:22:15,2,C,69,172,0.1388888888888889,0.0,0.181651376146789,0.181651376146789,0.1296829971181556,0.034090909090909,0.0769394786274331
U_972552,C_735164,0.0,昆明理工大学,2020-09-17 10:36:34,0,A,476,138,0.0972222222222222,0.0,0.0091743119266055,0.0110091743119266,0.0144092219020172,0.006060606060606,0.0630781757055247
U_31045606,C_674920,1.0,辽宁对外经贸学院,2020-07-23 06:13:10,4,E,781,87,0.0416666666666666,0.0,0.0275229357798165,0.0275229357798165,0.0144092219020172,0.0037878787878787,0.0614501873960897
U_15191675,C_682392,1.0,辽宁对外经贸学院,2020-09-09 08:17:13,4,E,781,108,0.0416666666666666,0.0,0.0807339449541284,0.0807339449541284,0.0662824207492795,0.031060606060606,0.06155810883106
U_14168646,C_801420,2.0,辽宁对外经贸学院,2020-08-30 18:59:18,4,E,781,155,0.0277777777777777,0.0,0.0036697247706422,0.0036697247706422,0.0,0.0,0.021321690964342
U_32731692,C_735164,1.0,昆明理工大学,2020-10-30 10:12:57,0,A,476,138,0.1111111111111111,0.0,0.1981651376146789,0.273394495412844,0.2334293948126801,0.0621212121212121,0.066911838056216
U_26690237,C_1017355,0.0,华南理工大学,2020-03-02 21:57:39,3,D,211,0,0.0138888888888888,0.0,0.1688073394495413,0.1853211009174312,0.0951008645533141,0.1348484848484848,0.0825186483611573
U_34364206,C_948120,1.0,辽宁对外经贸学院,2020-10-07 10:59:48,4,E,781,167,0.0416666666666666,0.0,0.0715596330275229,0.0715596330275229,0.0605187319884726,0.0318181818181818,0.0612187644584906
U_30683178,C_735164,2.0,玉溪师范学院,2020-11-19 11:44:31,0,A,660,138,0.0833333333333333,0.0,0.0330275229357798,0.0422018348623853,0.0461095100864553,0.0212121212121212,0.0693397583455063
U_12190430,C_697076,0.0,经济与管理学院,2020-09-08 19:37:51,4,E,685,121,0.0416666666666666,0.0,0.0091743119266055,0.0091743119266055,0.0115273775216138,0.003030303030303,0.0603591518062405
U_1004954,C_735164,0.0,昆明理工大学,2020-09-16 15:49:05,0,A,476,138,0.1111111111111111,0.0,0.2055045871559633,0.2642201834862385,0.2132564841498559,0.0666666666666666,0.0647908540140157
U_31124357,C_1907842,0.0,辽宁对外经贸学院,2020-08-03 13:45:04,4,E,781,70,0.0416666666666666,0.0,0.0018348623853211,0.0018348623853211,0.0028818443804034,0.0015151515151515,0.0626912541841962
U_15812430,C_1844112,2.0,内蒙古大学,2020-08-19 07:58:39,0,A,145,63,0.0416666666666666,0.0,0.0458715596330275,0.0458715596330275,0.0720461095100864,0.0757575757575757,0.0996426333728861
U_33242005,C_697076,2.0,辽宁对外经贸学院,2020-11-02 17:37:55,4,E,781,121,0.0277777777777777,0.0,0.0899082568807339,0.0899082568807339,0.0403458213256484,0.0303030303030303,0.0607908276414377
U_10911367,C_676646,1.0,天津商业大学,2020-08-11 07:09:58,4,E,316,90,0.0277777777777777,0.0,0.018348623853211,0.018348623853211,0.0144092219020172,0.0037878787878787,0.0649061990095137
U_3210582,C_735164,0.0,长安大学,2020-11-05 22:13:15,0,A,854,138,0.0555555555555555,0.0,0.2862385321100917,0.2954128440366972,0.4495677233429394,0.1636363636363636,0.0610899738546985
U_11138929,C_948120,0.0,中国农业大学,2020-09-27 16:39:11,0,A,67,167,0.0138888888888888,0.0,0.0091743119266055,0.0091743119266055,0.0144092219020172,0.0037878787878787,0.0014732469131053
U_30340158,C_676635,0.0,辽宁对外经贸学院,2020-06-03 17:19:48,4,E,781,89,0.0416666666666666,0.0,0.0091743119266055,0.0091743119266055,0.0144092219020172,0.0037878787878787,0.0608462938708644
U_29212456,C_674920,0.0,辽宁对外经贸学院,2020-06-01 15:58:04,4,E,781,87,0.0416666666666666,0.0,0.055045871559633,0.055045871559633,0.0259365994236311,0.0068181818181818,0.0624454496456814
U_33366177,C_697076,2.0,辽宁对外经贸学院,2020-09-25 14:14:02,4,E,781,121,0.0555555555555555,0.0,0.1779816513761468,0.1779816513761468,0.1959654178674351,0.0575757575757575,0.0953634361657114
U_32577314,C_735164,2.0,昆明理工大学,2020-10-22 21:52:11,0,A,476,138,0.1111111111111111,0.0,0.1853211009174312,0.273394495412844,0.2103746397694524,0.0575757575757575,0.0206563641958687
U_4537336,C_735197,2.0,华南理工大学,2020-09-19 20:47:45,3,D,211,141,0.1527777777777777,0.0,0.0220183486238532,0.0220183486238532,0.0288184438040345,0.0075757575757575,0.0833816484152759
U_33343330,C_697076,2.0,辽宁对外经贸学院,2020-11-19 21:04:41,4,E,781,121,0.0416666666666666,0.0,0.036697247706422,0.036697247706422,0.0374639769452449,0.0106060606060606,0.0623823716667343
U_10272919,C_1918363,0.0,新乡医学院三全学院,2020-11-16 17:16:38,4,E,461,76,0.0416666666666666,0.0,0.0165137614678899,0.0165137614678899,0.0259365994236311,0.0166666666666666,0.0617019149355325
U_21721111,C_948436,1.0,辽宁对外经贸学院,2020-06-16 09:36:38,4,E,781,171,0.0277777777777777,0.0,0.0036697247706422,0.0036697247706422,0.0057636887608069,0.0015151515151515,0.0612513310589111
U_20227417,C_948120,1.0,中国农业大学,2020-10-07 12:26:35,0,A,67,167,0.0416666666666666,0.0,0.1211009174311926,0.1211009174311926,0.1757925072046109,0.0545454545454545,0.0708114457918221
U_55721,C_1918363,1.0,辽宁对外经贸学院,2020-08-26 20:45:46,4,E,781,76,0.0555555555555555,0.0,0.0605504587155963,0.0605504587155963,0.0749279538904899,0.0507575757575757,0.3752471439012194
U_6159561,C_735197,0.0,华南理工大学,2020-10-24 11:37:05,4,E,211,141,0.0555555555555555,0.0,0.0385321100917431,0.0385321100917431,0.0432276657060518,0.0348484848484848,0.0575245996748075
U_28354056,C_1750795,1.0,辽宁对外经贸学院,2020-06-13 14:07:38,4,E,781,18,0.0277777777777777,0.0,0.0018348623853211,0.0018348623853211,0.0028818443804034,0.0015151515151515,0.0611402995532194
U_34268564,C_697076,2.0,辽宁对外经贸学院,2020-11-17 19:07:25,4,E,781,121,0.0138888888888888,0.0,0.036697247706422,0.036697247706422,0.0345821325648414,0.009090909090909,0.0626336832094564
U_12212859,C_948488,2.0,合肥工业大学,2020-03-06 15:11:58,1,B,248,172,0.0277777777777777,0.0,0.0385321100917431,0.0440366972477064,0.0605187319884726,0.0242424242424242,0.1082625311365694
U_26453875,C_1829948,0.0,北方民族大学,2020-06-11 18:47:27,2,C,190,61,0.2361111111111111,0.0,0.3467889908256881,0.3467889908256881,0.2334293948126801,0.0613636363636363,0.0721449381370528
U_33345324,C_697076,0.0,辽宁对外经贸学院,2020-11-17 11:43:07,4,E,781,121,0.0416666666666666,0.0,0.073394495412844,0.073394495412844,0.0922190201729106,0.0287878787878787,0.0624923334665728
U_29992688,C_948120,0.0,中国农业大学,2020-10-03 19:53:48,4,E,67,167,0.0416666666666666,0.0,0.0477064220183486,0.0477064220183486,0.063400576368876,0.0174242424242424,0.0621331054412223
U_30493634,C_948436,2.0,辽宁对外经贸学院,2020-06-13 23:52:59,4,E,781,171,0.0416666666666666,0.0,0.036697247706422,0.036697247706422,0.0345821325648414,0.0007575757575757,0.0628197030763963
U_13209714,C_735283,1.0,辽宁对外经贸学院,2020-05-10 17:42:24,4,E,781,143,0.0416666666666666,0.0,0.0403669724770642,0.0403669724770642,0.0403458213256484,0.0106060606060606,0.0632151574828411
U_31061324,C_1472684,2.0,辽宁对外经贸学院,2020-10-04 19:39:31,4,E,781,3,0.0416666666666666,0.0,0.018348623853211,0.018348623853211,0.0172910662824207,0.0045454545454545,0.0616901432188051
U_32061518,C_801420,1.0,辽宁对外经贸学院,2020-09-06 00:30:43,4,E,781,155,0.0277777777777777,0.0,0.0073394495412844,0.0073394495412844,0.0057636887608069,0.0015151515151515,0.0614379353021967
U_32257189,C_697076,1.0,长沙理工大学,2020-09-09 19:36:16,0,A,862,121,0.0972222222222222,0.0,0.110091743119266,0.110091743119266,0.1642651296829971,0.053030303030303,0.0637857564133846
U_10490483,C_697766,0.0,武汉职业技术学院,2020-07-22 19:34:13,3,D,511,128,0.1388888888888889,0.0,0.1045871559633027,0.1045871559633027,0.0922190201729106,0.025,0.0817140116564846
U_33246386,C_697076,1.0,辽宁对外经贸学院,2020-11-22 17:22:41,4,E,781,121,0.0416666666666666,0.0,0.0091743119266055,0.0091743119266055,0.0057636887608069,0.0015151515151515,0.0612187248397553
U_979505,C_735164,1.0,昆明理工大学,2020-09-24 10:36:44,0,A,476,138,0.1111111111111111,0.0,0.1871559633027523,0.273394495412844,0.2132564841498559,0.0575757575757575,0.0298322883409624
U_30037339,C_697062,0.0,辽宁对外经贸学院,2020-05-18 14:27:20,4,E,781,120,0.0416666666666666,0.0,0.0954128440366972,0.0954128440366972,0.0691642651296829,0.0181818181818181,0.0636877149005309
U_29990387,C_756642,2.0,昆明理工大学,2020-05-15 10:10:40,0,A,476,149,0.0694444444444444,0.0,0.0623853211009174,0.0623853211009174,0.0778097982708933,0.0234848484848484,0.0756969261367527
U_2049593,C_735164,0.0,昆明理工大学,2020-09-16 23:15:38,0,A,476,138,0.0416666666666666,0.0,0.055045871559633,0.0660550458715596,0.0778097982708933,0.0356060606060606,0.0582374001510437
U_15582874,C_674920,1.0,辽宁对外经贸学院,2020-05-26 12:19:44,4,E,781,87,0.0416666666666666,0.0,0.0018348623853211,0.0018348623853211,0.0,0.0,0.0605643570457517
U_29702837,C_676635,2.0,广州中医药大学,2020-04-28 12:01:23,1,B,423,89,0.2222222222222222,0.0,0.0256880733944954,0.0348623853211009,0.0403458213256484,0.0257575757575757,0.1161134985807735
U_30350260,C_1829948,2.0,辽宁对外经贸学院,2020-06-04 12:10:17,4,E,781,61,0.0416666666666666,0.0,0.0752293577981651,0.0752293577981651,0.063400576368876,0.0348484848484848,0.0621030793922031
U_33343371,C_697076,2.0,辽宁对外经贸学院,2020-11-23 14:55:26,4,E,781,121,0.0555555555555555,0.0,0.1834862385321101,0.1834862385321101,0.201729106628242,0.0628787878787878,0.0655576944452077
U_29948364,C_674920,1.0,辽宁对外经贸学院,2020-05-12 17:12:29,4,E,781,87,0.0416666666666666,0.0,0.0825688073394495,0.0825688073394495,0.0662824207492795,0.0318181818181818,0.0621139002592833
U_30114530,C_1750793,2.0,辽宁对外经贸学院,2020-05-22 09:47:49,4,E,781,17,0.0277777777777777,0.0,0.0165137614678899,0.0165137614678899,0.0259365994236311,0.0136363636363636,0.0610109295254235
U_32312572,C_697076,2.0,昆明理工大学,2020-09-09 19:35:11,0,A,476,121,0.1111111111111111,0.0,0.1669724770642202,0.2678899082568807,0.2449567723342939,0.0583333333333333,0.0604492547150074
U_28875126,C_735243,0.0,辽宁对外经贸学院,2020-08-25 22:03:33,4,E,781,142,0.0277777777777777,0.0,0.0110091743119266,0.0110091743119266,0.0086455331412103,0.003030303030303,0.0134284725160595
U_33546961,C_697076,0.0,辽宁对外经贸学院,2020-12-01 20:48:57,4,E,781,121,0.0555555555555555,0.0,0.1834862385321101,0.1834862385321101,0.2853025936599423,0.0916666666666666,0.064539121522231
U_33344007,C_697076,1.0,辽宁对外经贸学院,2020-11-17 16:19:49,4,E,781,121,0.0555555555555555,0.0,0.1834862385321101,0.1834862385321101,0.2824207492795388,0.0893939393939394,0.0643626349134739
U_26101481,C_1017355,0.0,广州中医药大学,2020-03-10 17:44:19,1,B,423,0,0.2083333333333333,0.0,0.0385321100917431,0.0532110091743119,0.0605187319884726,0.0242424242424242,0.1124542725692873
U_31632649,C_1992917,0.0,辽宁对外经贸学院,2020-08-29 07:56:35,4,E,781,80,0.0416666666666666,0.0,0.073394495412844,0.073394495412844,0.0461095100864553,0.0378787878787878,0.0618845573052876
U_32875402,C_735164,0.0,昆明理工大学,2020-09-16 09:21:31,0,A,476,138,0.1111111111111111,0.0,0.2,0.2844036697247706,0.2190201729106628,0.0666666666666666,0.0685956937347727
U_10407975,C_676646,0.0,天津商业大学,2020-08-11 07:27:57,4,E,316,90,0.0416666666666666,0.0,0.0825688073394495,0.0825688073394495,0.063400576368876,0.0333333333333333,0.0599345924863724
U_33220215,C_697076,1.0,辽宁对外经贸学院,2020-09-28 17:51:28,4,E,781,121,0.0416666666666666,0.0,0.0862385321100917,0.0862385321100917,0.0749279538904899,0.0333333333333333,0.0621350517115941
U_12915731,C_1714448,1.0,中国医科大学,2020-03-18 13:41:50,2,C,69,8,0.0138888888888888,0.0,0.1926605504587156,0.1926605504587156,0.1556195965417867,0.0628787878787878,0.0781118762425726
U_32744199,C_735164,2.0,昆明理工大学,2020-10-20 12:54:45,4,E,476,138,0.0416666666666666,0.0,0.0091743119266055,0.0146788990825688,0.0115273775216138,0.0053030303030303,0.0604178271532269
U_20278277,C_948120,1.0,昆明理工大学,2020-09-25 22:56:08,0,A,476,167,0.0833333333333333,0.0,0.2220183486238532,0.2605504587155963,0.1815561959654178,0.078030303030303,0.0744128829255243
U_30966224,C_735197,0.0,辽宁对外经贸学院,2020-11-15 09:51:56,4,E,781,141,0.0416666666666666,0.0,0.128440366972477,0.128440366972477,0.0749279538904899,0.0196969696969696,0.0653112361975604
U_29976059,C_1732845,2.0,华南理工大学,2020-05-14 13:41:17,3,D,211,13,0.1666666666666666,0.0,0.1559633027522936,0.2697247706422018,0.0749279538904899,0.1401515151515151,0.0820669551599473
U_30374469,C_735283,2.0,辽宁对外经贸学院,2020-06-05 19:13:27,4,E,781,143,0.0277777777777777,0.0,0.0091743119266055,0.0091743119266055,0.0057636887608069,0.0015151515151515,0.0619521122013242
U_15052643,C_786631,2.0,河北师范大学汇华学院,2020-02-10 21:48:50,3,D,557,154,0.1388888888888889,0.0,0.1724770642201835,0.2,0.1671469740634005,0.1143939393939394,0.075920360946846
U_7374685,C_1824911,2.0,辽宁对外经贸学院,2020-06-10 18:02:49,4,E,781,57,0.1944444444444444,0.0,0.0770642201834862,0.0770642201834862,0.063400576368876,0.0303030303030303,0.0645936765207457
U_13253428,C_682392,1.0,陕西工业职业技术学院,2020-09-04 15:45:58,4,E,876,108,0.0416666666666666,0.0,0.018348623853211,0.018348623853211,0.0172910662824207,0.0045454545454545,0.0610383506425963
U_31061866,C_674920,1.0,辽宁对外经贸学院,2020-07-31 12:03:49,4,E,781,87,0.0416666666666666,0.0,0.018348623853211,0.018348623853211,0.0201729106628242,0.0053030303030303,0.0610050560479146
U_31185964,C_801420,1.0,酉阳县人社局,2020-08-15 21:44:18,4,E,812,155,0.0972222222222222,0.0,0.0311926605504587,0.0311926605504587,0.0489913544668587,0.0151515151515151,0.0718114375279408
U_31772250,C_1806527,1.0,昆明理工大学,2020-09-04 23:50:27,0,A,476,53,0.1111111111111111,0.0,0.1779816513761468,0.2605504587155963,0.1844380403458213,0.0825757575757575,0.0793234419299028
U_28796790,C_948078,1.0,辽宁对外经贸学院,2020-03-18 21:31:02,4,E,781,164,0.0138888888888888,0.0,0.0770642201834862,0.0770642201834862,0.0461095100864553,0.0295454545454545,0.0609493124873407
U_10720652,C_1017355,2.0,广州中医药大学,2020-05-06 08:25:52,0,A,423,0,0.1666666666666666,0.0,0.0825688073394495,0.0825688073394495,0.1095100864553314,0.0333333333333333,0.0684930514962818
U_18733942,C_674920,2.0,辽宁对外经贸学院,2020-05-21 21:24:01,4,E,781,87,0.0416666666666666,0.0,0.018348623853211,0.018348623853211,0.0230547550432276,0.006060606060606,0.0609710433636554
U_3528940,C_735306,2.0,辽宁对外经贸学院,2020-10-14 22:55:10,4,E,781,144,0.0555555555555555,0.0,0.0862385321100917,0.0862385321100917,0.0951008645533141,0.0356060606060606,0.0591673410108017
U_32744346,C_735164,2.0,昆明理工大学,2020-10-18 19:22:34,0,A,476,138,0.0972222222222222,0.0,0.0256880733944954,0.0311926605504587,0.0403458213256484,0.0196969696969696,0.0644531092478843
U_3702551,C_1017355,2.0,广州中医药大学,2020-05-08 14:40:53,4,E,423,0,0.2361111111111111,0.0,0.0128440366972477,0.0128440366972477,0.0086455331412103,0.0037878787878787,0.0628773830026581
U_33841940,C_735164,2.0,昆明理工大学,2020-11-23 10:45:52,0,A,476,138,0.1111111111111111,0.0,0.1798165137614679,0.2715596330275229,0.2219020172910662,0.0621212121212121,0.0636753835691673
U_33454451,C_735164,1.0,昆明理工大学,2020-09-23 10:04:49,0,A,476,138,0.1111111111111111,0.0,0.1834862385321101,0.273394495412844,0.2074927953890489,0.0568181818181818,0.010474054698619
U_33454953,C_697076,2.0,辽宁对外经贸学院,2020-11-23 11:43:58,4,E,781,121,0.0555555555555555,0.0,0.1834862385321101,0.1834862385321101,0.2824207492795388,0.0901515151515151,0.0645767097973514
U_31068434,C_735115,1.0,昆明理工大学,2020-07-27 08:07:33,0,A,476,136,0.125,0.0,0.5211009174311927,0.5211009174311927,0.6685878962536023,0.2174242424242424,0.0730903699223149
U_5199961,C_674920,0.0,西昌民族幼儿师范高等专科学校,2020-06-04 09:14:57,4,E,751,87,0.0416666666666666,0.0,0.0899082568807339,0.0899082568807339,0.0864553314121037,0.0227272727272727,0.0601372076510631
U_29603937,C_747056,0.0,辽宁对外经贸学院,2020-04-23 23:47:05,4,E,781,147,0.0416666666666666,0.0,0.0825688073394495,0.0825688073394495,0.0432276657060518,0.0303030303030303,0.0625505333887355
U_30371850,C_707035,2.0,辽宁对外经贸学院,2020-07-28 15:12:52,4,E,781,130,0.0416666666666666,0.0,0.0330275229357798,0.0330275229357798,0.0432276657060518,0.0136363636363636,0.062873232940135
U_13682934,C_813262,1.0,辽宁对外经贸学院,2019-11-13 21:31:14,4,E,781,157,0.0416666666666666,0.0,0.055045871559633,0.055045871559633,0.0576368876080691,0.0371212121212121,0.0580599032645363
U_5442571,C_2141845,0.0,宝鸡文理学院,2020-09-11 13:40:03,0,A,356,86,0.0833333333333333,0.0,0.055045871559633,0.055045871559633,0.0691642651296829,0.0181818181818181,0.0695132636444318
U_30593884,C_1829948,2.0,辽宁对外经贸学院,2020-06-18 09:12:42,4,E,781,61,0.3333333333333333,0.0,0.1504587155963302,0.1504587155963302,0.1786743515850144,0.0469696969696969,0.0675078325960898
U_33366603,C_697076,2.0,辽宁对外经贸学院,2020-09-25 14:18:49,4,E,781,121,0.0555555555555555,0.0,0.0844036697247706,0.0844036697247706,0.0778097982708933,0.0356060606060606,0.0608065711363795
U_10601816,C_801420,0.0,西南大学,2020-08-17 14:18:15,4,E,710,155,0.0416666666666666,0.0,0.0330275229357798,0.0330275229357798,0.0518731988472622,0.0,0.0617581141115624
U_4619046,C_1918363,2.0,新乡医学院三全学院,2020-11-02 08:53:02,2,C,461,76,0.125,0.0,0.1981651376146789,0.1981651376146789,0.1873198847262247,0.0696969696969697,0.0822009011516709
U_496182,C_674920,2.0,清华大学,2020-07-13 10:24:04,4,E,612,87,0.0416666666666666,0.0,0.018348623853211,0.018348623853211,0.0172910662824207,0.0045454545454545,0.0612444522559938
U_1009248,C_735164,0.0,昆明理工大学,2020-09-15 13:48:58,0,A,476,138,0.1111111111111111,0.0,0.2238532110091743,0.2935779816513761,0.2161383285302593,0.0553030303030303,0.0623800688277447
U_2147656,C_674920,0.0,湖南大学,2020-07-27 21:14:40,4,E,640,87,0.0416666666666666,0.0,0.055045871559633,0.055045871559633,0.0691642651296829,0.0181818181818181,0.0624202620347114
U_7440389,C_735164,0.0,滨州学院,2020-10-20 13:35:29,0,A,650,138,0.0138888888888888,0.0,0.0403669724770642,0.0458715596330275,0.063400576368876,0.028030303030303,0.0698368645220594
U_15882720,C_735283,0.0,辽宁对外经贸学院,2020-07-02 09:30:16,4,E,781,143,0.0277777777777777,0.0,0.0018348623853211,0.0018348623853211,0.0028818443804034,0.0007575757575757,0.0616844381209212
U_31014568,C_697076,1.0,辽宁对外经贸学院,2020-08-05 08:54:12,4,E,781,121,0.0416666666666666,0.0,0.0091743119266055,0.0091743119266055,0.0115273775216138,0.003030303030303,0.0606840551497913
U_7499874,C_1824911,0.0,重庆三峡医药高等专科学校,2020-06-30 21:56:59,4,E,822,57,0.0833333333333333,0.0,0.0862385321100917,0.0862385321100917,0.1354466858789625,0.0356060606060606,0.0632634131024423
U_33442534,C_697076,1.0,辽宁对外经贸学院,2020-12-05 15:46:09,4,E,781,121,0.0555555555555555,0.0,0.2220183486238532,0.2220183486238532,0.2190201729106628,0.0643939393939393,0.0669517737414032
U_6107162,C_1017355,1.0,广州中医药大学,2020-03-04 21:43:37,1,B,423,0,0.2083333333333333,0.0,0.0385321100917431,0.0532110091743119,0.0605187319884726,0.0242424242424242,0.1124542725692873
U_23122504,C_801420,0.0,南京邮电大学,2020-09-08 15:23:19,4,E,228,155,0.0138888888888888,0.0,0.0293577981651376,0.0293577981651376,0.0288184438040345,0.0083333333333333,0.061439401195403
U_6099709,C_1017355,2.0,广州中医药大学,2020-03-04 11:31:39,2,C,423,0,0.1388888888888889,0.0,0.1963302752293578,0.1963302752293578,0.1642651296829971,0.0643939393939393,0.0769495071198071
U_25541155,C_1829948,1.0,北方民族大学,2020-06-04 13:48:44,2,C,190,61,0.2916666666666666,0.0,0.4770642201834862,0.4770642201834862,0.6657060518731988,0.175,0.0731997176317562
U_27420569,C_735283,1.0,辽宁对外经贸学院,2020-04-20 12:12:50,4,E,781,143,0.0416666666666666,0.0,0.0715596330275229,0.0715596330275229,0.0432276657060518,0.0333333333333333,0.0630647449542564
U_33383570,C_697076,0.0,辽宁对外经贸学院,2020-11-19 19:33:43,4,E,781,121,0.0416666666666666,0.0,0.0073394495412844,0.0073394495412844,0.0057636887608069,0.0015151515151515,0.0606766563509731
U_6758606,C_1824911,0.0,重庆三峡医药高等专科学校,2020-06-10 18:02:43,4,E,822,57,0.1388888888888889,0.0,0.0568807339449541,0.0568807339449541,0.0518731988472622,0.0265151515151515,0.0587304652165957
U_31511585,C_1992950,2.0,辽宁对外经贸学院,2020-10-03 15:44:21,4,E,781,83,0.0416666666666666,0.0,0.0275229357798165,0.0275229357798165,0.0288184438040345,0.1515151515151515,0.0591780034029406
U_33397964,C_735164,2.0,昆明理工大学,2020-09-22 18:27:35,0,A,476,138,0.0277777777777777,0.0,0.0990825688073394,0.1045871559633027,0.1556195965417867,0.0742424242424242,0.0633608999530017
U_34078227,C_735164,1.0,昆明理工大学,2020-10-22 19:07:23,0,A,476,138,0.4166666666666666,0.0,0.2844036697247706,0.2899082568807339,0.4380403458213256,0.1583333333333333,0.2712274493210754
U_31680519,C_1992917,1.0,辽宁对外经贸学院,2020-08-30 23:20:02,4,E,781,80,0.0416666666666666,0.0,0.0715596330275229,0.0715596330275229,0.0403458213256484,0.0431818181818181,0.0615279391641254
U_9046767,C_786631,2.0,中国传媒大学,2020-03-12 15:09:44,4,E,66,154,0.0694444444444444,0.0,0.0954128440366972,0.0954128440366972,0.0547550432276657,0.0295454545454545,0.0665772528842251
U_4750631,C_735197,0.0,华南理工大学,2020-09-15 12:29:51,4,E,211,141,0.0416666666666666,0.0,0.0862385321100917,0.0862385321100917,0.0547550432276657,0.0257575757575757,0.0658253635732688
U_10720736,C_1017355,2.0,广州中医药大学,2020-05-03 19:00:20,2,C,423,0,0.1666666666666666,0.0,0.0825688073394495,0.0825688073394495,0.1037463976945244,0.034090909090909,0.0754355811493146
U_6159310,C_735197,0.0,华南理工大学,2020-10-26 16:41:42,4,E,211,141,0.0416666666666666,0.0,0.0238532110091743,0.0238532110091743,0.0172910662824207,0.0045454545454545,0.0599455767807357
U_8015719,C_1750795,2.0,辽宁对外经贸学院,2020-05-09 10:49:57,4,E,781,18,0.0416666666666666,0.0,0.0055045871559633,0.0055045871559633,0.0057636887608069,0.003030303030303,0.0612535497080882
U_31060262,C_735115,2.0,辽宁对外经贸学院,2020-07-25 15:30:42,4,E,781,136,0.0972222222222222,0.0,0.5027522935779817,0.5027522935779817,0.7492795389048991,0.2583333333333333,0.0717100779460054
U_29123319,C_786631,2.0,昆明理工大学,2020-03-31 19:12:08,0,A,476,154,0.0138888888888888,0.0,0.1871559633027523,0.2715596330275229,0.2074927953890489,0.0568181818181818,0.0690242495945647
U_20882695,C_948113,1.0,西安思源学院,2020-03-03 16:59:44,4,E,721,166,0.0555555555555555,0.0,0.0788990825688073,0.0788990825688073,0.0518731988472622,0.0295454545454545,0.0613496350458861
U_29898012,C_1714448,0.0,辽宁对外经贸学院,2020-05-09 16:28:44,4,E,781,8,0.0416666666666666,0.0,0.0238532110091743,0.0238532110091743,0.0288184438040345,0.0075757575757575,0.0623720311768197
U_25430273,C_1829948,0.0,北方民族大学,2020-06-05 18:41:38,2,C,190,61,0.125,0.0,0.1541284403669724,0.1541284403669724,0.2132564841498559,0.056060606060606,0.0697890991843076
U_8291937,C_1824911,2.0,重庆三峡医药高等专科学校,2020-06-10 19:18:54,4,E,822,57,0.2083333333333333,0.0,0.0073394495412844,0.0073394495412844,0.0057636887608069,0.0015151515151515,0.0601101926259271
U_31634091,C_1992917,2.0,辽宁对外经贸学院,2020-08-29 10:01:09,4,E,781,80,0.0416666666666666,0.0,0.091743119266055,0.091743119266055,0.100864553314121,0.0,0.0668569908695284
U_25240719,C_735115,1.0,辽宁对外经贸学院,2020-05-21 17:57:35,4,E,781,136,0.0416666666666666,0.0,0.018348623853211,0.018348623853211,0.0172910662824207,0.0045454545454545,0.0607280319459796
U_29682029,C_1017355,0.0,广州中医药大学,2020-05-03 17:01:55,1,B,423,0,0.2083333333333333,0.0,0.0825688073394495,0.0825688073394495,0.1037463976945244,0.0363636363636363,0.11189243928393
U_11946128,C_948387,2.0,深圳信息职业技术学院,2020-10-28 11:31:52,2,C,610,169,0.1527777777777777,0.0,0.1266055045871559,0.1266055045871559,0.0835734870317002,0.0219696969696969,0.0803304858009058
U_30971043,C_677087,1.0,辽宁对外经贸学院,2020-08-17 08:52:25,4,E,781,92,0.0555555555555555,0.0,0.036697247706422,0.036697247706422,0.0403458213256484,0.0106060606060606,0.168361734046236
U_33260317,C_707013,1.0,五邑大学,2020-09-26 07:32:27,4,E,119,129,0.0277777777777777,0.0,0.0513761467889908,0.0513761467889908,0.0345821325648414,0.0484848484848484,0.0606073136595059
U_30572791,C_1829948,1.0,华南理工大学,2020-06-17 06:37:34,3,D,211,61,0.3055555555555555,0.0,0.4770642201834862,0.4770642201834862,0.7492795389048991,0.1969696969696969,0.071071146601745
U_33230604,C_1912004,1.0,辽宁对外经贸学院,2020-09-21 10:35:21,4,E,781,74,0.0277777777777777,0.0,0.0055045871559633,0.0055045871559633,0.0057636887608069,0.0015151515151515,0.0618303786847583
U_30329555,C_2027893,1.0,华南理工大学,2020-09-02 21:12:22,3,D,211,84,0.1527777777777777,0.0,0.2018348623853211,0.2018348623853211,0.1095100864553314,0.1371212121212121,0.0810731687082457
U_30099175,C_1750793,2.0,中国医科大学,2020-05-21 10:07:00,2,C,69,17,0.0694444444444444,0.0,0.036697247706422,0.036697247706422,0.0432276657060518,0.0227272727272727,0.0763822213060035
U_30656919,C_1774960,2.0,辽宁对外经贸学院,2020-08-18 18:42:40,4,E,781,42,0.0416666666666666,0.0,0.0165137614678899,0.0422018348623853,0.0144092219020172,0.0045454545454545,0.062400799330993
U_10910400,C_676646,2.0,天津商业大学,2020-08-11 00:59:08,4,E,316,90,0.0416666666666666,0.0,0.0660550458715596,0.0660550458715596,0.0489913544668587,0.0325757575757575,0.0630570589196073
U_12604971,C_682392,0.0,辽宁对外经贸学院,2020-09-01 10:29:57,4,E,781,108,0.0416666666666666,0.0,0.0770642201834862,0.0770642201834862,0.0749279538904899,0.0303030303030303,0.0620051616878973
U_29652300,C_1714448,1.0,辽宁对外经贸学院,2020-04-26 00:51:29,4,E,781,8,0.0416666666666666,0.0,0.0715596330275229,0.0715596330275229,0.0662824207492795,0.0371212121212121,0.0624411262511913
U_12604289,C_682392,1.0,昆明理工大学,2020-09-04 10:46:50,0,A,476,108,0.1111111111111111,0.0,0.1559633027522936,0.291743119266055,0.2420749279538904,0.0537878787878787,0.0551025429583422
U_6766375,C_1824911,1.0,重庆三峡医药高等专科学校,2020-06-11 18:47:53,4,E,822,57,0.1111111111111111,0.0,0.0770642201834862,0.0770642201834862,0.0662824207492795,0.0318181818181818,0.0616019618187004
U_33224368,C_697076,2.0,辽宁对外经贸学院,2020-11-20 20:58:31,4,E,781,121,0.0416666666666666,0.0,0.055045871559633,0.055045871559633,0.0547550432276657,0.0159090909090909,0.0631851760048992
U_2104563,C_1828106,2.0,Hust,2020-09-02 14:18:56,4,E,20,59,0.0555555555555555,0.0,0.0954128440366972,0.0954128440366972,0.1498559077809798,0.0,0.0700328782149799
U_30481303,C_1829948,2.0,昆明理工大学,2020-06-20 21:29:06,0,A,476,61,0.2361111111111111,0.0,0.2146788990825688,0.2146788990825688,0.201729106628242,0.053030303030303,0.0684257788837343
U_30404203,C_1774960,1.0,辽宁对外经贸学院,2020-06-08 15:15:35,4,E,781,42,0.0416666666666666,0.0,0.0697247706422018,0.0697247706422018,0.0547550432276657,0.0333333333333333,0.0624803438468011
U_31037095,C_1824926,0.0,昆明理工大学,2020-08-03 12:35:10,0,A,476,58,0.1111111111111111,0.0,0.1724770642201835,0.2825688073394495,0.1786743515850144,0.0409090909090909,0.067836247150057
U_28291512,C_735283,2.0,辽宁对外经贸学院,2020-03-04 14:56:13,4,E,781,143,0.0277777777777777,0.0,0.073394495412844,0.073394495412844,0.0403458213256484,0.0303030303030303,0.0661375641598125
U_16105883,C_786631,1.0,北华航天工业学院,2020-04-08 12:32:51,0,A,186,154,0.0694444444444444,0.0,0.2,0.2678899082568807,0.2074927953890489,0.0727272727272727,0.0714299190116395
U_12541711,C_1761368,0.0,国防科技大学,2020-04-20 23:55:52,4,E,297,31,0.0416666666666666,0.0,0.0660550458715596,0.0660550458715596,0.0605187319884726,0.0333333333333333,0.0635191867052281
U_32612134,C_735164,1.0,昆明理工大学,2020-11-28 13:03:17,4,E,476,138,0.0416666666666666,0.0,0.0256880733944954,0.0458715596330275,0.0057636887608069,0.0022727272727272,0.0625331060975433
U_10407972,C_676646,0.0,天津商业大学,2020-08-11 00:23:01,4,E,316,90,0.0416666666666666,0.0,0.0660550458715596,0.0660550458715596,0.0547550432276657,0.0325757575757575,0.0631691403217846
U_4409501,C_1829948,1.0,北方民族大学,2020-06-10 15:32:55,2,C,190,61,0.0555555555555555,0.0,0.0422018348623853,0.0422018348623853,0.0432276657060518,0.0113636363636363,0.0727913425652601
U_33246394,C_697076,1.0,辽宁对外经贸,2020-10-14 22:40:57,4,E,777,121,0.0416666666666666,0.0,0.0091743119266055,0.0091743119266055,0.0115273775216138,0.003030303030303,0.0611731930082062
U_14462113,C_682392,2.0,昆明理工大学,2020-09-01 10:28:41,0,A,476,108,0.0972222222222222,0.0,0.1376146788990825,0.2880733944954128,0.2161383285302593,0.0431818181818181,0.0566161024555332
U_33220225,C_697076,1.0,辽宁对外经贸学院,2020-10-19 16:21:32,0,A,781,121,0.0972222222222222,0.0,0.018348623853211,0.018348623853211,0.0201729106628242,0.006060606060606,0.0623177337000845
U_30543588,C_1738818,0.0,辽宁对外经贸学院,2020-06-15 19:26:42,4,E,781,15,0.0277777777777777,0.0,0.0018348623853211,0.0018348623853211,0.0,0.0,0.0614576159089593
U_13429786,C_1750793,0.0,北京体育大学,2020-06-02 21:25:15,0,A,159,17,0.0972222222222222,0.0,0.0238532110091743,0.0238532110091743,0.031700288184438,0.0166666666666666,0.0674520642738064
U_13816437,C_682392,0.0,昆明理工大学,2019-11-02 21:21:47,0,A,476,108,0.1388888888888889,0.0,0.1614678899082569,0.2972477064220183,0.2420749279538904,0.05,0.0567955406600706
U_20428283,C_823315,1.0,辽宁对外经贸学院,2020-06-12 08:39:02,4,E,781,158,0.0416666666666666,0.0,0.073394495412844,0.073394495412844,0.0547550432276657,0.0295454545454545,0.062168569161662
U_6758160,C_1824911,0.0,重庆三峡医药高等专科学校,2020-06-10 18:21:53,4,E,822,57,0.0555555555555555,0.0,0.0752293577981651,0.0752293577981651,0.031700288184438,0.0242424242424242,0.0652983353468767
U_31251003,C_707035,2.0,辽宁对外经贸学院,2020-08-18 21:22:44,4,E,781,130,0.0416666666666666,0.0,0.073394495412844,0.073394495412844,0.0576368876080691,0.0363636363636363,0.064089250782845
U_4602336,C_735197,0.0,华南理工大学,2020-09-29 23:40:49,4,E,211,141,0.0416666666666666,0.0,0.0623853211009174,0.0623853211009174,0.0461095100864553,0.0257575757575757,0.0590146603096208
U_28144760,C_1755944,1.0,辽宁对外经贸学院,2020-09-03 22:15:10,4,E,781,25,0.0416666666666666,0.0,0.0091743119266055,0.0091743119266055,0.0115273775216138,0.003030303030303,0.0613134086647918
U_11662162,C_2027893,1.0,中国石油大学胜利学院,2020-11-12 14:42:23,4,E,80,84,0.0416666666666666,0.0,0.0605504587155963,0.0605504587155963,0.0547550432276657,0.0303030303030303,0.0607977807294837
U_30681312,C_1738818,1.0,辽宁对外经贸学院,2020-06-24 22:40:27,4,E,781,15,0.0416666666666666,0.0,0.0752293577981651,0.0752293577981651,0.0576368876080691,0.0318181818181818,0.0658369025299263
U_3847807,C_735164,0.0,昆明学院,2020-10-19 22:52:27,2,C,473,138,0.0416666666666666,0.0,0.2862385321100917,0.4403669724770642,0.3429394812680115,0.1219696969696969,0.0179301794822479
U_31059598,C_801420,1.0,辽宁对外经贸学院,2020-07-25 11:12:18,4,E,781,155,0.0277777777777777,0.0,0.0110091743119266,0.0110091743119266,0.0057636887608069,0.0015151515151515,0.0615887786845278
U_1414432,C_1750793,0.0,北京体育大学,2020-06-05 19:37:32,0,A,159,17,0.0694444444444444,0.0,0.036697247706422,0.036697247706422,0.0547550432276657,0.0287878787878787,0.0698251175670416
U_33343383,C_697076,2.0,辽宁对外经贸学院,2020-11-16 21:36:44,4,E,781,121,0.0416666666666666,0.0,0.018348623853211,0.018348623853211,0.0086455331412103,0.0022727272727272,0.059358635121879
U_2180210,C_1907842,0.0,中国地质大学(北京),2020-07-23 16:31:55,4,E,70,70,0.0277777777777777,0.0,0.0018348623853211,0.0018348623853211,0.0,0.0,0.0612535893268235
U_33344772,C_697076,2.0,辽宁对外经贸学院,2020-11-12 10:15:23,4,E,781,121,0.0277777777777777,0.0,0.073394495412844,0.073394495412844,0.1037463976945244,0.0409090909090909,0.0613436427121713
U_16379226,C_1776290,1.0,河北农业大学,2020-05-04 11:07:04,4,E,545,48,0.0277777777777777,0.0,0.0091743119266055,0.0091743119266055,0.0086455331412103,0.0045454545454545,0.06161612056423
U_6758216,C_1824911,2.0,重庆三峡医药高等专科学校,2020-06-05 15:36:25,4,E,822,57,0.0138888888888888,0.0,0.0073394495412844,0.0073394495412844,0.0,0.0,0.0623257614463257
U_31068480,C_735115,1.0,昆明理工大学,2020-07-27 08:10:37,0,A,476,136,0.1388888888888889,0.0,0.5211009174311927,0.5211009174311927,0.7377521613832853,0.2492424242424242,0.0722096454364893
U_250083,C_735164,0.0,昆明理工大学,2020-09-16 23:36:06,0,A,476,138,0.125,0.0,0.218348623853211,0.2990825688073394,0.2478386167146974,0.0689393939393939,0.0621246963646538
U_30111712,C_1750793,2.0,中国医科大学,2020-05-21 21:40:17,2,C,69,17,0.0555555555555555,0.0,0.036697247706422,0.036697247706422,0.0432276657060518,0.0227272727272727,0.0762499194917951
U_6758516,C_1824911,1.0,重庆三峡医药高等专科学校,2020-06-11 08:46:23,4,E,822,57,0.1805555555555555,0.0,0.0532110091743119,0.0532110091743119,0.0662824207492795,0.0431818181818181,0.0624402249249631
U_30833127,C_735115,2.0,辽宁对外经贸学院,2020-07-03 15:43:28,4,E,781,136,0.0555555555555555,0.0,0.110091743119266,0.110091743119266,0.0951008645533141,0.0295454545454545,0.0624921799439734
U_15350068,C_756642,0.0,华南理工大学,2020-05-08 20:13:00,3,D,211,149,0.1527777777777777,0.0,0.1834862385321101,0.1834862385321101,0.1440922190201729,0.1409090909090909,0.0822275942745825
U_30459197,C_735283,0.0,辽宁对外经贸学院,2020-06-11 18:32:09,4,E,781,143,0.0277777777777777,0.0,0.0018348623853211,0.0018348623853211,0.0028818443804034,0.0007575757575757,0.0616844381209212
U_19898776,C_676646,0.0,天津财经大学,2020-06-10 07:42:40,4,E,327,90,0.0416666666666666,0.0,0.0091743119266055,0.0091743119266055,0.0028818443804034,0.0007575757575757,0.0614219788565527
U_11064873,C_676646,0.0,天津商业大学,2020-08-17 16:26:21,4,E,316,90,0.0277777777777777,0.0,0.0018348623853211,0.0018348623853211,0.0,0.0,0.0604045004011388
U_29417721,C_813262,1.0,昆明理工大学,2020-04-27 12:22:21,0,A,476,157,0.1111111111111111,0.0,0.1926605504587156,0.2715596330275229,0.2190201729106628,0.0583333333333333,0.0712275613687283
U_31150264,C_1944729,2.0,辽宁对外经贸学院,2020-08-26 17:39:52,4,E,781,79,0.0416666666666666,0.0,0.0036697247706422,0.0036697247706422,0.0028818443804034,0.0007575757575757,0.06132707217613
U_9811858,C_735197,1.0,华南理工大学,2020-09-24 11:28:50,3,D,211,141,0.0138888888888888,0.0,0.0091743119266055,0.0091743119266055,0.0115273775216138,0.003030303030303,0.0834983156860647
U_33229490,C_697076,2.0,辽宁对外经贸学院,2020-11-19 09:50:34,4,E,781,121,0.0416666666666666,0.0,0.1027522935779816,0.1027522935779816,0.1268011527377521,0.0378787878787878,0.0642354637254874
U_12319511,C_735385,1.0,信阳学院,2020-08-14 21:51:00,3,D,129,146,0.1388888888888889,0.0,0.0935779816513761,0.0935779816513761,0.1210374639769452,0.0318181818181818,0.3215755664115089
U_33230681,C_1912004,1.0,辽宁对外经贸学院,2020-09-21 10:36:05,4,E,781,74,0.0138888888888888,0.0,0.0055045871559633,0.0055045871559633,0.0086455331412103,0.0022727272727272,0.0611818051307931
U_4597690,C_680979,2.0,西安交通大学,2020-06-29 11:02:17,4,E,715,100,0.0555555555555555,0.0,0.0770642201834862,0.0770642201834862,0.0230547550432276,0.0106060606060606,0.0633879545968729
U_28324771,C_735385,1.0,辽宁对外经贸学院,2020-06-23 02:00:48,4,E,781,146,0.0416666666666666,0.0,0.0788990825688073,0.0788990825688073,0.0922190201729106,0.025,0.0632654188009171
U_30645199,C_674920,2.0,辽宁对外经贸学院,2020-06-22 11:43:46,4,E,781,87,0.0416666666666666,0.0,0.1064220183486238,0.1064220183486238,0.1037463976945244,0.0272727272727272,0.063707771885279
U_19953475,C_674920,1.0,西安美术学院,2020-06-04 19:05:49,4,E,727,87,0.0555555555555555,0.0,0.110091743119266,0.110091743119266,0.0489913544668587,0.0128787878787878,0.063681098571735
U_13548673,C_735197,1.0,辽宁石油化工大学,2020-09-09 12:22:58,4,E,790,141,0.0416666666666666,0.0,0.0256880733944954,0.0256880733944954,0.031700288184438,0.009090909090909,0.0607098915175519
U_30346768,C_747056,0.0,辽宁对外经贸学院,2020-06-04 08:56:11,4,E,781,147,0.0416666666666666,0.0,0.0642201834862385,0.0642201834862385,0.0,0.0,0.0639011558846436
U_33224783,C_697076,2.0,辽宁对外经贸学院,2020-09-24 15:09:24,0,A,781,121,0.1111111111111111,0.0,0.110091743119266,0.110091743119266,0.1440922190201729,0.0462121212121212,0.0679978767330749
U_33329306,C_697076,0.0,辽宁对外经贸学院,2020-11-17 14:56:33,4,E,781,121,0.0416666666666666,0.0,0.0623853211009174,0.0623853211009174,0.0461095100864553,0.0295454545454545,0.0604253101418576
U_28357974,C_735283,2.0,辽宁对外经贸学院,2020-05-15 16:34:46,4,E,781,143,0.0416666666666666,0.0,0.0623853211009174,0.0623853211009174,0.0605187319884726,0.0166666666666666,0.063489502367801
U_14499123,C_682392,0.0,陕西工业职业技术学院,2020-09-01 10:12:29,0,A,876,108,0.1111111111111111,0.0,0.4495412844036697,0.4495412844036697,0.7060518731988472,0.2469696969696969,0.0710204692869483
U_2364515,C_735164,1.0,广东海洋大学,2020-09-19 20:32:59,0,A,408,138,0.0972222222222222,0.0,0.2220183486238532,0.2715596330275229,0.2247838616714697,0.0795454545454545,0.0708336025695413
U_33224752,C_697076,2.0,辽宁对外经贸学院,2020-09-24 15:02:41,0,A,781,121,0.1111111111111111,0.0,0.0275229357798165,0.0275229357798165,0.0403458213256484,0.0121212121212121,0.0661588740870645
U_7158063,C_735197,0.0,华南理工大学,2020-10-17 17:08:18,3,D,211,141,0.1944444444444444,0.0,0.0,0.1376146788990825,0.0,0.1969696969696969,0.0141554794784013
U_6766247,C_1824911,2.0,重庆三峡医药高等专科学校,2020-06-26 14:46:12,0,A,822,57,0.0972222222222222,0.0,0.0862385321100917,0.0862385321100917,0.1354466858789625,0.0356060606060606,0.0729602768525997
U_32099557,C_1992917,2.0,辽宁对外经贸学院,2020-09-16 18:58:29,4,E,781,80,0.0138888888888888,0.0,0.0715596330275229,0.0715596330275229,0.0461095100864553,0.0303030303030303,0.0616737163006793
U_5442546,C_2141845,0.0,宝鸡文理学院,2020-09-13 11:03:23,0,A,356,86,0.0972222222222222,0.0,0.055045871559633,0.055045871559633,0.0835734870317002,0.0219696969696969,0.0693432002231359
U_30350153,C_1829948,2.0,昆明理工大学,2020-06-04 12:06:30,0,A,476,61,0.1111111111111111,0.0,0.0073394495412844,0.0073394495412844,0.0115273775216138,0.003030303030303,0.0425764954153857
U_28976458,C_948436,1.0,辽宁对外经贸学院,2020-05-17 19:09:48,4,E,781,171,0.0277777777777777,0.0,0.0055045871559633,0.0055045871559633,0.0057636887608069,0.0,0.0613339064079701
U_11346705,C_948120,2.0,中国农业大学,2020-10-07 21:35:18,2,C,67,167,0.1111111111111111,0.0,0.0568807339449541,0.0568807339449541,0.0662824207492795,0.0174242424242424,0.0766482313995237
U_29723379,C_676635,2.0,辽宁对外经贸学院,2020-04-29 13:33:30,4,E,781,89,0.0416666666666666,0.0,0.0091743119266055,0.0091743119266055,0.0086455331412103,0.0022727272727272,0.0608046842941106
U_11322531,C_1750793,1.0,北京体育大学,2020-04-09 20:09:08,0,A,159,17,0.0138888888888888,0.0,0.2073394495412844,0.2587155963302752,0.1786743515850144,0.0712121212121212,0.0718495705606717
U_31199124,C_1875539,2.0,鲁东大学,2020-08-24 22:27:53,4,E,900,69,0.0416666666666666,0.0,0.018348623853211,0.018348623853211,0.0115273775216138,0.0303030303030303,0.0485498326730007
U_30445093,C_2027893,1.0,华南理工大学,2020-09-28 20:30:21,3,D,211,84,0.1527777777777777,0.0,0.0348623853211009,0.0348623853211009,0.0403458213256484,0.0113636363636363,0.0741633492735489
U_26583476,C_747056,1.0,辽宁对外经贸学院,2020-04-16 10:48:00,4,E,781,147,0.0416666666666666,0.0,0.0697247706422018,0.0697247706422018,0.0547550432276657,0.0333333333333333,0.0626235210038508
U_29082929,C_1628052,2.0,华南理工大学,2020-06-11 10:35:56,3,D,211,5,0.1527777777777777,0.0,0.1779816513761468,0.1779816513761468,0.1498559077809798,0.1257575757575757,0.0802756485189021
U_3699379,C_1017355,2.0,广州中医药大学,2020-03-18 15:10:26,4,E,423,0,0.0138888888888888,0.0,0.0660550458715596,0.0660550458715596,0.0432276657060518,0.0295454545454545,0.0616281101840016
U_30603169,C_1829948,2.0,辽宁对外经贸学院,2020-06-18 17:14:32,4,E,781,61,0.0277777777777777,0.0,0.0073394495412844,0.0073394495412844,0.0086455331412103,0.0022727272727272,0.0607211036196432
U_12984078,C_1829948,0.0,北方民族大学,2020-06-16 14:48:04,4,E,190,61,0.0138888888888888,0.0,0.0311926605504587,0.0311926605504587,0.0345821325648414,0.009090909090909,0.0611494217670233
U_33224944,C_697076,1.0,辽宁对外经贸学院,2020-11-17 15:53:14,4,E,781,121,0.0416666666666666,0.0,0.0807339449541284,0.0807339449541284,0.0720461095100864,0.0325757575757575,0.0619666473248392
U_28117336,C_948395,2.0,中国医科大学,2020-03-03 14:07:05,2,C,69,170,0.0277777777777777,0.0,0.1834862385321101,0.1834862385321101,0.1556195965417867,0.0606060606060606,0.075090833771718
U_5794775,C_1875539,2.0,云南大学,2020-08-08 19:47:40,4,E,106,69,0.125,0.0,0.2752293577981651,0.2752293577981651,0.0835734870317002,0.084090909090909,0.0607327911465581
U_28140459,C_676676,0.0,辽宁对外经贸学院,2020-05-14 23:35:24,4,E,781,91,0.0277777777777777,0.0,0.0036697247706422,0.0036697247706422,0.0057636887608069,0.0015151515151515,0.0619425294197224
U_12927457,C_801420,0.0,广东科技学院,2020-07-16 18:18:40,4,E,417,155,0.0416666666666666,0.0,0.0660550458715596,0.0660550458715596,0.0605187319884726,0.0333333333333333,0.0635191867052281
U_14652297,C_756642,0.0,昆明医科大学,2020-05-13 18:51:08,4,E,471,149,0.0416666666666666,0.0,0.0091743119266055,0.0091743119266055,0.0115273775216138,0.0037878787878787,0.0613386854179163
U_12133264,C_1829948,0.0,北方民族大学,2020-06-19 10:42:47,4,E,190,61,0.0138888888888888,0.0,0.0073394495412844,0.0073394495412844,0.0028818443804034,0.0007575757575757,0.0605430867372349
U_33103881,C_735164,1.0,昆明理工大学,2020-09-18 14:02:00,4,E,476,138,0.0416666666666666,0.0,0.0752293577981651,0.0752293577981651,0.0518731988472622,0.0325757575757575,0.0619591544315246
U_21345301,C_801420,0.0,辽宁对外经贸学院,2020-09-04 07:48:33,4,E,781,155,0.0277777777777777,0.0,0.0036697247706422,0.0036697247706422,0.0028818443804034,0.0007575757575757,0.0613211095564667
U_33215517,C_2059281,0.0,辽宁对外经贸学院,2020-09-21 13:03:18,4,E,781,85,0.0416666666666666,0.0,0.018348623853211,0.018348623853211,0.0201729106628242,0.0106060606060606,0.0617069068961809
U_30111624,C_1750793,2.0,昆明理工大学,2020-05-21 21:32:14,0,A,476,17,0.0694444444444444,0.0,0.036697247706422,0.036697247706422,0.0432276657060518,0.0227272727272727,0.0700314420358251
U_32385222,C_697076,0.0,长沙理工大学,2020-11-15 13:53:09,2,C,862,121,0.1666666666666666,0.0,0.0091743119266055,0.0091743119266055,0.0144092219020172,0.0045454545454545,0.0708485635944608
U_7687415,C_1750793,2.0,北京体育大学,2020-06-06 12:19:02,0,A,159,17,0.0694444444444444,0.0,0.036697247706422,0.036697247706422,0.0547550432276657,0.0287878787878787,0.0698251175670416
U_30600945,C_1829948,1.0,北方民族大学,2020-06-18 15:15:31,3,D,190,61,0.2916666666666666,0.0,0.4770642201834862,0.4770642201834862,0.6080691642651297,0.1598484848484848,0.0753379110621045
U_20293642,C_948113,2.0,华南理工大学,2020-05-12 18:22:47,3,D,211,166,0.0138888888888888,0.0,0.1045871559633027,0.1045871559633027,0.1412103746397694,0.0416666666666666,0.0795143349012851
U_29798032,C_676635,2.0,昆明理工大学,2020-05-06 15:38:27,0,A,476,89,0.0972222222222222,0.0,0.2036697247706422,0.2587155963302752,0.1988472622478386,0.0765151515151515,0.0723641684088619
U_31099773,C_682392,0.0,昆明理工大学,2020-07-30 13:21:18,0,A,476,108,0.0833333333333333,0.0,0.1229357798165137,0.2697247706422018,0.1844380403458213,0.0439393939393939,0.0547862814514298
U_20334590,C_948120,0.0,中国农业大学,2020-10-08 14:01:08,0,A,67,167,0.0833333333333333,0.0,0.0587155963302752,0.0587155963302752,0.0835734870317002,0.0242424242424242,0.0682086087861611
U_6159319,C_735197,0.0,华南理工大学,2020-10-04 16:27:37,1,B,211,141,0.2222222222222222,0.0,0.0348623853211009,0.0385321100917431,0.0547550432276657,0.0295454545454545,0.12366240288233
U_33219910,C_697076,2.0,辽宁对外经贸学院,2020-09-21 10:47:40,3,D,781,121,0.1527777777777777,0.0,0.0275229357798165,0.0275229357798165,0.0432276657060518,0.0136363636363636,0.0762159464262712
U_4691129,C_682392,2.0,陕西工业职业技术学院,2020-08-24 20:50:28,3,D,876,108,0.125,0.0,0.4495412844036697,0.4495412844036697,0.1930835734870317,0.0507575757575757,0.2874985575258684
U_9729107,C_756642,2.0,辽宁对外经贸学院,2020-05-01 19:33:39,4,E,781,149,0.0416666666666666,0.0,0.018348623853211,0.018348623853211,0.0259365994236311,0.0083333333333333,0.0618833687432285
U_8087125,C_697076,0.0,辽宁省交通高等专科学校,2020-09-30 14:31:13,0,A,789,121,0.125,0.0,0.1724770642201835,0.2697247706422018,0.270893371757925,0.0704545454545454,0.0691492764185028
U_30972067,C_1774985,0.0,辽宁对外经贸学院,2020-08-09 23:39:53,4,E,781,46,0.0416666666666666,0.0,0.0220183486238532,0.0220183486238532,0.0259365994236311,0.0075757575757575,0.0616770640838126
U_33555051,C_697076,2.0,辽宁对外经贸学院,2020-10-22 10:11:33,4,E,781,121,0.0416666666666666,0.0,0.0807339449541284,0.0807339449541284,0.0720461095100864,0.0318181818181818,0.0616192306349514
U_11792274,C_948109,0.0,西京学院,2020-10-30 13:24:06,3,D,701,165,0.1805555555555555,0.0,0.291743119266055,0.291743119266055,0.1152737752161383,0.1431818181818182,0.0859324808785074
U_30257093,C_766175,0.0,昆明理工大学,2020-05-28 16:04:12,0,A,476,151,0.0833333333333333,0.0,0.1834862385321101,0.1834862385321101,0.2795389048991354,0.075,0.067343979411553
U_31070424,C_735115,1.0,华南理工大学,2020-07-27 11:36:28,3,D,211,136,0.2083333333333333,0.0,0.5211009174311927,0.5211009174311927,0.3861671469740634,0.1227272727272727,0.0816878533864996
U_539288,C_735164,1.0,华北理工大学,2020-09-20 14:32:22,0,A,204,138,0.1111111111111111,0.0,0.2036697247706422,0.273394495412844,0.2132564841498559,0.0545454545454545,0.0727085493131569
U_12408360,C_735197,0.0,华南理工大学,2020-10-08 20:33:56,4,E,211,141,0.0416666666666666,0.0,0.0935779816513761,0.0935779816513761,0.0461095100864553,0.028030303030303,0.0588818484041953
U_6765329,C_1824911,0.0,三峡医药高等专科学校,2020-06-02 09:57:02,4,E,36,57,0.0416666666666666,0.0,0.0807339449541284,0.0807339449541284,0.0547550432276657,0.0287878787878787,0.0695570274899178
U_34177188,C_697076,2.0,辽宁对外经贸学院,2020-11-19 09:46:46,4,E,781,121,0.0416666666666666,0.0,0.055045871559633,0.055045871559633,0.0576368876080691,0.0166666666666666,0.0620182210135222
U_29938862,C_747056,0.0,淮北师范大学信息学院,2020-05-12 11:09:56,4,E,608,147,0.0416666666666666,0.0,0.0018348623853211,0.0018348623853211,0.0,0.0,0.0633075087548366
U_33221456,C_697076,1.0,辽宁对外经贸学院,2020-10-19 19:09:45,0,A,781,121,0.0833333333333333,0.0,0.2110091743119266,0.2825688073394495,0.1729106628242074,0.0295454545454545,0.0697470884678588
U_31088606,C_682392,0.0,昆明理工大学,2020-08-16 18:41:25,0,A,476,108,0.1388888888888889,0.0,0.4495412844036697,0.4495412844036697,0.6916426512968299,0.2416666666666666,0.0630109030929772
U_7872884,C_1829948,0.0,辽宁对外经贸学院,2020-06-17 10:54:41,4,E,781,61,0.0138888888888888,0.0,0.1119266055045871,0.1119266055045871,0.1296829971181556,0.034090909090909,0.0634592732727635
U_2344190,C_735164,0.0,曲靖师范学院,2020-09-16 11:00:34,0,A,489,138,0.0138888888888888,0.2,0.1541284403669724,0.2568807339449541,0.1844380403458213,0.209090909090909,0.1310158085345249
U_11183612,C_735283,2.0,大连民族大学,2020-07-16 19:01:31,4,E,307,143,0.0416666666666666,0.0,0.0587155963302752,0.0587155963302752,0.0576368876080691,0.031060606060606,0.0603628115869143
U_14749850,C_1918363,2.0,新乡医学院三全学院,2020-10-30 07:53:36,4,E,461,76,0.0416666666666666,0.0,0.0880733944954128,0.0880733944954128,0.0489913544668587,0.0325757575757575,0.0666519242955908
U_29655395,C_747056,0.0,辽宁对外经贸学院,2020-04-26 09:39:24,4,E,781,147,0.0416666666666666,0.0,0.0788990825688073,0.0788990825688073,0.0518731988472622,0.0325757575757575,0.0629516879407223
U_6766295,C_1824911,2.0,重庆三峡医药高等专科学校,2020-06-02 10:23:20,4,E,822,57,0.0833333333333333,0.0,0.0018348623853211,0.0018348623853211,0.0028818443804034,0.0234848484848484,0.037559030206129
U_14517076,C_1750793,1.0,北京体育大学,2020-05-27 19:34:56,0,A,159,17,0.125,0.0,0.036697247706422,0.036697247706422,0.0547550432276657,0.0287878787878787,0.0703543198715334
U_6902260,C_756642,2.0,广州中医药大学,2020-05-11 17:19:29,1,B,423,149,0.2222222222222222,0.0,0.0201834862385321,0.0220183486238532,0.031700288184438,0.0287878787878787,0.1189985447903525
U_27865226,C_1774985,2.0,辽宁对外经贸学院,2020-07-19 18:07:12,4,E,781,46,0.0277777777777777,0.0,0.0018348623853211,0.0018348623853211,0.0,0.0,0.0611571226586982
U_5236400,C_674920,0.0,西昌民族幼儿师范高等专科学校,2020-06-04 16:08:25,4,E,751,87,0.0277777777777777,0.0,0.0862385321100917,0.0862385321100917,0.0979827089337175,0.0234848484848484,0.0587927458684948
U_33254175,C_2059281,2.0,辽宁对外经贸学院,2020-09-21 14:00:55,4,E,781,85,0.0416666666666666,0.0,0.018348623853211,0.018348623853211,0.0172910662824207,0.0075757575757575,0.0621016134989969
U_31143936,C_682556,1.0,辽宁对外经贸学院,2020-08-10 08:00:26,4,E,781,112,0.0555555555555555,0.0,0.128440366972477,0.128440366972477,0.1440922190201729,0.0416666666666666,0.0646803722182764
U_4681813,C_682392,0.0,陕西工业职业技术学院,2020-08-02 18:09:12,3,D,876,108,0.1666666666666666,0.0,0.4495412844036697,0.4495412844036697,0.1959654178674351,0.0545454545454545,0.0883620106789195
U_30181592,C_1714448,2.0,辽宁对外经贸学院,2020-05-26 07:31:24,4,E,781,8,0.0416666666666666,0.0,0.0642201834862385,0.0642201834862385,0.0547550432276657,0.0143939393939393,0.0637251793671035
U_1004659,C_735164,2.0,昆明理工大学,2020-09-15 13:42:15,0,A,476,138,0.1111111111111111,0.0,0.2,0.3045871559633027,0.2046109510086455,0.0689393939393939,0.0677449309175214
U_29811083,C_1714448,0.0,辽宁对外经贸学院,2020-05-07 11:49:50,4,E,781,8,0.0416666666666666,0.0,0.0201834862385321,0.0201834862385321,0.0172910662824207,0.0045454545454545,0.0626849696623085
U_16183606,C_801420,1.0,辽宁对外经贸学院,2020-07-29 19:24:21,4,E,781,155,0.0277777777777777,0.0,0.0055045871559633,0.0055045871559633,0.0028818443804034,0.0007575757575757,0.0613965287714613
U_28569824,C_854832,1.0,华南理工大学,2020-04-14 15:19:36,3,D,211,161,0.1527777777777777,0.0,0.1889908256880734,0.2128440366972477,0.1152737752161383,0.1462121212121212,0.0855730696165062
U_20980545,C_1750795,1.0,辽宁对外经贸学院,2020-06-13 11:15:15,4,E,781,18,0.0416666666666666,0.0,0.0055045871559633,0.0055045871559633,0.0086455331412103,0.0045454545454545,0.0612159564806258
U_10193115,C_1731884,0.0,保山学院,2020-05-24 17:30:45,0,A,127,11,0.2222222222222222,0.0,0.2403669724770642,0.2403669724770642,0.3746397694524495,0.0984848484848484,0.0673398442060556
U_33311834,C_735164,2.0,昆明理工大学,2020-09-21 19:38:10,0,A,476,138,0.125,0.0,0.2256880733944954,0.3027522935779816,0.2103746397694524,0.0606060606060606,0.0625799602043831
U_7224352,C_1918363,0.0,昆明理工大学,2020-11-09 13:58:58,0,A,476,76,0.0138888888888888,0.0,0.0073394495412844,0.0073394495412844,0.0086455331412103,0.006060606060606,0.0702193239833243
U_14654735,C_786631,2.0,北华航天工业学院,2020-04-10 21:59:27,0,A,186,154,0.0972222222222222,0.0,0.2018348623853211,0.2697247706422018,0.2161383285302593,0.0757575757575757,0.072401657637144
U_19953379,C_948395,2.0,西安美术学院,2020-02-23 12:42:34,4,E,727,170,0.125,0.0,0.0660550458715596,0.0660550458715596,0.0576368876080691,0.0318181818181818,0.0593227801664281
U_30579720,C_1829948,0.0,辽宁对外经贸学院,2020-06-17 12:41:38,4,E,781,61,0.0416666666666666,0.0,0.0715596330275229,0.0715596330275229,0.0547550432276657,0.0143939393939393,0.0632988966322497
U_28874768,C_735197,0.0,华南理工大学,2020-09-10 08:03:49,4,E,211,141,0.0416666666666666,0.0,0.0091743119266055,0.0091743119266055,0.0086455331412103,0.0022727272727272,0.0616939812837877
U_8293381,C_735164,0.0,昆明理工大学,2020-11-23 16:53:36,0,A,476,138,0.125,0.0,0.2862385321100917,0.3192660550458716,0.446685878962536,0.1628787878787878,0.0701675472486228
U_4537216,C_735197,2.0,华南理工大学,2020-09-15 18:48:35,3,D,211,141,0.1666666666666666,0.0,0.2293577981651376,0.2899082568807339,0.0951008645533141,0.156060606060606,0.0870275823410673
U_33123013,C_735164,2.0,昆明理工大学,2020-09-25 13:53:49,0,A,476,138,0.0972222222222222,0.0,0.036697247706422,0.0403669724770642,0.0547550432276657,0.025,0.0630140775441435
U_17706499,C_756642,2.0,赵娇,2020-05-15 23:44:07,4,E,769,149,0.0416666666666666,0.0,0.0605504587155963,0.0605504587155963,0.0576368876080691,0.031060606060606,0.0606942767835
U_12667700,C_948387,2.0,深圳信息职业技术学院,2020-09-01 11:00:23,2,C,610,169,0.1527777777777777,0.0,0.0091743119266055,0.0091743119266055,0.0144092219020172,0.0037878787878787,0.5072537215832593
U_30562349,C_1829948,1.0,辽宁对外经贸学院,2020-06-16 16:20:20,4,E,781,61,0.0138888888888888,0.0,0.0220183486238532,0.0220183486238532,0.0259365994236311,0.0068181818181818,0.0609880942768622
U_29892407,C_1017355,2.0,华南理工大学,2020-05-09 11:20:07,3,D,211,0,0.1388888888888889,0.0,0.0587155963302752,0.0587155963302752,0.0201729106628242,0.006060606060606,0.0805497457867664
U_30022360,C_674920,1.0,辽宁对外经贸学院,2020-05-27 17:06:03,4,E,781,87,0.0416666666666666,0.0,0.018348623853211,0.018348623853211,0.0144092219020172,0.0037878787878787,0.0610730814164329
U_30326786,C_676635,0.0,中国医科大学,2020-06-02 19:18:01,2,C,69,89,0.125,0.0,0.0091743119266055,0.0091743119266055,0.0115273775216138,0.003030303030303,0.0752710742556453
U_30474873,C_1829948,0.0,辽宁对外经贸学院,2020-06-12 16:32:30,4,E,781,61,0.2638888888888889,0.0,0.0073394495412844,0.0073394495412844,0.0086455331412103,0.0022727272727272,0.062970224556503
U_31479759,C_735130,0.0,辽宁对外经贸学院,2020-08-26 18:11:00,4,E,781,137,0.0416666666666666,0.0,0.0587155963302752,0.0587155963302752,0.0922190201729106,0.0242424242424242,0.1169981151671346
U_30849835,C_1944729,2.0,辽宁对外经贸学院,2020-09-17 13:47:54,4,E,781,79,0.0416666666666666,0.0,0.0697247706422018,0.0697247706422018,0.0461095100864553,0.0295454545454545,0.0621465857159097
U_963732,C_735164,0.0,昆明理工大学,2020-09-21 17:18:17,4,E,476,138,0.0416666666666666,0.0,0.0752293577981651,0.0752293577981651,0.063400576368876,0.0325757575757575,0.0625055908858741
U_30933268,C_747056,1.0,河南师范大学,2020-07-13 09:58:33,4,E,572,147,0.0277777777777777,0.0,0.0036697247706422,0.0036697247706422,0.0028818443804034,0.0007575757575757,0.0611157706037238
U_23335975,C_801420,0.0,辽宁对外经贸学院,2020-07-16 10:24:07,4,E,781,155,0.0416666666666666,0.0,0.0036697247706422,0.0036697247706422,0.0,0.0,0.0618056714509539
U_4463167,C_697076,0.0,重庆工商大学融智学院,2020-09-20 11:10:30,2,C,836,121,0.2222222222222222,0.0,0.5541284403669725,0.5541284403669725,0.6599423631123918,0.2121212121212121,0.1658114397815132
U_31141322,C_1774985,1.0,辽宁对外经贸学院,2020-08-05 20:22:18,4,E,781,46,0.0416666666666666,0.0,0.0220183486238532,0.0220183486238532,0.0201729106628242,0.0053030303030303,0.0617486650431922
U_20979109,C_1732845,0.0,铜仁学院,2020-03-26 08:02:25,2,C,850,13,0.0833333333333333,0.0,0.1412844036697247,0.1412844036697247,0.132564841498559,0.0765151515151515,0.0726205065786258
U_14292554,C_1714448,2.0,中国医科大学,2020-03-29 22:18:34,2,C,69,8,0.0138888888888888,0.0,0.1853211009174312,0.1853211009174312,0.1585014409221901,0.0628787878787878,0.0765521213000162
U_10570710,C_1778562,2.0,北京体育大学,2020-07-07 23:47:39,4,E,159,49,0.0416666666666666,0.0,0.0128440366972477,0.0128440366972477,0.0144092219020172,0.0037878787878787,0.061433245434405
U_28289447,C_1829948,2.0,北方民族大学,2020-06-04 16:29:05,3,D,190,61,0.0138888888888888,0.0,0.0073394495412844,0.0073394495412844,0.0057636887608069,0.0015151515151515,0.0455637728190767
U_12393161,C_735197,0.0,华南理工大学,2020-09-10 12:41:48,3,D,211,141,0.0277777777777777,0.0,0.0091743119266055,0.0091743119266055,0.0144092219020172,0.0037878787878787,0.0807686194899577
U_21045706,C_735385,0.0,辽宁对外经贸学院,2020-08-03 21:22:30,4,E,781,146,0.0416666666666666,0.0,0.0201834862385321,0.0201834862385321,0.0201729106628242,0.0053030303030303,0.0617058371903277
U_25936405,C_948395,1.0,西安美术学院,2020-05-23 10:01:58,0,A,727,170,0.1666666666666666,0.0,0.110091743119266,0.110091743119266,0.1412103746397694,0.0818181818181818,0.0689921732759935
U_2104379,C_1828106,0.0,华中科技大学,2020-08-27 19:48:24,4,E,200,59,0.0555555555555555,0.0,0.0091743119266055,0.0091743119266055,0.0115273775216138,0.0606060606060606,0.0312632226795399
U_33119727,C_1912004,1.0,辽宁对外经贸学院,2020-10-05 20:45:11,4,E,781,74,0.0277777777777777,0.0,0.0073394495412844,0.0073394495412844,0.0086455331412103,0.0022727272727272,0.0618717852154938
U_4096742,C_786631,0.0,麻省,2020-03-02 07:52:04,4,E,901,154,0.0138888888888888,0.0,0.055045871559633,0.055045871559633,0.0403458213256484,0.0272727272727272,0.059074831263865
U_469568,C_1828108,2.0,云南大学,2020-06-04 17:40:43,4,E,106,60,0.0277777777777777,0.0,0.0091743119266055,0.0091743119266055,0.0144092219020172,0.0037878787878787,0.0615161228763207
U_30596252,C_1829948,0.0,广州中医药大学,2020-06-18 11:24:17,1,B,423,61,0.0277777777777777,0.0,0.0844036697247706,0.0844036697247706,0.063400576368876,0.0166666666666666,0.0883099219466776
U_31153484,C_948387,0.0,辽宁对外经贸学院,2020-08-07 22:25:05,4,E,781,169,0.0416666666666666,0.0,0.0091743119266055,0.0091743119266055,0.0086455331412103,0.0022727272727272,0.0615458567371669
U_27875272,C_735283,1.0,辽宁对外经贸学院,2020-04-20 15:55:35,4,E,781,143,0.0416666666666666,0.0,0.0697247706422018,0.0697247706422018,0.0547550432276657,0.034090909090909,0.0633150511715702
U_33224289,C_697076,0.0,辽宁对外经贸学院,2020-10-30 13:35:13,0,A,781,121,0.1111111111111111,0.0,0.1908256880733945,0.2770642201834862,0.2103746397694524,0.0621212121212121,0.0684483120394389
U_25937492,C_948395,1.0,西安美术学院,2020-05-25 20:15:24,0,A,727,170,0.1666666666666666,0.0,0.110091743119266,0.110091743119266,0.1585014409221901,0.0909090909090909,0.0687666238159034
U_32718603,C_735164,2.0,昆明理工大学,2020-09-15 13:44:09,0,A,476,138,0.1111111111111111,0.0,0.1926605504587156,0.2752293577981651,0.2161383285302593,0.0613636363636363,0.0667270612270963
U_33459882,C_2027893,2.0,辽宁对外经贸学院,2020-09-23 10:45:21,4,E,781,84,0.0416666666666666,0.0,0.0110091743119266,0.0110091743119266,0.0144092219020172,0.0053030303030303,0.0613840934409175
U_8763232,C_735197,0.0,华南理工大学,2020-09-24 11:29:40,4,E,211,141,0.0416666666666666,0.0,0.0605504587155963,0.0605504587155963,0.0605187319884726,0.0303030303030303,0.0624068164264174
U_29922610,C_749807,1.0,辽宁对外经贸学院,2020-05-16 13:42:00,4,E,781,148,0.0416666666666666,0.0,0.0238532110091743,0.0238532110091743,0.0288184438040345,0.0075757575757575,0.0618565220977176
U_33066700,C_735164,0.0,昆明理工大学,2020-09-23 22:24:53,0,A,476,138,0.125,0.0,0.181651376146789,0.2697247706422018,0.2247838616714697,0.0689393939393939,0.0649960245871335
U_5199974,C_674920,0.0,西昌民族幼儿师范高等专科学校,2020-06-11 07:25:05,4,E,751,87,0.0416666666666666,0.0,0.018348623853211,0.018348623853211,0.0288184438040345,0.0075757575757575,0.0592428196538992
U_13061368,C_801420,0.0,南京邮电大学通达学院,2020-09-01 09:38:07,4,E,229,155,0.0416666666666666,0.0,0.0055045871559633,0.0055045871559633,0.0057636887608069,0.0015151515151515,0.0613118486770892
U_31688921,C_707035,2.0,辽宁对外经贸学院,2020-08-31 10:01:18,4,E,781,130,0.0416666666666666,0.0,0.0165137614678899,0.0165137614678899,0.0201729106628242,0.006060606060606,0.0624737027562957
U_32594074,C_735164,0.0,昆明理工大学,2020-12-01 11:24:18,0,A,476,138,0.1111111111111111,0.0,0.1798165137614679,0.2568807339449541,0.1642651296829971,0.0462121212121212,0.0697980480661446
U_11886355,C_735385,0.0,重庆大学,2020-08-12 14:48:19,4,E,835,146,0.0138888888888888,0.0,0.0458715596330275,0.0458715596330275,0.0461095100864553,0.0121212121212121,0.0744682078701388
U_31134053,C_674959,1.0,1,2020-08-21 00:41:56,4,E,2,88,0.0416666666666666,0.0,0.0458715596330275,0.0458715596330275,0.0345821325648414,0.0106060606060606,0.0178949494172404
U_11971473,C_697076,0.0,长沙理工大学,2020-09-08 19:24:41,4,E,862,121,0.0416666666666666,0.0,0.0018348623853211,0.0018348623853211,0.0028818443804034,0.0007575757575757,0.0604396174576446
U_30639605,C_1829948,1.0,中国医科大学,2020-06-21 21:28:59,2,C,69,61,0.0833333333333333,0.0,0.4770642201834862,0.4770642201834862,0.2536023054755043,0.0666666666666666,0.0767529090505409
U_24145443,C_674920,2.0,太原师范学院,2020-02-26 14:25:38,4,E,330,87,0.0138888888888888,0.0,0.0715596330275229,0.0715596330275229,0.0518731988472622,0.031060606060606,0.059761825086392
U_33748801,C_697076,1.0,辽宁对外经贸学院,2020-11-16 13:39:20,4,E,781,121,0.0277777777777777,0.0,0.018348623853211,0.018348623853211,0.0259365994236311,0.0075757575757575,0.0591552325348242
U_29939488,C_786631,0.0,华南理工大学,2020-05-12 11:32:02,3,D,211,154,0.1666666666666666,0.0,0.1614678899082569,0.1614678899082569,0.132564841498559,0.0484848484848484,0.0848210862110535
U_29454538,C_1017355,0.0,华南理工大学,2020-04-18 15:14:05,3,D,211,0,0.1527777777777777,0.0,0.1853211009174312,0.2055045871559633,0.1210374639769452,0.1409090909090909,0.0844435394729665
U_20991186,C_801420,0.0,南京邮电大学,2020-09-04 13:59:06,4,E,228,155,0.0416666666666666,0.0,0.0128440366972477,0.0128440366972477,0.0144092219020172,0.0045454545454545,0.0615452327420859
U_5840533,C_735164,0.0,大连交通大学,2020-10-21 22:22:40,0,A,303,138,0.1111111111111111,0.0,0.2862385321100917,0.3064220183486238,0.446685878962536,0.1628787878787878,0.1527483940454667
U_29173681,C_707079,2.0,辽宁对外经贸学院,2020-06-26 18:30:33,4,E,781,132,0.0416666666666666,0.0,0.0532110091743119,0.0532110091743119,0.0489913544668587,0.0174242424242424,0.0625895083195916
U_5643128,C_1824911,1.0,辽宁对外经贸学院,2020-06-03 19:59:57,4,E,781,57,0.0416666666666666,0.0,0.073394495412844,0.073394495412844,0.0374639769452449,0.0227272727272727,0.0646926094551437
U_1710687,C_801420,0.0,陕西工业职业技术学院,2020-07-10 22:34:17,4,E,876,155,0.0416666666666666,0.0,0.0055045871559633,0.0055045871559633,0.0028818443804034,0.0007575757575757,0.0613214017446395
U_7319286,C_697107,0.0,湖南工业大学,2020-07-17 14:04:53,4,E,641,122,0.0416666666666666,0.0,0.0513761467889908,0.0513761467889908,0.0749279538904899,0.0227272727272727,0.0621732788388213
U_12198789,C_1714448,2.0,中国医科大学,2020-06-16 11:08:16,0,A,69,8,0.0972222222222222,0.0,0.1449541284403669,0.1449541284403669,0.2103746397694524,0.0553030303030303,0.0671121008584979
U_238064,C_735164,0.0,昆明理工大学,2020-10-20 17:10:49,0,A,476,138,0.0138888888888888,0.0,0.2055045871559633,0.2770642201834862,0.2593659942363112,0.0719696969696969,0.063505577669651
U_31029978,C_697076,2.0,辽宁对外经贸学院,2020-07-20 22:21:59,4,E,781,121,0.0416666666666666,0.0,0.0091743119266055,0.0091743119266055,0.0057636887608069,0.0015151515151515,0.0607520805183096
U_30497865,C_756642,2.0,辽宁对外经贸学院,2020-06-14 15:45:57,4,E,781,149,0.0277777777777777,0.0,0.0091743119266055,0.0091743119266055,0.0144092219020172,0.0053030303030303,0.0616423135006084
U_33714187,C_697076,1.0,辽宁对外经贸学院,2020-11-16 15:48:58,4,E,781,121,0.0416666666666666,0.0,0.0091743119266055,0.0091743119266055,0.0144092219020172,0.0045454545454545,0.0630250370767972
U_30825709,C_1750793,2.0,辽宁对外经贸学院,2020-07-03 22:56:10,4,E,781,17,0.0416666666666666,0.0,0.0073394495412844,0.0073394495412844,0.0115273775216138,0.006060606060606,0.0613040437862341
U_29844326,C_735164,2.0,昆明理工大学,2020-09-16 10:32:05,0,A,476,138,0.125,0.0,0.2385321100917431,0.3027522935779816,0.2247838616714697,0.0621212121212121,0.0599085530725933
U_33366143,C_697076,2.0,辽宁对外经贸学院,2020-11-14 10:10:17,4,E,781,121,0.0277777777777777,0.0,0.0880733944954128,0.0880733944954128,0.0230547550432276,0.0287878787878787,0.0600402457487465
U_14682326,C_1714448,1.0,中国医科大学,2020-05-21 20:46:47,0,A,69,8,0.1111111111111111,0.0,0.1431192660550458,0.1431192660550458,0.1930835734870317,0.0507575757575757,0.0674292141682194
U_18105819,C_786631,1.0,北华航天工业学院,2020-04-22 11:24:56,2,C,186,154,0.0694444444444444,0.0,0.1926605504587156,0.1926605504587156,0.1671469740634005,0.0666666666666666,0.0812680978382872
U_30662794,C_674920,0.0,辽宁对外经贸学院,2020-06-23 15:52:37,4,E,781,87,0.0555555555555555,0.0,0.1834862385321101,0.1834862385321101,0.100864553314121,0.0265151515151515,0.0666902009462371
U_9046738,C_786631,1.0,中国传媒大学,2020-03-12 16:05:44,4,E,66,154,0.0138888888888888,0.0,0.0880733944954128,0.0880733944954128,0.0489913544668587,0.028030303030303,0.0643450441949985
U_32160908,C_1992917,2.0,辽宁对外经贸学院,2020-09-08 09:43:54,4,E,781,80,0.0277777777777777,0.0,0.0899082568807339,0.0899082568807339,0.0432276657060518,0.0287878787878787,0.059214452639421
U_5075961,C_1864065,1.0,湖北理工学院,2020-06-23 09:55:13,3,D,631,67,0.125,0.0,0.0055045871559633,0.0055045871559633,0.0086455331412103,0.0045454545454545,0.0766246780613851
U_16356047,C_735385,1.0,辽宁对外经贸学院,2020-06-19 23:31:57,4,E,781,146,0.0277777777777777,0.0,0.0091743119266055,0.0091743119266055,0.0,0.0,0.0614914007854905
U_30473927,C_1829948,1.0,辽宁对外经贸学院,2020-06-12 15:40:32,4,E,781,61,0.0416666666666666,0.0,0.0825688073394495,0.0825688073394495,0.0662824207492795,0.0333333333333333,0.060963827801488
U_30467159,C_1829948,0.0,辽宁对外经贸学院,2020-06-12 10:06:57,4,E,781,61,0.1805555555555555,0.0,0.1963302752293578,0.1963302752293578,0.2507204610951008,0.0659090909090909,0.0658346145479625
U_31742525,C_2027893,2.0,辽宁对外经贸学院,2020-10-03 14:47:50,4,E,781,84,0.0277777777777777,0.0,0.0018348623853211,0.0018348623853211,0.0028818443804034,0.0015151515151515,0.0611466187415005
U_13170283,C_1829948,0.0,北方民族大学,2020-06-05 11:26:52,4,E,190,61,0.0416666666666666,0.0,0.0825688073394495,0.0825688073394495,0.0605187319884726,0.0318181818181818,0.0662835740564364
U_3076734,C_1714448,0.0,河北大学,2020-05-01 09:10:34,4,E,551,8,0.0555555555555555,0.0,0.1119266055045871,0.1119266055045871,0.1210374639769452,0.0318181818181818,0.0635164480601502
U_7461601,C_936971,1.0,汉江师范学院,2020-07-19 20:06:15,4,E,519,162,0.0138888888888888,0.0,0.0403669724770642,0.0403669724770642,0.0432276657060518,0.0136363636363636,0.0619811428296188
U_25300257,C_948395,0.0,西安美术学院,2020-05-03 16:06:31,0,A,727,170,0.0138888888888888,0.0,0.1798165137614679,0.2642201834862385,0.2046109510086455,0.0696969696969697,0.0640046004025244
U_14908873,C_1778562,0.0,辽宁对外经贸学院,2020-05-03 15:50:12,4,E,781,49,0.0416666666666666,0.0,0.0660550458715596,0.0660550458715596,0.0605187319884726,0.0325757575757575,0.0613971230524908
U_26338662,C_735164,2.0,昆明理工大学城市学院,2020-09-16 09:08:21,0,A,478,138,0.1111111111111111,0.0,0.2110091743119266,0.2678899082568807,0.201729106628242,0.0765151515151515,0.0739577181326332
U_30463307,C_674920,2.0,辽宁对外经贸学院,2020-06-11 22:49:44,4,E,781,87,0.0555555555555555,0.0,0.110091743119266,0.110091743119266,0.132564841498559,0.0348484848484848,0.0632288606129146
U_5732074,C_1824911,0.0,重庆三峡医药高等专科学校,2020-06-05 11:32:19,4,E,822,57,0.0277777777777777,0.0,0.0256880733944954,0.0256880733944954,0.0403458213256484,0.0446969696969697,0.053419118133532
U_31189247,C_1875539,2.0,辽宁对外经贸学院,2020-08-13 11:14:38,4,E,781,69,0.0416666666666666,0.0,0.018348623853211,0.018348623853211,0.0230547550432276,0.0606060606060606,0.0609623371465722
U_32722428,C_735164,1.0,昆明理工大学,2020-09-15 08:29:42,0,A,476,138,0.1111111111111111,0.0,0.1889908256880734,0.2899082568807339,0.2103746397694524,0.0674242424242424,0.0661443686776011
U_32551585,C_735164,2.0,昆明理工大学,2020-11-26 21:57:42,0,A,476,138,0.125,0.0,0.2862385321100917,0.2972477064220183,0.4380403458213256,0.1583333333333333,0.0695697153898992
U_14243033,C_1714448,2.0,中国医科大学,2020-03-20 11:27:54,2,C,69,8,0.0416666666666666,0.0,0.1871559633027523,0.1871559633027523,0.1613832853025936,0.0636363636363636,0.0768167249284331
U_11396766,C_1750793,1.0,北京体育大学,2020-06-09 16:10:19,0,A,159,17,0.0555555555555555,0.0,0.036697247706422,0.036697247706422,0.0547550432276657,0.0287878787878787,0.0696928157528331
U_17988216,C_786631,1.0,北华航天工业学院,2020-04-22 23:06:47,0,A,186,154,0.0138888888888888,0.0,0.2146788990825688,0.2807339449541284,0.2507204610951008,0.0803030303030303,0.0687325021801221
U_33220336,C_697076,1.0,辽宁对外经贸学院,2020-11-19 14:22:30,4,E,781,121,0.0416666666666666,0.0,0.0715596330275229,0.0715596330275229,0.0489913544668587,0.0303030303030303,0.0608177386673935
U_11903052,C_707358,1.0,深圳职业技术学院,2020-03-24 22:16:08,0,A,611,134,0.125,0.0,0.2,0.2770642201834862,0.1902017291066282,0.0446969696969697,0.0712209747539839
U_32495762,C_1992917,1.0,辽宁对外经贸学院,2020-09-12 08:47:28,4,E,781,80,0.0138888888888888,0.0,0.0587155963302752,0.0587155963302752,0.0489913544668587,0.0303030303030303,0.0635502477937071
U_32697169,C_697076,0.0,辽宁对外经贸学院,2020-09-14 22:14:24,4,E,781,121,0.0416666666666666,0.0,0.0275229357798165,0.0275229357798165,0.0172910662824207,0.0045454545454545,0.0613702417405865
U_29895266,C_1755909,2.0,山西农业大学,2020-05-21 10:15:14,4,E,379,21,0.0416666666666666,0.0,0.0036697247706422,0.0036697247706422,0.0057636887608069,0.0022727272727272,0.0612506129693337
U_33895979,C_697076,2.0,辽宁对外经贸学院,2020-11-19 15:50:24,4,E,781,121,0.0416666666666666,0.0,0.055045871559633,0.055045871559633,0.0605187319884726,0.0181818181818181,0.0614346320901406
U_31232968,C_1774985,1.0,辽宁对外经贸学院,2020-08-25 19:56:59,4,E,781,46,0.0416666666666666,0.0,0.0348623853211009,0.0348623853211009,0.0374639769452449,0.0098484848484848,0.007722044851329
U_6653745,C_756642,2.0,辽宁对外经贸学院,2020-05-11 16:31:30,4,E,781,149,0.0416666666666666,0.0,0.0091743119266055,0.0091743119266055,0.0086455331412103,0.003030303030303,0.061181413895782
U_971511,C_735164,0.0,昆明理工大学,2020-11-02 22:16:51,4,E,476,138,0.0416666666666666,0.0,0.0275229357798165,0.0385321100917431,0.0403458213256484,0.0174242424242424,0.0615257007055806
U_33224772,C_697076,2.0,辽宁对外经贸学院,2020-09-24 18:33:45,0,A,781,121,0.1111111111111111,0.0,0.0275229357798165,0.0275229357798165,0.0432276657060518,0.0136363636363636,0.0662477834814304
U_1027395,C_735164,0.0,广东石油化工学院,2020-09-20 09:04:41,0,A,416,138,0.1111111111111111,0.0,0.1981651376146789,0.2752293577981651,0.2305475504322766,0.0636363636363636,0.0627717621263991
U_5256544,C_674920,0.0,西昌民族师范幼儿高等专科学校,2020-06-12 13:26:00,4,E,744,87,0.0416666666666666,0.0,0.0770642201834862,0.0770642201834862,0.063400576368876,0.0257575757575757,0.0623605466959233
U_14919587,C_1992929,1.0,华南理工大学,2020-10-16 17:54:04,3,D,211,81,0.1111111111111111,0.0,0.0018348623853211,0.0018348623853211,0.0028818443804034,0.0007575757575757,0.0749309969364727
U_30245073,C_813262,1.0,中国医科大学,2020-05-27 22:11:28,2,C,69,157,0.0277777777777777,0.0,0.181651376146789,0.181651376146789,0.0691642651296829,0.0189393939393939,0.074764860722314
U_15383185,C_677087,2.0,辽宁对外经贸学院,2020-06-05 14:37:41,4,E,781,92,0.0416666666666666,0.0,0.0697247706422018,0.0697247706422018,0.063400576368876,0.031060606060606,0.062245558269043
U_9078392,C_735164,2.0,西北师范大学,2020-09-16 13:47:44,0,A,705,138,0.1388888888888889,0.0,0.0697247706422018,0.1651376146788991,0.1095100864553314,0.0969696969696969,0.0690914825883769
U_4537192,C_735197,0.0,华南理工大学,2020-09-09 21:32:19,4,E,211,141,0.0416666666666666,0.0,0.0678899082568807,0.0678899082568807,0.0576368876080691,0.0295454545454545,0.061888697463127
U_7024727,C_735164,0.0,南京理工大学泰州科技学院,2020-09-17 18:24:44,0,A,225,138,0.0972222222222222,0.0,0.0990825688073394,0.1064220183486238,0.1498559077809798,0.0712121212121212,0.0585548332499903
U_5277789,C_674920,0.0,西昌民族幼儿师范高等专科学校,2020-06-29 21:19:48,4,E,751,87,0.0694444444444444,0.0,0.2201834862385321,0.2201834862385321,0.3458213256484149,0.0931818181818181,0.0637527391498499
U_30459402,C_1829948,2.0,广州中医药大学,2020-06-11 18:47:36,1,B,423,61,0.0972222222222222,0.0,0.0825688073394495,0.0825688073394495,0.0691642651296829,0.0181818181818181,0.0899569421060847
U_30476397,C_1829948,0.0,辽宁对外经贸学院,2020-06-12 17:56:28,4,E,781,61,0.0416666666666666,0.0,0.0293577981651376,0.0293577981651376,0.0144092219020172,0.0037878787878787,0.0620403876959252
U_30050254,C_749807,0.0,辽宁对外经贸学院,2020-05-19 10:33:37,4,E,781,148,0.0416666666666666,0.0,0.0238532110091743,0.0238532110091743,0.0288184438040345,0.0075757575757575,0.0618565220977176
U_32612153,C_735164,1.0,昆明理工大学,2020-11-28 14:18:49,0,A,476,138,0.1111111111111111,0.0,0.1798165137614679,0.2587155963302752,0.1671469740634005,0.0469696969696969,0.0697829384709677
U_30964915,C_1755944,2.0,昆明理工大学,2020-08-02 13:15:54,0,A,476,25,0.1388888888888889,0.0,0.0752293577981651,0.0752293577981651,0.1181556195965417,0.0409090909090909,0.0695531498061999
U_12695906,C_948387,0.0,深圳信息职业技术学院,2020-09-06 22:21:06,4,E,610,169,0.0416666666666666,0.0,0.0642201834862385,0.0642201834862385,0.0605187319884726,0.0295454545454545,0.0629353254030414
U_16100316,C_786631,2.0,北华航天工业学院,2020-03-31 15:21:20,0,A,186,154,0.0972222222222222,0.0,0.2073394495412844,0.2715596330275229,0.2103746397694524,0.0704545454545454,0.0727484156655573
U_32878445,C_735164,0.0,昆明理工大学,2020-09-16 10:08:52,0,A,476,138,0.1111111111111111,0.0,0.1834862385321101,0.273394495412844,0.2074927953890489,0.056060606060606,0.0028975885102127
U_31512649,C_696575,2.0,华南理工大学,2020-08-27 16:44:44,3,D,211,116,0.1805555555555555,0.0,0.2330275229357798,0.2330275229357798,0.2622478386167147,0.0689393939393939,0.1755337154287033
U_10187253,C_735197,0.0,辽宁对外经贸学院,2020-09-15 22:42:59,4,E,781,141,0.0416666666666666,0.0,0.0954128440366972,0.0954128440366972,0.0374639769452449,0.0393939393939393,0.0575715924472209
U_30111146,C_682575,2.0,辽宁对外经贸学院,2020-05-21 23:12:52,4,E,781,113,0.0277777777777777,0.0,0.0073394495412844,0.0073394495412844,0.0057636887608069,0.0015151515151515,0.0614973435957862
U_17195986,C_697367,2.0,辽宁对外经贸学院,2020-06-18 15:34:06,4,E,781,127,0.0416666666666666,0.0,0.0110091743119266,0.0110091743119266,0.0086455331412103,0.0022727272727272,0.0618424623990263
U_29644398,C_697155,0.0,辽宁对外经贸学院,2020-04-26 13:25:03,4,E,781,124,0.0416666666666666,0.0,0.0091743119266055,0.0091743119266055,0.0115273775216138,0.003030303030303,0.0614230238006963
U_29662517,C_735283,2.0,辽宁对外经贸学院,2020-04-26 15:12:04,4,E,781,143,0.0416666666666666,0.0,0.0678899082568807,0.0678899082568807,0.0547550432276657,0.0318181818181818,0.063273179120695
U_3488776,C_735197,0.0,华南理工大学,2020-10-22 08:34:17,4,E,211,141,0.0416666666666666,0.0,0.0403669724770642,0.0403669724770642,0.0432276657060518,0.0113636363636363,0.0654844789783436
U_12649417,C_735197,0.0,辽宁对外经贸学院,2020-11-21 21:45:24,4,E,781,141,0.0277777777777777,0.0,0.055045871559633,0.055045871559633,0.0230547550432276,0.0257575757575757,0.0610544110874205
U_19841234,C_677087,2.0,辽宁对外经贸学院,2020-06-12 13:20:47,4,E,781,92,0.0416666666666666,0.0,0.1412844036697247,0.1412844036697247,0.0720461095100864,0.0189393939393939,0.0660028555074343
U_30605824,C_735115,0.0,辽宁对外经贸学院,2020-07-30 20:26:58,4,E,781,136,0.0416666666666666,0.0,0.0532110091743119,0.0532110091743119,0.0374639769452449,0.0113636363636363,0.0619157818210497
U_23147468,C_1864065,0.0,辽宁对外经贸学院,2020-06-20 14:59:46,4,E,781,67,0.0138888888888888,0.0,0.0238532110091743,0.0238532110091743,0.0345821325648414,0.0166666666666666,0.0612195073097775
U_22865634,C_801420,2.0,南京邮电大学,2020-09-08 15:46:17,4,E,228,155,0.0416666666666666,0.0,0.0128440366972477,0.0128440366972477,0.0115273775216138,0.003030303030303,0.0612328687282591
U_34040626,C_735164,1.0,昆明理工大学,2020-10-29 20:32:25,0,A,476,138,0.0555555555555555,0.0,0.2862385321100917,0.3174311926605505,0.4495677233429394,0.1636363636363636,0.0481632496057237
U_12205192,C_674920,0.0,西昌名族幼儿师范学校高等专科学校,2020-06-19 22:15:00,4,E,733,87,0.0833333333333333,0.0,0.0642201834862385,0.0678899082568807,0.031700288184438,0.028030303030303,0.0654552403957095
U_15350376,C_735195,2.0,辽宁对外经贸学院,2020-11-25 21:43:58,4,E,781,140,0.0416666666666666,0.0,0.0697247706422018,0.0697247706422018,0.0576368876080691,0.031060606060606,0.0612978484065008
U_10128165,C_1714448,2.0,中国医科大学,2020-05-15 12:31:05,2,C,69,8,0.1388888888888889,0.0,0.1449541284403669,0.1449541284403669,0.1642651296829971,0.0431818181818181,0.0765600896181544
U_21428956,C_697076,1.0,齐齐哈尔中学,2020-10-14 10:14:27,4,E,911,121,0.0555555555555555,0.0,0.0715596330275229,0.0715596330275229,0.0547550432276657,0.0257575757575757,0.0534550968975306
U_4517058,C_735197,2.0,华南理工大学,2020-10-20 10:40:44,4,E,211,141,0.1527777777777777,0.0,0.0678899082568807,0.0678899082568807,0.0749279538904899,0.0204545454545454,0.0007635496403431
U_4533386,C_676635,2.0,北京第二外国语学院,2020-08-15 23:32:45,4,E,179,89,0.0277777777777777,0.0,0.018348623853211,0.018348623853211,0.0115273775216138,0.003030303030303,4.231257452782936e-05
U_4461887,C_1472684,0.0,贵州医科大学,2020-09-17 19:53:28,4,E,762,3,0.0277777777777777,0.0,0.0091743119266055,0.0091743119266055,0.0086455331412103,0.0022727272727272,0.0610670098452475
U_33334502,C_697076,2.0,辽宁对外经贸学院,2020-09-28 14:29:59,4,E,781,121,0.0416666666666666,0.0,0.0275229357798165,0.0275229357798165,0.0259365994236311,0.0068181818181818,0.008769107973997
U_31172720,C_735164,2.0,昆明理工大学,2020-09-18 14:01:03,0,A,476,138,0.1111111111111111,0.0,0.1853211009174312,0.273394495412844,0.2103746397694524,0.0568181818181818,0.0199272998507978
U_5094695,C_674920,0.0,辽宁对外经贸学院,2020-07-01 09:18:44,4,E,781,87,0.0138888888888888,0.0,0.2201834862385321,0.2201834862385321,0.3314121037463977,0.0893939393939394,0.0650027201534
U_31113851,C_735385,0.0,辽宁对外经贸学院,2020-08-01 12:19:53,4,E,781,146,0.0416666666666666,0.0,0.036697247706422,0.036697247706422,0.0432276657060518,0.0113636363636363,0.0621125284605733
U_27265350,C_735115,1.0,华南理工大学,2020-02-25 16:27:12,3,D,211,136,0.0138888888888888,0.0,0.1486238532110091,0.3082568807339449,0.0720461095100864,0.1378787878787878,0.0690669041154622
U_30347152,C_735197,1.0,重庆机电职业技术学院,2020-09-20 19:26:33,4,E,843,141,0.0416666666666666,0.0,0.0091743119266055,0.0091743119266055,0.0028818443804034,0.0007575757575757,0.061415065387242
U_14792700,C_1992950,1.0,辽宁对外经贸学院,2020-09-23 18:58:48,4,E,781,83,0.0416666666666666,0.0,0.0018348623853211,0.0018348623853211,0.0,0.0,0.0781570950494287
U_33266611,C_2059281,1.0,辽宁对外经贸学院,2020-09-21 14:43:08,4,E,781,85,0.0416666666666666,0.0,0.0091743119266055,0.0091743119266055,0.0115273775216138,0.0037878787878787,0.0618032745174679
U_33219096,C_697076,2.0,辽宁对外经贸学院,2020-09-24 11:00:39,0,A,781,121,0.0972222222222222,0.0,0.1651376146788991,0.2458715596330275,0.0951008645533141,0.031060606060606,0.0758816385854274
U_30113155,C_1750793,1.0,昆明理工大学,2020-05-22 08:07:26,0,A,476,17,0.0833333333333333,0.0,0.036697247706422,0.036697247706422,0.0489913544668587,0.0257575757575757,0.0700885623474508
U_7157462,C_735197,1.0,华南理工大学,2020-09-09 20:23:42,4,E,211,141,0.0416666666666666,0.0,0.0678899082568807,0.0678899082568807,0.0576368876080691,0.0295454545454545,0.061888697463127
U_5822968,C_1824911,1.0,重庆三峡医药高等专科学校,2020-06-14 19:30:09,4,E,822,57,0.0416666666666666,0.0,0.0073394495412844,0.0073394495412844,0.0057636887608069,0.0015151515151515,0.0613080056597646
U_18253319,C_697062,2.0,湖北科技学院,2020-04-26 07:10:56,4,E,633,120,0.0416666666666666,0.0,0.0788990825688073,0.0788990825688073,0.0432276657060518,0.0401515151515151,0.0662629772664198
U_7374692,C_1824911,0.0,重庆三峡医药高等专科学校,2020-06-30 23:36:26,4,E,822,57,0.375,0.0,0.0862385321100917,0.0862385321100917,0.0432276657060518,0.0113636363636363,0.0671301372877454
U_5152505,C_735197,1.0,华南理工大学,2020-09-15 21:26:11,3,D,211,141,0.0555555555555555,0.0,0.0256880733944954,0.0256880733944954,0.0345821325648414,0.0136363636363636,0.0297024656691156
U_20874443,C_1824911,0.0,辽宁对外经贸学院,2020-06-02 09:50:26,4,E,781,57,0.0416666666666666,0.0,0.073394495412844,0.073394495412844,0.0432276657060518,0.0272727272727272,0.0625194128721536
U_29900746,C_1806527,1.0,辽宁对外经贸学院,2020-09-03 16:21:52,4,E,781,53,0.0416666666666666,0.0,0.0697247706422018,0.0697247706422018,0.0662824207492795,0.0318181818181818,0.0627499196264988
U_30141806,C_676635,2.0,广州中医药大学,2020-05-23 15:59:20,1,B,423,89,0.2222222222222222,0.0,0.0256880733944954,0.0330275229357798,0.0403458213256484,0.0287878787878787,0.1185938889326331
U_2204650,C_735164,0.0,河南大学,2020-09-15 20:14:37,0,A,568,138,0.0833333333333333,0.0,0.0091743119266055,0.0091743119266055,0.0144092219020172,0.006060606060606,0.0182271223602723
U_6160973,C_735197,1.0,华南理工大学,2020-10-05 13:04:01,3,D,211,141,0.1666666666666666,0.0,0.2440366972477064,0.2532110091743119,0.0806916426512968,0.1704545454545454,0.0842883132680423
U_11624056,C_1829948,0.0,北方民族大学,2020-06-18 10:01:57,4,E,190,61,0.0416666666666666,0.0,0.0752293577981651,0.0752293577981651,0.063400576368876,0.0371212121212121,0.0618145014765849
U_30590155,C_1829948,0.0,辽宁对外经贸学院,2020-06-17 21:11:37,4,E,781,61,0.0277777777777777,0.0,0.0311926605504587,0.0311926605504587,0.0201729106628242,0.0053030303030303,0.0615655224869039
U_12407454,C_1912004,1.0,辽宁对外经贸学院,2020-08-15 13:11:53,4,E,781,74,0.0277777777777777,0.0,0.0091743119266055,0.0091743119266055,0.0086455331412103,0.0022727272727272,0.0619472093828303
U_19205331,C_948488,0.0,合肥工业大学,2020-06-05 13:55:24,3,D,248,172,0.0138888888888888,0.0,0.1834862385321101,0.1834862385321101,0.1412103746397694,0.0371212121212121,0.080146689535485
U_27903882,C_1766171,2.0,辽宁对外经贸学院,2020-06-05 17:00:40,4,E,781,34,0.0416666666666666,0.0,0.0678899082568807,0.0678899082568807,0.0461095100864553,0.0325757575757575,0.0626439692236099
U_6758675,C_1824911,1.0,重庆三峡医药高等专科学校,2020-06-02 10:24:54,4,E,822,57,0.0277777777777777,0.0,0.0678899082568807,0.0678899082568807,0.0432276657060518,0.028030303030303,0.0652856870656307
U_30563893,C_1829948,1.0,辽宁对外经贸学院,2020-06-16 19:25:34,4,E,781,61,0.0277777777777777,0.0,0.073394495412844,0.073394495412844,0.0922190201729106,0.0242424242424242,0.0624498968487194
U_9675712,C_1944726,0.0,陕西中医药大学,2020-10-19 22:51:53,4,E,873,78,0.0277777777777777,0.0,0.0055045871559633,0.0073394495412844,0.0086455331412103,0.0022727272727272,0.0046582297957456
U_29755306,C_735283,2.0,辽宁对外经贸学院,2020-05-07 00:08:24,4,E,781,143,0.0277777777777777,0.0,0.0091743119266055,0.0091743119266055,0.0057636887608069,0.0015151515151515,0.0619521122013242
U_29822084,C_756642,2.0,辽宁对外经贸学院,2020-05-07 21:38:52,4,E,781,149,0.0416666666666666,0.0,0.0660550458715596,0.0660550458715596,0.0576368876080691,0.0318181818181818,0.0616929611013536
U_34268582,C_697076,2.0,辽宁对外经贸学院,2020-11-17 19:00:14,4,E,781,121,0.0416666666666666,0.0,0.0862385321100917,0.0862385321100917,0.0518731988472622,0.0356060606060606,0.0628649625291401
U_29062895,C_735115,1.0,辽宁对外经贸学院,2020-05-24 14:31:53,4,E,781,136,0.0416666666666666,0.0,0.055045871559633,0.055045871559633,0.0201729106628242,0.0053030303030303,0.0622024382280057
U_33230590,C_1912004,1.0,辽宁对外经贸学院,2020-09-21 10:35:19,4,E,781,74,0.0277777777777777,0.0,0.0055045871559633,0.0055045871559633,0.0057636887608069,0.0015151515151515,0.0016290341193214
U_4957238,C_1017355,2.0,广州中医药大学,2020-05-03 19:03:24,0,A,423,0,0.0972222222222222,0.0,0.0825688073394495,0.0825688073394495,0.1037463976945244,0.0363636363636363,0.0678780894868808
U_28797792,C_677087,0.0,辽宁对外经贸学院,2020-06-01 15:11:35,4,E,781,92,0.0416666666666666,0.0,0.055045871559633,0.055045871559633,0.0374639769452449,0.0098484848484848,0.062866220423986
U_6159284,C_735197,2.0,华南理工大学,2020-10-04 10:59:17,4,E,211,141,0.0416666666666666,0.0,0.0678899082568807,0.0678899082568807,0.0259365994236311,0.0409090909090909,0.0604701090268035
U_29696197,C_1774975,0.0,昆明理工大学,2020-05-05 06:55:44,0,A,476,44,0.1527777777777777,0.0,0.1357798165137614,0.1394495412844036,0.2132564841498559,0.375,0.0836926752967862
U_19919528,C_948395,2.0,西安美术学院,2020-03-18 12:59:52,0,A,727,170,0.0277777777777777,0.0,0.1651376146788991,0.2220183486238532,0.1613832853025936,0.0787878787878787,0.0651003605265587
U_30140499,C_1714448,0.0,辽宁对外经贸学院,2020-05-23 14:12:33,4,E,781,8,0.0277777777777777,0.0,0.0073394495412844,0.0073394495412844,0.0028818443804034,0.0007575757575757,0.0619993525908333
U_31683259,C_682392,0.0,昆明理工大学,2020-09-14 21:04:29,0,A,476,108,0.0972222222222222,0.0,0.1926605504587156,0.3064220183486238,0.1959654178674351,0.0159090909090909,0.0602814247999144
U_9046769,C_786631,2.0,辽宁对外经贸学院,2020-03-12 15:15:34,4,E,781,154,0.0416666666666666,0.0,0.0807339449541284,0.0807339449541284,0.0518731988472622,0.0318181818181818,0.0651433617113901
U_10513837,C_1750793,2.0,北京体育大学,2020-06-13 19:33:07,0,A,159,17,0.0833333333333333,0.0,0.036697247706422,0.036697247706422,0.0547550432276657,0.0287878787878787,0.0699086536704317
U_10152669,C_1714448,2.0,中国医科大学,2020-03-19 11:33:57,2,C,69,8,0.0138888888888888,0.0,0.1853211009174312,0.1853211009174312,0.1585014409221901,0.0628787878787878,0.0765521213000162
U_4537194,C_735197,2.0,华南理工大学,2020-09-15 10:05:37,4,E,211,141,0.0555555555555555,0.0,0.1045871559633027,0.1045871559633027,0.0432276657060518,0.028030303030303,0.0572370419416234
U_30891466,C_707035,0.0,辽宁对外经贸学院,2020-07-07 23:40:42,4,E,781,130,0.0416666666666666,0.0,0.0165137614678899,0.0165137614678899,0.0259365994236311,0.0083333333333333,0.0625935246688831
U_29765912,C_948113,0.0,辽宁对外经贸学院,2020-05-03 23:06:19,4,E,781,166,0.0555555555555555,0.0,0.2330275229357798,0.2330275229357798,0.3054755043227665,0.0893939393939394,0.0697414031793425
U_5643103,C_1824911,2.0,重庆三峡医药高等专科学校,2020-06-03 20:00:06,4,E,822,57,0.0138888888888888,0.0,0.073394495412844,0.073394495412844,0.0288184438040345,0.025,0.0662256613701046
U_33147555,C_735164,1.0,昆明理工大学,2020-12-04 18:52:49,0,A,476,138,0.125,0.0,0.2862385321100917,0.291743119266055,0.4495677233429394,0.1636363636363636,0.0692452775664882
U_8326755,C_1017355,2.0,上海中医药大学,2020-05-02 19:11:24,2,C,40,0,0.1388888888888889,0.0,0.0825688073394495,0.0825688073394495,0.0691642651296829,0.0196969696969696,0.0763930867441609
U_28672430,C_707103,0.0,辽宁对外经贸学院,2020-10-19 15:24:01,4,E,781,133,0.0277777777777777,0.0,0.0018348623853211,0.0018348623853211,0.0028818443804034,0.0007575757575757,0.0609466728891011
U_33248532,C_697076,2.0,辽宁对外经贸学院,2020-11-16 18:57:46,4,E,781,121,0.0555555555555555,0.0,0.2110091743119266,0.2110091743119266,0.2564841498559078,0.081060606060606,0.0660248736195799
U_30670978,C_674920,2.0,辽宁对外经贸学院,2020-06-24 10:02:35,4,E,781,87,0.0416666666666666,0.0,0.018348623853211,0.018348623853211,0.0201729106628242,0.0053030303030303,0.0610050560479146
U_31088469,C_1771156,1.0,辽宁对外经贸学院,2020-09-03 13:29:13,4,E,781,36,0.0277777777777777,0.0,0.0018348623853211,0.0036697247706422,0.0028818443804034,0.0007575757575757,0.0610407970995014
U_23562221,C_948395,2.0,西安美术学院,2020-05-25 13:18:05,1,B,727,170,0.5555555555555556,0.0,0.110091743119266,0.110091743119266,0.1383285302593659,0.0772727272727272,0.1160776436253226
U_24632880,C_676646,2.0,天津财经大学,2020-06-09 16:22:44,4,E,327,90,0.0416666666666666,0.0,0.0091743119266055,0.0091743119266055,0.0144092219020172,0.0037878787878787,0.061285928119516
U_16111001,C_786631,1.0,北华航天工业学院,2020-03-31 21:25:44,4,E,186,154,0.0277777777777777,0.0,0.0623853211009174,0.0623853211009174,0.0518731988472622,0.0371212121212121,0.0613035733137524
U_30884749,C_1731884,1.0,辽宁对外经贸学院,2020-07-06 17:07:13,4,E,781,11,0.0416666666666666,0.0,0.0275229357798165,0.0275229357798165,0.0259365994236311,0.0068181818181818,0.06189445208443
U_30603195,C_1829948,0.0,辽宁对外经贸学院,2020-06-18 17:17:02,4,E,781,61,0.0416666666666666,0.0,0.0073394495412844,0.0073394495412844,0.0057636887608069,0.0015151515151515,0.0612373753594
U_33239793,C_1912004,2.0,辽宁对外经贸学院,2020-09-21 11:05:42,4,E,781,74,0.0416666666666666,0.0,0.0935779816513761,0.0935779816513761,0.0403458213256484,0.0303030303030303,0.0587576684307244
U_16360903,C_1789695,1.0,温州大学,2020-06-21 19:04:42,3,D,617,52,0.1666666666666666,0.0,0.2073394495412844,0.2073394495412844,0.1671469740634005,0.1083333333333333,0.0828264265063726
U_11517162,C_1778562,0.0,南开大学,2020-09-18 13:18:13,4,E,231,49,0.0416666666666666,0.0,0.0678899082568807,0.0678899082568807,0.0547550432276657,0.0325757575757575,0.0613547359580566
U_5625639,C_1724288,2.0,保山学院,2020-06-04 18:08:40,4,E,127,9,0.0416666666666666,0.0,0.0715596330275229,0.0715596330275229,0.0547550432276657,0.031060606060606,0.0625781327902172
U_7374736,C_1824911,2.0,重庆三峡医药高等专科学校,2020-06-30 14:34:55,4,E,822,57,0.0555555555555555,0.0,0.0532110091743119,0.0532110091743119,0.0518731988472622,0.0318181818181818,0.0648516341063152
U_12914946,C_1714448,1.0,中国医科大学,2020-03-18 18:13:06,2,C,69,8,0.0416666666666666,0.0,0.1871559633027523,0.1871559633027523,0.1613832853025936,0.0636363636363636,0.0768167249284331
U_30684033,C_1738818,0.0,华南理工大学,2020-06-25 13:49:54,3,D,211,15,0.0694444444444444,0.0,0.0660550458715596,0.0660550458715596,0.0259365994236311,0.0113636363636363,0.0813635245146107
U_33343349,C_697076,2.0,辽宁对外经贸学院,2020-10-06 15:58:15,4,E,781,121,0.0555555555555555,0.0,0.1834862385321101,0.1834862385321101,0.1671469740634005,0.0477272727272727,0.0659944761449173
U_29997980,C_735115,1.0,辽宁对外经贸学院,2020-07-12 16:45:37,4,E,781,136,0.0555555555555555,0.0,0.055045871559633,0.055045871559633,0.0432276657060518,0.0121212121212121,0.0619267562107292
U_14766332,C_1017355,2.0,广州中医药大学,2020-03-02 17:10:00,1,B,423,0,0.0277777777777777,0.0,0.018348623853211,0.0330275229357798,0.0288184438040345,0.0265151515151515,0.1108138291199408
U_14664044,C_1714448,2.0,中国医科大学,2020-05-13 07:54:52,0,A,69,8,0.0972222222222222,0.0,0.1449541284403669,0.1449541284403669,0.1873198847262247,0.0492424242424242,0.0673842023325712
U_31108626,C_677087,0.0,昆明理工大学,2020-07-31 13:55:50,0,A,476,92,0.1111111111111111,0.0,0.2623853211009174,0.2623853211009174,0.4121037463976945,0.1083333333333333,0.0661122428356108
U_29934469,C_697062,2.0,华南理工大学,2020-05-12 08:32:29,3,D,211,120,0.1666666666666666,0.0,0.1889908256880734,0.1889908256880734,0.2334293948126801,0.0628787878787878,0.0824055715382555
U_12089978,C_948488,1.0,合肥工业大学,2020-03-06 14:56:42,0,A,248,172,0.0277777777777777,0.0,0.1853211009174312,0.2660550458715596,0.2132564841498559,0.0598484848484848,0.067499047141536
U_12198778,C_1714448,2.0,中国医科大学,2020-05-22 10:42:48,0,A,69,8,0.0972222222222222,0.0,0.1449541284403669,0.1449541284403669,0.2161383285302593,0.0568181818181818,0.0670440804423215
U_14654613,C_786631,1.0,北华航天工业学院,2020-05-02 14:33:24,0,A,186,154,0.0555555555555555,0.0,0.0275229357798165,0.0275229357798165,0.0432276657060518,0.0136363636363636,0.0653922168925234
U_13159912,C_1992945,0.0,辽宁对外经贸学院,2020-10-07 22:43:19,4,E,781,82,0.0416666666666666,0.0,0.0091743119266055,0.0128440366972477,0.0028818443804034,0.0007575757575757,0.0621531079502093
U_30603144,C_1824911,2.0,辽宁对外经贸学院,2020-06-18 17:13:42,4,E,781,57,0.0416666666666666,0.0,0.0752293577981651,0.0752293577981651,0.0662824207492795,0.0318181818181818,0.0611789426771673
U_12061095,C_801420,0.0,南京邮电大学,2020-09-04 13:56:57,4,E,228,155,0.0277777777777777,0.0,0.0036697247706422,0.0036697247706422,0.0,0.0,0.0613417707269281
U_30458315,C_1829948,1.0,辽宁对外经贸学院,2020-06-11 17:38:34,4,E,781,61,0.0138888888888888,0.0,0.0073394495412844,0.0073394495412844,0.0028818443804034,0.0007575757575757,0.0606568271739531
U_22805325,C_735164,0.0,昆明理工大学,2020-10-08 12:11:13,0,A,476,138,0.1111111111111111,0.0,0.2293577981651376,0.2788990825688073,0.2132564841498559,0.0674242424242424,0.0656397299889982
U_12981500,C_1829948,0.0,北方民族大学,2020-06-17 15:10:17,4,E,190,61,0.0138888888888888,0.0,0.0220183486238532,0.0220183486238532,0.0259365994236311,0.0068181818181818,0.060874358792486
U_29915791,C_735115,1.0,昆明理工大学,2020-05-11 08:18:02,0,A,476,136,0.1111111111111111,0.0,0.2385321100917431,0.2385321100917431,0.3659942363112392,0.1242424242424242,0.0656615054363901
U_11096302,C_707358,1.0,深圳职业技术学院,2020-06-13 00:45:39,4,E,611,134,0.0694444444444444,0.0,0.0422018348623853,0.0422018348623853,0.0345821325648414,0.0348484848484848,0.0641640608597843
U_15042721,C_676635,0.0,辽宁对外经贸学院,2020-07-01 16:47:37,4,E,781,89,0.0416666666666666,0.0,0.0091743119266055,0.0091743119266055,0.0057636887608069,0.0015151515151515,0.0618661197363452
U_31574075,C_1992917,2.0,辽宁对外经贸学院,2020-08-28 19:30:32,4,E,781,80,0.0277777777777777,0.0,0.0899082568807339,0.0899082568807339,0.0547550432276657,0.0265151515151515,0.0647858422439997
U_30966628,C_674920,1.0,辽宁对外经贸学院,2020-07-16 15:39:45,4,E,781,87,0.0416666666666666,0.0,0.018348623853211,0.018348623853211,0.0172910662824207,0.0045454545454545,0.0606976146619494
U_6758291,C_1824911,2.0,重庆三峡医药高等专科学校,2020-06-10 18:07:49,4,E,822,57,0.2777777777777778,0.0,0.0623853211009174,0.0623853211009174,0.0864553314121037,0.0227272727272727,0.0684038647707688
U_32965885,C_735164,1.0,昆明理工大学,2020-09-20 10:02:03,0,A,476,138,0.1111111111111111,0.0,0.2,0.2807339449541284,0.2363112391930835,0.0613636363636363,0.0678003228618194
U_12226058,C_697766,0.0,武汉职业技术学院,2020-07-07 19:39:43,0,A,511,128,0.1111111111111111,0.0,0.1981651376146789,0.273394495412844,0.1988472622478386,0.0643939393939393,0.0698728284290324
U_31067247,C_1714448,2.0,辽宁对外经贸学院,2020-07-26 21:10:36,4,E,781,8,0.0416666666666666,0.0,0.0220183486238532,0.0220183486238532,0.0288184438040345,0.0075757575757575,0.0622966119618252
U_33221527,C_697076,0.0,辽宁对外经贸学院,2020-11-16 15:26:14,4,E,781,121,0.0416666666666666,0.0,0.055045871559633,0.055045871559633,0.0662824207492795,0.0181818181818181,0.065047915225699
U_30945455,C_773985,2.0,辽宁对外经贸学院,2020-07-13 19:47:12,4,E,781,153,0.0416666666666666,0.0,0.0091743119266055,0.0091743119266055,0.0057636887608069,0.0022727272727272,0.0613468617344148
U_30326182,C_676635,2.0,广州中医药大学,2020-06-02 18:49:34,1,B,423,89,0.2222222222222222,0.0,0.036697247706422,0.036697247706422,0.0576368876080691,0.0151515151515151,0.1136171616879537
U_30016173,C_697144,2.0,辽宁对外经贸学院,2020-07-12 21:00:00,4,E,781,123,0.0416666666666666,0.0,0.0128440366972477,0.0128440366972477,0.0086455331412103,0.003030303030303,0.0609559436731624
U_30205166,C_676635,0.0,广州中医药大学,2020-05-29 10:29:09,1,B,423,89,0.2222222222222222,0.0,0.0642201834862385,0.0642201834862385,0.0864553314121037,0.0227272727272727,0.1162497375068029
U_30933295,C_747056,1.0,河南师范大学,2020-07-14 08:28:28,4,E,572,147,0.0416666666666666,0.0,0.0807339449541284,0.0807339449541284,0.0489913544668587,0.0166666666666666,0.0630593518539131
U_26256789,C_682750,1.0,辽宁对外经贸学院,2020-07-02 21:39:59,4,E,781,115,0.0416666666666666,0.0,0.0238532110091743,0.0238532110091743,0.0288184438040345,0.0106060606060606,0.0617176386211066
U_33987922,C_697076,1.0,辽宁对外经贸学院,2020-09-28 22:22:02,4,E,781,121,0.0416666666666666,0.0,0.0201834862385321,0.0201834862385321,0.0172910662824207,0.0053030303030303,0.0610649744327212
U_31740466,C_1907855,2.0,辽宁对外经贸学院,2020-08-31 19:19:36,4,E,781,72,0.0416666666666666,0.0,0.0642201834862385,0.0642201834862385,0.0806916426512968,0.0272727272727272,0.1131553640804708
U_27370694,C_677087,0.0,三门峡市实验高中,2020-05-03 08:13:41,4,E,39,92,0.0416666666666666,0.0,0.1045871559633027,0.1045871559633027,0.1123919308357348,0.0295454545454545,0.0633814224578896
U_30955796,C_801420,1.0,辽宁对外经贸学院,2020-07-14 21:06:30,4,E,781,155,0.0277777777777777,0.0,0.0036697247706422,0.0036697247706422,0.0,0.0,0.0613551222407258
U_14278343,C_735283,2.0,辽宁对外经贸学院,2020-05-21 09:54:11,4,E,781,143,0.0416666666666666,0.0,0.0440366972477064,0.0440366972477064,0.0518731988472622,0.0143939393939393,0.062837328461265
U_19320076,C_1017355,0.0,广州中医药大学,2020-04-30 20:24:54,1,B,423,0,0.0138888888888888,0.0,0.0440366972477064,0.0440366972477064,0.0461095100864553,0.0166666666666666,0.1085522431384858
U_11044739,C_676646,2.0,天津商业大学,2020-08-11 01:00:51,4,E,316,90,0.0416666666666666,0.0,0.018348623853211,0.018348623853211,0.0288184438040345,0.0075757575757575,0.0622969289117076
U_33454808,C_697076,2.0,辽宁对外经贸学院,2020-11-18 11:46:27,4,E,781,121,0.0416666666666666,0.0,0.0844036697247706,0.0844036697247706,0.0749279538904899,0.0333333333333333,0.0621070907891528
U_34293610,C_2027893,0.0,辽宁对外经贸学院,2020-10-05 20:14:27,4,E,781,84,0.0416666666666666,0.0,0.0165137614678899,0.0165137614678899,0.0144092219020172,0.0045454545454545,0.0616139365814463
U_24176027,C_948395,2.0,西安美术学院,2020-02-18 19:57:40,1,B,727,170,0.1388888888888889,0.2,0.0844036697247706,0.1614678899082569,0.132564841498559,0.0,0.1244442786235701
U_32092215,C_682392,0.0,辽宁对外经贸学院,2020-09-15 08:05:29,4,E,781,108,0.0,0.0,0.0,0.0,0.0,0.0553030303030303,0.0513843840780902
U_32931604,C_1755893,1.0,辽宁对外经贸学院,2020-09-21 21:24:37,4,E,781,19,0.0277777777777777,0.0,0.0036697247706422,0.0036697247706422,0.0057636887608069,0.0015151515151515,0.0611012998606538
U_29306949,C_735283,2.0,辽宁对外经贸学院,2020-04-29 21:13:00,4,E,781,143,0.0416666666666666,0.0,0.0697247706422018,0.0697247706422018,0.0576368876080691,0.0325757575757575,0.0616826453731487
U_18308085,C_948488,1.0,合肥工业大学,2020-03-06 14:28:23,1,B,248,172,0.0138888888888888,0.0,0.0385321100917431,0.0422018348623853,0.0605187319884726,0.0242424242424242,0.1081302342747029
U_6766229,C_1824911,2.0,重庆三峡医药高等专科学校,2020-06-02 09:51:40,4,E,822,57,0.0416666666666666,0.0,0.0568807339449541,0.0568807339449541,0.0432276657060518,0.0227272727272727,0.0580495380129122
U_31100114,C_680895,2.0,辽宁对外经贸学院,2020-07-30 12:25:22,4,E,781,98,0.0277777777777777,0.0,0.0110091743119266,0.0110091743119266,0.0057636887608069,0.0015151515151515,0.0614295608920216
U_30612339,C_1829948,2.0,广州中医药大学,2020-06-19 11:26:36,1,B,423,61,0.2361111111111111,0.0,0.3981651376146789,0.3981651376146789,0.3371757925072046,0.0886363636363636,0.099960236964457
U_33366220,C_697076,2.0,辽宁对外经贸学院,2020-11-14 19:26:43,4,E,781,121,0.0416666666666666,0.0,0.0770642201834862,0.0770642201834862,0.0749279538904899,0.034090909090909,0.0615208176964543
U_30251328,C_766175,0.0,华南理工大学,2020-05-28 10:16:18,3,D,211,151,0.1111111111111111,0.0,0.1834862385321101,0.1834862385321101,0.1268011527377521,0.0333333333333333,0.0841768459562622
U_33525417,C_2059281,2.0,辽宁对外经贸学院,2020-09-23 21:45:20,4,E,781,85,0.0416666666666666,0.0,0.018348623853211,0.018348623853211,0.0144092219020172,0.006060606060606,0.0621392067264592
U_30452369,C_948436,2.0,辽宁对外经贸学院,2020-06-11 12:18:42,4,E,781,171,0.0416666666666666,0.0,0.0568807339449541,0.0568807339449541,0.0576368876080691,0.0053030303030303,0.0628728466574657
U_30682661,C_735164,1.0,昆明理工大学,2020-10-22 21:04:24,0,A,476,138,0.0972222222222222,0.0,0.2055045871559633,0.2807339449541284,0.1930835734870317,0.0431818181818181,0.0681274993303083
U_21348711,C_801420,1.0,南京邮电大学通达学院,2020-09-04 09:41:34,4,E,229,155,0.0277777777777777,0.0,0.0036697247706422,0.0036697247706422,0.0,0.0,0.061304449878271
U_5256534,C_674920,0.0,辽宁对外经贸学院,2020-07-08 08:31:32,4,E,781,87,0.0138888888888888,0.0,0.0623853211009174,0.0623853211009174,0.0028818443804034,0.0204545454545454,0.0646760389191024
U_10714758,C_735164,0.0,山东农业大学,2020-09-23 11:03:39,0,A,365,138,0.0972222222222222,0.0,0.2091743119266055,0.2660550458715596,0.2103746397694524,0.0916666666666666,0.0742511542956682
U_9141686,C_1017355,2.0,广州中医药大学,2020-04-27 19:03:31,2,C,423,0,0.1388888888888889,0.0,0.1963302752293578,0.1963302752293578,0.1729106628242074,0.0651515151515151,0.0764672282549419
U_31060046,C_735115,1.0,昆明理工大学,2020-07-25 13:08:11,0,A,476,136,0.1388888888888889,0.0,0.5211009174311927,0.5211009174311927,0.8155619596541787,0.2818181818181818,0.0712340390319507
U_29798272,C_1017355,0.0,华南理工大学,2020-05-06 15:45:32,3,D,211,0,0.1388888888888889,0.0,0.0697247706422018,0.0697247706422018,0.0259365994236311,0.0083333333333333,0.0809306650696962
U_11065019,C_676646,2.0,天津商业大学,2020-08-11 01:07:09,4,E,316,90,0.0277777777777777,0.0,0.0256880733944954,0.0256880733944954,0.0403458213256484,0.0106060606060606,0.0620458550813973
U_31194771,C_735164,1.0,昆明理工大学,2020-11-29 23:28:03,0,A,476,138,0.1111111111111111,0.0,0.1431192660550458,0.1449541284403669,0.2247838616714697,0.0977272727272727,0.0661382327259707
U_33214473,C_697076,2.0,辽宁对外经贸学院,2020-11-16 15:42:59,4,E,781,121,0.0277777777777777,0.0,0.0825688073394495,0.0825688073394495,0.0403458213256484,0.0303030303030303,0.0604548360043435
U_28669444,C_948136,2.0,华东师范大学,2020-07-21 10:24:15,4,E,196,168,0.0416666666666666,0.0,0.0422018348623853,0.0422018348623853,0.0605187319884726,0.0159090909090909,0.0620289874048413
U_30134142,C_747056,0.0,辽宁对外经贸学院,2020-05-23 09:10:55,4,E,781,147,0.0416666666666666,0.0,0.0073394495412844,0.0073394495412844,0.0086455331412103,0.003030303030303,0.0614574921004115
U_31280120,C_735130,2.0,昆明理工大学,2020-08-22 09:34:51,0,A,476,137,0.0833333333333333,0.0,0.0,0.146788990825688,0.0,0.034090909090909,0.0894342026077894
U_27872457,C_735283,2.0,辽宁对外经贸学院,2020-04-19 13:53:40,4,E,781,143,0.0416666666666666,0.0,0.0678899082568807,0.0678899082568807,0.0461095100864553,0.0333333333333333,0.0629419516365211
U_33344050,C_697076,2.0,辽宁对外经贸学院,2020-11-16 18:02:15,4,E,781,121,0.0277777777777777,0.0,0.1834862385321101,0.1834862385321101,0.2161383285302593,0.0681818181818181,0.0648982108820079
U_30891466,C_677087,0.0,辽宁对外经贸学院,2020-08-09 20:33:50,4,E,781,92,0.0416666666666666,0.0,0.0899082568807339,0.0899082568807339,0.0518731988472622,0.034090909090909,0.0622694978898509
U_30370101,C_1829948,1.0,广州中医药大学,2020-06-05 15:16:59,1,B,423,61,0.2083333333333333,0.0,0.3211009174311927,0.3211009174311927,0.201729106628242,0.053030303030303,0.1014976915113787
U_11648647,C_1918363,2.0,新乡医学院三全学院,2020-10-30 07:54:19,4,E,461,76,0.0416666666666666,0.0,0.0697247706422018,0.0697247706422018,0.0461095100864553,0.031060606060606,0.0629421645872234
U_14764081,C_1736024,1.0,辽宁对外经贸学院,2020-04-13 14:20:15,4,E,781,14,0.0277777777777777,0.0,0.0899082568807339,0.0899082568807339,0.0662824207492795,0.0295454545454545,0.0598647397036882
U_12061650,C_801420,0.0,辽宁对外经贸学院,2020-09-04 13:54:48,4,E,781,155,0.0416666666666666,0.0,0.0220183486238532,0.0220183486238532,0.0172910662824207,0.0045454545454545,0.0619052531421425
U_18669590,C_786631,1.0,辽宁对外经贸学院,2020-05-14 16:50:00,4,E,781,154,0.0416666666666666,0.0,0.0165137614678899,0.0165137614678899,0.0115273775216138,0.0037878787878787,0.0616001393568764
U_30883562,C_697766,0.0,昆明理工大学,2020-07-06 15:35:08,0,A,476,128,0.0972222222222222,0.0,0.018348623853211,0.018348623853211,0.0086455331412103,0.0022727272727272,0.066747826396738
U_30537279,C_1829948,0.0,辽宁对外经贸学院,2020-06-15 14:32:25,4,E,781,61,0.0138888888888888,0.0,0.0073394495412844,0.0073394495412844,0.0028818443804034,0.0007575757575757,0.0606568271739531
U_33224736,C_697076,2.0,辽宁对外经贸学院,2020-09-28 10:03:39,4,E,781,121,0.0416666666666666,0.0,0.0844036697247706,0.0844036697247706,0.063400576368876,0.0318181818181818,0.0618821009436987
U_29756638,C_1017355,0.0,辽宁对外经贸学院,2020-05-02 10:38:12,4,E,781,0,0.0277777777777777,0.0,0.0110091743119266,0.0110091743119266,0.0057636887608069,0.0015151515151515,0.0615136368006803
U_12552991,C_735164,0.0,天津大学仁爱学院,2020-11-29 19:32:39,0,A,320,138,0.1111111111111111,0.0,0.2844036697247706,0.4018348623853211,0.3371757925072046,0.1128787878787878,0.0712500697627234
U_32953934,C_735164,2.0,昆明理工大学,2020-09-16 20:10:21,0,A,476,138,0.0972222222222222,0.0,0.0220183486238532,0.0275229357798165,0.031700288184438,0.0151515151515151,0.0607960325527884
U_16765458,C_1776290,0.0,河北农业大学,2020-05-23 17:51:59,0,A,545,48,0.0972222222222222,0.0,0.2018348623853211,0.2660550458715596,0.1902017291066282,0.0825757575757575,0.0749969522260714
U_11065313,C_676646,0.0,天津商业大学,2020-08-11 08:32:08,4,E,316,90,0.0416666666666666,0.0,0.0660550458715596,0.0660550458715596,0.0547550432276657,0.0325757575757575,0.0631692393686228
U_11752932,C_735385,0.0,辽工大,2020-05-17 21:00:03,4,E,798,146,0.0416666666666666,0.0,0.0055045871559633,0.0055045871559633,0.0057636887608069,0.0015151515151515,0.0612951840465516
U_29412225,C_707358,1.0,辽宁对外经贸学院,2020-05-06 17:04:25,4,E,781,134,0.0555555555555555,0.0,0.1431192660550458,0.1798165137614679,0.2190201729106628,0.0575757575757575,0.0655035901098071
U_8934404,C_735197,1.0,华南理工大学,2020-09-21 08:31:02,3,D,211,141,0.1527777777777777,0.0,0.1706422018348624,0.2752293577981651,0.0720461095100864,0.1681818181818181,0.0835117959607521
U_8086980,C_707013,0.0,西安科技大学,2020-11-13 15:49:04,4,E,726,129,0.0416666666666666,0.0,0.0678899082568807,0.0678899082568807,0.0461095100864553,0.0363636363636363,0.064358524469686
U_14946345,C_674920,2.0,西昌民族幼儿师范高等专科学校,2020-06-04 09:03:43,4,E,751,87,0.0555555555555555,0.0,0.0825688073394495,0.0825688073394495,0.0864553314121037,0.0265151515151515,0.0602998920829084
U_33185201,C_697076,2.0,昆明理工大学,2020-09-20 20:58:11,0,A,476,121,0.1527777777777777,0.0,0.5541284403669725,0.5541284403669725,0.8703170028818443,0.2931818181818181,0.0686459897192422
U_33142071,C_2027893,1.0,辽宁对外经贸学院,2020-09-19 12:08:54,4,E,781,84,0.0277777777777777,0.0,0.0055045871559633,0.0055045871559633,0.0028818443804034,0.0007575757575757,0.0613010426670348
U_19308928,C_1017355,0.0,广州中医药大学,2020-04-30 20:30:54,0,A,423,0,0.1111111111111111,0.0,0.2036697247706422,0.2770642201834862,0.2247838616714697,0.0742424242424242,0.0685959859229456
U_12292667,C_948488,1.0,昆明理工大学,2020-03-06 14:23:29,0,A,476,172,0.0138888888888888,0.2,0.2,0.2055045871559633,0.1556195965417867,0.0333333333333333,0.1218456461561933
U_16196224,C_735283,2.0,辽宁对外经贸学院,2020-06-29 16:20:16,4,E,781,143,0.0416666666666666,0.0,0.0036697247706422,0.0036697247706422,0.0057636887608069,0.0015151515151515,0.0604791619078207
U_32931011,C_735164,0.0,昆明理工大学,2020-09-16 15:40:50,0,A,476,138,0.1111111111111111,0.0,0.1743119266055046,0.2642201834862385,0.2074927953890489,0.0545454545454545,0.0058122091010501
U_11381739,C_676635,2.0,山东理工大学,2020-06-03 17:05:42,4,E,376,89,0.0416666666666666,0.0,0.0091743119266055,0.0091743119266055,0.0144092219020172,0.0037878787878787,0.0617183468060002
U_30290971,C_1760323,1.0,辽宁对外经贸学院,2020-05-31 08:18:48,4,E,781,30,0.0277777777777777,0.0,0.0091743119266055,0.0091743119266055,0.0,0.0,0.0617615163704567
U_31683217,C_682392,0.0,昆明理工大学,2020-09-14 20:02:46,0,A,476,108,0.1111111111111111,0.0,0.0055045871559633,0.0055045871559633,0.0,0.0,0.0556824275299728
U_33083183,C_735164,1.0,昆明理工大学,2020-12-07 17:59:16,0,A,476,138,0.125,0.0,0.2862385321100917,0.2972477064220183,0.4380403458213256,0.1583333333333333,0.0695697153898992
U_6468601,C_1824911,1.0,重庆三峡医药高等专科学校,2020-06-12 09:05:19,4,E,822,57,0.0833333333333333,0.0,0.0605504587155963,0.0605504587155963,0.063400576368876,0.0303030303030303,0.0578047189904381
U_14946303,C_674920,0.0,西昌民族幼儿师范高等专科学校,2020-06-04 09:19:18,4,E,751,87,0.0416666666666666,0.0,0.018348623853211,0.018348623853211,0.0288184438040345,0.0075757575757575,0.0637962949969756
U_8883074,C_1750793,1.0,北京体育大学,2020-05-20 20:37:17,0,A,159,17,0.0972222222222222,0.0,0.0073394495412844,0.0073394495412844,0.0115273775216138,0.006060606060606,0.0686718260870028
U_16091958,C_786631,2.0,北华航天工业学院,2020-04-01 10:05:38,2,C,186,154,0.0138888888888888,0.0,0.1926605504587156,0.1926605504587156,0.1585014409221901,0.0621212121212121,0.08041869196272
U_12696144,C_948387,2.0,深圳信息职业技术学院,2020-09-02 16:17:29,3,D,610,169,0.1388888888888889,0.0,0.0458715596330275,0.0458715596330275,0.0432276657060518,0.0113636363636363,0.0757392736124516
U_5201631,C_674920,1.0,西昌民族幼儿师范高等专科学校,2020-06-11 08:14:34,4,E,751,87,0.0416666666666666,0.0,0.2201834862385321,0.2201834862385321,0.3285302593659942,0.0878787878787878,0.063610433604977
U_30178758,C_1755959,2.0,辽宁对外经贸学院,2020-05-25 22:25:43,4,E,781,26,0.0416666666666666,0.0,0.0201834862385321,0.0201834862385321,0.0230547550432276,0.009090909090909,0.0603269764408311
U_34488116,C_697076,2.0,辽宁对外经贸学院,2020-11-18 16:06:40,4,E,781,121,0.0416666666666666,0.0,0.0844036697247706,0.0844036697247706,0.0720461095100864,0.0325757575757575,0.0619670435121922
U_33092721,C_735164,1.0,昆明理工大学,2020-10-20 17:03:01,0,A,476,138,0.0972222222222222,0.0,0.036697247706422,0.0587155963302752,0.0259365994236311,0.0121212121212121,0.0622539524885857
U_33151076,C_2027893,2.0,辽宁对外经贸学院,2020-11-12 14:43:50,4,E,781,84,0.0416666666666666,0.0,0.0256880733944954,0.0256880733944954,0.031700288184438,0.0098484848484848,0.0617833859123449
U_33219977,C_697076,2.0,辽宁对外经贸学院,2020-10-07 13:42:58,0,A,781,121,0.1111111111111111,0.0,0.2036697247706422,0.2788990825688073,0.2103746397694524,0.0575757575757575,0.0704289169977705
U_32099052,C_1992917,2.0,辽宁对外经贸学院,2020-09-07 09:40:55,4,E,781,80,0.0416666666666666,0.0,0.0788990825688073,0.0788990825688073,0.0518731988472622,0.031060606060606,0.0616606223086611
U_6758779,C_1824911,2.0,重庆三峡医药高等专科学校,2020-06-02 10:24:26,4,E,822,57,0.0416666666666666,0.0,0.0660550458715596,0.0660550458715596,0.0518731988472622,0.0303030303030303,0.0678926741338149
U_30839009,C_735115,0.0,郑州大学,2020-07-04 09:32:07,2,C,807,136,0.1388888888888889,0.0,0.5211009174311927,0.5211009174311927,0.4236311239193083,0.1318181818181818,0.0732163376912165
U_1064793,C_747056,0.0,中国海洋大学,2020-05-03 15:33:15,4,E,74,147,0.0416666666666666,0.0,0.0788990825688073,0.0788990825688073,0.0922190201729106,0.0295454545454545,0.0629350728336038
U_13140058,C_801420,0.0,南京邮电大学通达学院,2020-09-04 14:00:59,4,E,229,155,0.0277777777777777,0.0,0.0036697247706422,0.0036697247706422,0.0,0.0,0.061304449878271
U_34269120,C_697076,2.0,辽宁对外经贸学院,2020-11-17 15:56:16,0,A,781,121,0.0833333333333333,0.0,0.0091743119266055,0.0091743119266055,0.0115273775216138,0.003030303030303,0.0718864853172919
U_33499282,C_2027893,1.0,辽宁对外经贸学院,2020-09-23 14:32:33,4,E,781,84,0.0416666666666666,0.0,0.0165137614678899,0.0165137614678899,0.0144092219020172,0.0045454545454545,0.0616139365814463
U_13768870,C_682392,0.0,辽宁对外经贸学院,2020-08-23 20:51:21,4,E,781,108,0.1388888888888889,0.0,0.4256880733944954,0.4256880733944954,0.6426512968299711,0.2212121212121212,0.0620110012693772
U_32887529,C_735164,1.0,昆明理工大学,2020-11-19 09:53:34,0,A,476,138,0.0833333333333333,0.0,0.0091743119266055,0.0128440366972477,0.0115273775216138,0.0045454545454545,0.0610717244747487
U_125163,C_697367,2.0,河北北方学院南校区,2020-05-04 11:36:23,1,B,547,127,0.2083333333333333,0.0,0.055045871559633,0.055045871559633,0.0662824207492795,0.0174242424242424,0.0998244833679351
U_29271702,C_735197,0.0,辽宁对外经贸学院,2020-10-31 15:42:35,4,E,781,141,0.0416666666666666,0.0,0.0587155963302752,0.0587155963302752,0.0605187319884726,0.0212121212121212,0.0633534268690548
U_33975867,C_697076,1.0,华南理工大学,2020-09-28 17:57:16,3,D,211,121,0.1527777777777777,0.0,0.0825688073394495,0.0825688073394495,0.0576368876080691,0.0174242424242424,0.0806289485909826
U_13316539,C_682340,2.0,辽宁对外经贸学院,2020-05-03 21:56:30,4,E,781,106,0.0416666666666666,0.0,0.018348623853211,0.018348623853211,0.0230547550432276,0.006060606060606,0.0616692839546671
U_20259791,C_948120,2.0,中国农业大学,2020-10-12 10:24:50,0,A,67,167,0.0833333333333333,0.0,0.1541284403669724,0.1541284403669724,0.2420749279538904,0.0742424242424242,0.0721933225175437
U_10126030,C_1714448,2.0,中国医科大学,2020-05-11 20:46:23,4,E,69,8,0.0416666666666666,0.0,0.0715596330275229,0.0715596330275229,0.0547550432276657,0.031060606060606,0.0622248525275044
U_29021729,C_1732845,0.0,辽宁对外经贸学院,2020-03-26 11:03:49,4,E,781,13,0.1805555555555555,0.0,0.0899082568807339,0.0899082568807339,0.063400576368876,0.034090909090909,0.0668673610734944
U_5200110,C_674920,2.0,西昌民族幼儿师范高等专科学校,2020-06-11 09:06:16,4,E,751,87,0.0416666666666666,0.0,0.036697247706422,0.036697247706422,0.0576368876080691,0.0151515151515151,0.0593268212774292
U_33220038,C_697076,1.0,辽宁对外经贸学院,2020-09-21 11:48:54,0,A,781,121,0.125,0.0,0.1853211009174312,0.2752293577981651,0.2190201729106628,0.0689393939393939,0.0681970252584263
U_33459906,C_2027893,2.0,辽宁对外经贸学院,2020-09-23 10:45:51,4,E,781,84,0.0416666666666666,0.0,0.0110091743119266,0.0110091743119266,0.0144092219020172,0.0045454545454545,0.0613876739841206
U_30391634,C_823315,1.0,辽宁对外经贸学院,2020-06-07 15:42:50,4,E,781,158,0.0416666666666666,0.0,0.0128440366972477,0.0128440366972477,0.0172910662824207,0.0053030303030303,0.0611871388030335
U_12645760,C_674920,0.0,西昌民族幼儿师范高等专科学校,2020-06-11 10:41:38,4,E,751,87,0.0416666666666666,0.0,0.0018348623853211,0.0018348623853211,0.0,0.0,0.0579098572092532
U_2014146,C_1761372,1.0,辽宁对外经贸学院,2020-09-11 16:03:12,4,E,781,32,0.0277777777777777,0.0,0.0073394495412844,0.0073394495412844,0.0115273775216138,0.006060606060606,0.0616506928631253
U_33090311,C_735164,1.0,昆明理工大学,2020-10-18 20:16:09,0,A,476,138,0.125,0.0,0.1963302752293578,0.2752293577981651,0.2420749279538904,0.0689393939393939,0.0674174325468081
U_16632474,C_1844112,1.0,昆明理工大学,2020-08-19 08:09:21,0,A,476,63,0.1666666666666666,0.0,0.3669724770642202,0.3724770642201835,0.5648414985590777,0.5916666666666667,0.4361984075085587
U_30462724,C_1829948,0.0,辽宁对外经贸学院,2020-06-11 21:49:57,4,E,781,61,0.0138888888888888,0.0,0.018348623853211,0.018348623853211,0.0115273775216138,0.003030303030303,0.061007314315827
U_2906010,C_756642,1.0,昆明理工大学,2020-05-11 18:26:27,0,A,476,149,0.0138888888888888,0.0,0.0091743119266055,0.0091743119266055,0.0,0.0,0.0728784641641953
U_33460019,C_2027893,1.0,辽宁对外经贸学院,2020-09-23 10:48:26,4,E,781,84,0.0416666666666666,0.0,0.0110091743119266,0.0110091743119266,0.0144092219020172,0.0053030303030303,0.0613840934409175
U_1570903,C_1750793,0.0,北京体育大学,2020-06-04 06:38:21,4,E,159,17,0.0138888888888888,0.0,0.0073394495412844,0.0073394495412844,0.0115273775216138,0.006060606060606,0.0607691660979098
U_5094671,C_674920,2.0,西昌民族幼儿师范高等专科学校,2020-06-30 16:17:37,4,E,751,87,0.4583333333333333,0.0,0.2201834862385321,0.2201834862385321,0.3429394812680115,0.0916666666666666,0.0674094097529089
U_18498296,C_1829948,0.0,北方民族大学,2020-06-18 08:55:50,4,E,190,61,0.4583333333333333,0.0,0.3596330275229358,0.3596330275229358,0.2997118155619596,0.0787878787878787,0.0757542693037644
U_31066552,C_682392,0.0,昆明理工大学,2020-07-30 21:26:40,0,A,476,108,0.0972222222222222,0.0,0.1247706422018348,0.2844036697247706,0.1959654178674351,0.0409090909090909,0.05093054156049
U_13008843,C_1829948,0.0,北方民族大学,2020-06-11 18:31:58,4,E,190,61,0.0138888888888888,0.0,0.0073394495412844,0.0073394495412844,0.0057636887608069,0.0015151515151515,0.0605090740529758
U_29785893,C_1017355,1.0,华南理工大学,2020-05-05 22:20:26,3,D,211,0,0.1388888888888889,0.0,0.0623853211009174,0.0623853211009174,0.031700288184438,0.009090909090909,0.0805645384320608
U_29076147,C_674920,1.0,辽宁对外经贸学院,2020-05-02 11:48:57,4,E,781,87,0.0416666666666666,0.0,0.091743119266055,0.091743119266055,0.0922190201729106,0.0242424242424242,0.0635327957408053
U_16084522,C_697367,1.0,辽宁对外经贸学院,2020-06-17 21:11:56,4,E,781,127,0.0416666666666666,0.0,0.0275229357798165,0.0275229357798165,0.031700288184438,0.0083333333333333,0.0618995381395748
U_966388,C_735164,1.0,昆明理工大学,2020-11-29 22:53:32,0,A,476,138,0.0972222222222222,0.0,0.1798165137614679,0.2568807339449541,0.1671469740634005,0.0454545454545454,0.0692736396286246
U_5314118,C_1750793,0.0,内蒙古农业大学职业技术学院,2020-05-20 20:54:12,0,A,142,17,0.0555555555555555,0.0,0.036697247706422,0.036697247706422,0.0489913544668587,0.0257575757575757,0.0698357750068385
U_6766349,C_1824911,1.0,重庆三峡医专,2020-06-16 12:21:58,4,E,814,57,0.0416666666666666,0.0,0.0532110091743119,0.0532110091743119,0.0835734870317002,0.0219696969696969,0.0602069415775414
U_12390591,C_948387,2.0,辽宁对外经贸学院,2020-10-27 09:11:23,4,E,781,169,0.0416666666666666,0.0,0.073394495412844,0.073394495412844,0.100864553314121,0.0265151515151515,0.0630971926984711
U_33245421,C_697076,0.0,辽宁对外经贸学院,2020-10-01 09:47:24,4,E,781,121,0.0416666666666666,0.0,0.091743119266055,0.091743119266055,0.1095100864553314,0.031060606060606,0.046273262299496
U_29886750,C_1778562,1.0,辽宁对外经贸学院,2020-05-08 23:01:43,4,E,781,49,0.0277777777777777,0.0,0.0036697247706422,0.0036697247706422,0.0057636887608069,0.0015151515151515,0.0613672406213872
U_30686849,C_735197,0.0,昆明理工大学,2020-10-24 20:01:46,0,A,476,141,0.1111111111111111,0.0,0.3376146788990826,0.3376146788990826,0.1959654178674351,0.0515151515151515,0.0745352206278036
U_30180184,C_948436,0.0,辽宁对外经贸学院,2020-05-25 21:39:41,4,E,781,171,0.0416666666666666,0.0,0.0660550458715596,0.0660550458715596,0.0547550432276657,0.0325757575757575,0.062186179689505
U_30616249,C_1824911,2.0,辽宁对外经贸学院,2020-06-19 15:30:41,4,E,781,57,0.0416666666666666,0.0,0.0165137614678899,0.0165137614678899,0.0230547550432276,0.006060606060606,0.0613267601785895
U_11520635,C_1918363,2.0,新乡医学院三全学院,2020-10-30 08:08:28,4,E,461,76,0.0416666666666666,0.0,0.073394495412844,0.073394495412844,0.0374639769452449,0.028030303030303,0.0632286625192381
U_4516974,C_735197,0.0,华南理工大学,2020-10-19 22:16:01,4,E,211,141,0.1111111111111111,0.0,0.0201834862385321,0.0201834862385321,0.031700288184438,0.0083333333333333,0.0922250644305111
U_33217662,C_697076,2.0,辽宁对外经贸学院,2020-09-24 10:43:16,0,A,781,121,0.125,0.0,0.1944954128440367,0.2844036697247706,0.239193083573487,0.0727272727272727,0.0668939799112774
U_34293450,C_2027893,0.0,辽宁对外经贸学院,2020-10-05 20:03:49,4,E,781,84,0.0416666666666666,0.0,0.0165137614678899,0.0165137614678899,0.0230547550432276,0.0075757575757575,0.0615083179854656
U_14750072,C_1918363,1.0,新乡医学院三全学院,2020-10-30 07:56:26,4,E,461,76,0.0416666666666666,0.0,0.0697247706422018,0.0697247706422018,0.0489913544668587,0.0333333333333333,0.0627415897874009
U_993635,C_735164,1.0,昆明理工大学,2020-09-17 09:01:35,0,A,476,138,0.1111111111111111,0.0,0.1853211009174312,0.273394495412844,0.2103746397694524,0.0568181818181818,0.0192661076278032
U_33527229,C_2027893,0.0,辽宁对外经贸学院,2020-11-01 19:11:16,4,E,781,84,0.0416666666666666,0.0,0.0715596330275229,0.0715596330275229,0.0605187319884726,0.0318181818181818,0.0611881292714161
U_28289382,C_1829948,2.0,北方民族大学,2020-06-04 18:28:19,1,B,190,61,0.0555555555555555,0.0,0.0311926605504587,0.0311926605504587,0.0432276657060518,0.0113636363636363,0.0585246211249777
U_1926287,C_735164,0.0,昆明理工大学,2020-09-16 08:28:27,4,E,476,138,0.0416666666666666,0.0,0.055045871559633,0.0678899082568807,0.0806916426512968,0.0371212121212121,0.0389338967259142
U_30667028,C_1755909,2.0,辽宁对外经贸学院,2020-06-26 13:10:54,4,E,781,21,0.0416666666666666,0.0,0.0697247706422018,0.0697247706422018,0.0547550432276657,0.0318181818181818,0.0630320545452881
U_4537426,C_735197,0.0,华南理工大学,2020-09-15 22:23:54,3,D,211,141,0.1527777777777777,0.0,0.146788990825688,0.2220183486238532,0.1152737752161383,0.156060606060606,0.086877773998196
U_30318456,C_676635,2.0,广州中医药大学,2020-06-02 10:37:44,1,B,423,89,0.2222222222222222,0.0,0.018348623853211,0.018348623853211,0.0288184438040345,0.0075757575757575,0.113824298340811
U_12659383,C_682392,1.0,昆明理工大学,2020-09-04 10:47:10,0,A,476,108,0.1111111111111111,0.0,0.1596330275229358,0.2899082568807339,0.2334293948126801,0.0484848484848484,0.0561804350327541
U_29661562,C_1714448,2.0,辽宁对外经贸学院,2020-04-26 14:27:03,4,E,781,8,0.0416666666666666,0.0,0.0660550458715596,0.0660550458715596,0.0720461095100864,0.0378787878787878,0.0623685694898225
U_5075954,C_1864065,2.0,湖北理工学院,2020-06-20 15:03:47,3,D,631,67,0.0277777777777777,0.0,0.1321100917431192,0.1321100917431192,0.1873198847262247,0.0962121212121212,0.0752568659866966
U_31063694,C_735115,1.0,辽宁对外经贸学院,2020-07-26 09:40:36,4,E,781,136,0.0972222222222222,0.0,0.5211009174311927,0.5211009174311927,0.2824207492795388,0.084090909090909,0.0783969330430906
U_29888126,C_756642,2.0,辽宁对外经贸学院,2020-05-25 21:45:10,4,E,781,149,0.0416666666666666,0.0,0.0678899082568807,0.0678899082568807,0.0547550432276657,0.0318181818181818,0.0631065179582934
U_12696186,C_948387,1.0,深圳信息职业技术学院,2020-10-20 09:05:23,4,E,610,169,0.0416666666666666,0.0,0.073394495412844,0.073394495412844,0.0806916426512968,0.0212121212121212,0.0631152192230347
U_25710513,C_948395,2.0,西安美术学院,2020-05-26 14:25:58,0,A,727,170,0.125,0.0,0.110091743119266,0.110091743119266,0.1498559077809798,0.0863636363636363,0.0684824931033231
U_27222130,C_1736024,1.0,集宁师范学院,2020-05-25 13:10:36,4,E,883,14,0.0416666666666666,0.0,0.0055045871559633,0.0055045871559633,0.0,0.0,0.0616253913482913
U_7207424,C_1017355,1.0,广州中医药大学,2020-05-02 09:35:39,1,B,423,0,0.1527777777777777,0.0,0.0825688073394495,0.0825688073394495,0.0951008645533141,0.0333333333333333,0.1121259323004489
U_4602293,C_735197,0.0,华南理工大学,2020-09-29 23:38:32,3,D,211,141,0.2083333333333333,0.0,0.0568807339449541,0.2422018348623853,0.0662824207492795,0.1992424242424242,0.06509720588476
U_30656758,C_735283,0.0,辽宁对外经贸学院,2020-06-23 09:20:41,4,E,781,143,0.0416666666666666,0.0,0.0330275229357798,0.0330275229357798,0.0518731988472622,0.0136363636363636,0.0623883838098168
U_29825406,C_756642,2.0,辽宁对外经贸学院,2020-05-08 08:40:12,4,E,781,149,0.0277777777777777,0.0,0.0091743119266055,0.0091743119266055,0.0086455331412103,0.0022727272727272,0.0617174950031911
U_30499840,C_948113,2.0,辽宁对外经贸学院,2020-06-21 15:20:09,4,E,781,166,0.0416666666666666,0.0,0.0330275229357798,0.0330275229357798,0.0489913544668587,0.0151515151515151,0.061767424514359
U_8833883,C_735164,0.0,天津农学院,2020-11-28 09:28:14,0,A,314,138,0.1111111111111111,0.0,0.1211009174311926,0.1247706422018348,0.1902017291066282,0.0856060606060606,0.065655295199631
U_24131870,C_948113,0.0,华南理工大学,2020-04-11 18:29:51,3,D,211,166,0.1666666666666666,0.0,0.1724770642201835,0.2311926605504587,0.1181556195965417,0.1598484848484848,0.0837430505187262
U_14750056,C_1918363,2.0,新乡医学院三全学院,2020-10-30 07:54:31,0,A,461,76,0.1111111111111111,0.0,0.2,0.2825688073394495,0.1873198847262247,0.0681818181818181,0.0724655279907973
U_8185678,C_697107,1.0,昆明理工大学津桥学院,2020-06-30 00:51:31,3,D,480,122,0.1666666666666666,0.0,0.1266055045871559,0.1266055045871559,0.1239193083573487,0.0325757575757575,0.0803691536865633
U_7106261,C_1472684,2.0,甘肃中医药大学,2020-12-03 22:39:30,4,E,663,3,0.0416666666666666,0.0,0.018348623853211,0.018348623853211,0.0259365994236311,0.0068181818181818,0.0619770224811471
U_30357118,C_1829948,2.0,广州中医药大学,2020-06-04 19:04:35,1,B,423,61,0.0138888888888888,0.0,0.0073394495412844,0.0073394495412844,0.0057636887608069,0.0015151515151515,0.1002409555134591
U_5824211,C_1687717,0.0,重庆大学,2020-06-12 16:33:12,4,E,835,7,0.0416666666666666,0.0,0.0513761467889908,0.0513761467889908,0.0547550432276657,0.0166666666666666,0.0624729698096925
U_29755525,C_674920,0.0,辽宁对外经贸学院,2020-05-10 01:08:09,4,E,781,87,0.0416666666666666,0.0,0.055045871559633,0.055045871559633,0.0288184438040345,0.0075757575757575,0.0624114369614223
U_6101511,C_1017355,1.0,广州中医药大学,2020-05-08 09:01:16,0,A,423,0,0.1111111111111111,0.0,0.0825688073394495,0.0825688073394495,0.0806916426512968,0.0303030303030303,0.0682824927751626
U_27224145,C_1736024,0.0,集宁师范学院,2020-05-25 07:44:12,0,A,883,14,0.0972222222222222,0.0,0.1669724770642202,0.1706422018348624,0.2478386167146974,0.1037878787878787,0.0676861020479357
U_14946335,C_674920,1.0,西昌民族幼儿师范高等专科学校,2020-06-11 09:41:11,4,E,751,87,0.0277777777777777,0.0,0.018348623853211,0.018348623853211,0.0288184438040345,0.0075757575757575,0.0587262755353372
U_10060973,C_735115,2.0,宁夏幼儿师范高等专科学校,2020-06-09 13:44:48,4,E,336,136,0.0416666666666666,0.0,0.0311926605504587,0.0311926605504587,0.0345821325648414,0.0113636363636363,0.0618712850289605
U_9432979,C_1907855,0.0,青岛黄海学院,2020-08-20 14:17:24,4,E,890,72,0.0416666666666666,0.0,0.0275229357798165,0.0275229357798165,0.0259365994236311,0.0098484848484848,0.0598024838134986
U_33491999,C_735164,1.0,昆明理工大学,2020-10-20 18:03:17,0,A,476,138,0.0138888888888888,0.0,0.055045871559633,0.0568807339449541,0.0864553314121037,0.0401515151515151,0.1101030888179405
U_30841201,C_676646,2.0,辽宁大学,2020-07-05 06:50:05,4,E,774,90,0.0416666666666666,0.0,0.0128440366972477,0.0128440366972477,0.0144092219020172,0.0037878787878787,0.061433245434405
U_33121851,C_1774987,2.0,昆明理工大学,2020-10-02 15:17:37,4,E,476,47,0.0416666666666666,0.0,0.0091743119266055,0.0091743119266055,0.0144092219020172,0.0075757575757575,0.0611334653213793
U_29657073,C_1714448,2.0,辽宁对外经贸学院,2020-04-26 10:41:20,4,E,781,8,0.0416666666666666,0.0,0.0660550458715596,0.0660550458715596,0.0662824207492795,0.0371212121212121,0.0624585783040931
U_31065117,C_735115,2.0,昆明理工大学,2020-07-26 13:51:00,0,A,476,136,0.1388888888888889,0.0,0.5211009174311927,0.5211009174311927,0.786743515850144,0.2689393939393939,0.0715992197722807
U_4672078,C_1828106,2.0,锦州医科大学,2020-11-12 20:43:07,4,E,853,59,0.0416666666666666,0.0,0.0623853211009174,0.0623853211009174,0.063400576368876,0.0484848484848484,0.0623536480836383
U_31072858,C_697076,2.0,昆明理工大学,2020-07-27 20:57:22,0,A,476,121,0.1527777777777777,0.0,0.5541284403669725,0.5541284403669725,0.8645533141210374,0.2909090909090909,0.0687175956309637
U_19901270,C_948395,1.0,西安美术学院,2020-05-13 15:59:02,4,E,727,170,0.0833333333333333,0.0,0.0788990825688073,0.0788990825688073,0.0605187319884726,0.0318181818181818,0.0615478822450094
U_31071165,C_682392,0.0,华南理工大学,2020-07-30 16:17:15,3,D,211,108,0.1666666666666666,0.0,0.1596330275229358,0.2954128440366972,0.0605187319884726,0.1583333333333333,0.080466105684196
U_33459914,C_2027893,1.0,辽宁对外经贸学院,2020-09-23 10:45:55,4,E,781,84,0.0416666666666666,0.0,0.0110091743119266,0.0110091743119266,0.0086455331412103,0.003030303030303,0.061455699352639
U_32296495,C_697076,1.0,长沙理工大学城南学院,2020-09-09 19:33:38,0,A,863,121,0.0555555555555555,0.2,0.0422018348623853,0.2715596330275229,0.0662824207492795,0.0446969696969697,0.0446403294319087
U_21454715,C_823315,2.0,西安石油大学,2020-05-05 22:33:22,4,E,725,158,0.0416666666666666,0.0,0.0110091743119266,0.0110091743119266,0.0172910662824207,0.0045454545454545,0.0612878991515974
U_23164382,C_948120,0.0,辽宁对外经贸学院,2020-09-26 15:50:28,4,E,781,167,0.0277777777777777,0.0,0.0844036697247706,0.0844036697247706,0.0518731988472622,0.0257575757575757,0.0655911178007792
U_30542456,C_1829948,2.0,华南理工大学,2020-06-15 18:25:54,3,D,211,61,0.5833333333333333,0.0,0.4642201834862385,0.4642201834862385,0.6714697406340058,0.1765151515151515,0.074107556189556
U_60392,C_735197,1.0,贵州理工学院,2020-09-13 23:36:45,4,E,765,141,0.0416666666666666,0.0,0.0440366972477064,0.0440366972477064,0.0461095100864553,0.0121212121212121,0.0622574934130536
U_29027485,C_735385,1.0,辽宁对外经贸学院,2020-10-19 09:06:57,4,E,781,146,0.0416666666666666,0.0,0.0715596330275229,0.0715596330275229,0.0576368876080691,0.031060606060606,0.0628511454952025
U_12419555,C_697076,0.0,长沙理工大学,2020-09-07 19:31:09,0,A,862,121,0.0972222222222222,0.0,0.0091743119266055,0.0091743119266055,0.0086455331412103,0.0022727272727272,0.0658298256333325
U_33821674,C_735164,1.0,昆明理工大学,2020-10-20 15:23:20,4,E,476,138,0.0416666666666666,0.0,0.0752293577981651,0.0752293577981651,0.0547550432276657,0.0325757575757575,0.0615154146914271
U_2461794,C_1750793,1.0,北京体育大学,2020-06-06 16:43:12,0,A,159,17,0.0972222222222222,0.0,0.2146788990825688,0.273394495412844,0.2161383285302593,0.0803030303030303,0.0708915449699245
U_32696690,C_735197,1.0,华南理工大学,2020-09-14 21:34:22,3,D,211,141,0.0277777777777777,0.0,0.2458715596330275,0.2623853211009174,0.0547550432276657,0.1643939393939394,0.0425087510097318
U_14291200,C_682392,2.0,陕西工业职业技术学院,2020-09-02 09:02:20,4,E,876,108,0.0138888888888888,0.0,0.0954128440366972,0.0954128440366972,0.0403458213256484,0.0181818181818181,0.0640343243586868
U_33329657,C_697076,2.0,辽宁对外经贸学院,2020-09-26 15:30:21,4,E,781,121,0.0416666666666666,0.0,0.0018348623853211,0.0018348623853211,0.0,0.0,0.0605184191221658
U_19301253,C_948395,0.0,西安美术学院,2020-03-11 15:20:43,2,C,727,170,0.0277777777777777,0.0,0.1926605504587156,0.1926605504587156,0.1585014409221901,0.0568181818181818,0.0769501954953331
U_30587509,C_735197,2.0,辽宁对外经贸学院,2020-11-09 21:08:18,4,E,781,141,0.0416666666666666,0.0,0.128440366972477,0.128440366972477,0.0835734870317002,0.0219696969696969,0.0652091981447829
U_27428016,C_735197,0.0,辽宁对外经贸学院,2020-11-23 19:21:39,4,E,781,141,0.0416666666666666,0.0,0.0201834862385321,0.0201834862385321,0.0057636887608069,0.0015151515151515,0.0616777029359194
U_29494674,C_674920,1.0,辽宁对外经贸学院,2020-04-21 09:03:39,4,E,781,87,0.0416666666666666,0.0,0.0788990825688073,0.0788990825688073,0.0662824207492795,0.0318181818181818,0.0621247508404149
U_33344045,C_697076,2.0,辽宁对外经贸学院,2020-11-17 11:37:32,4,E,781,121,0.0416666666666666,0.0,0.0825688073394495,0.0825688073394495,0.0691642651296829,0.031060606060606,0.0611884412689566
U_30559978,C_1829948,0.0,辽宁对外经贸学院,2020-06-16 14:53:51,4,E,781,61,0.25,0.0,0.0422018348623853,0.0422018348623853,0.0374639769452449,0.0098484848484848,0.0639307956509935
U_4681941,C_682392,0.0,陕西工业职业技术学院,2020-07-30 18:36:19,0,A,876,108,0.0138888888888888,0.0,0.1596330275229358,0.2458715596330275,0.132564841498559,0.0393939393939393,0.0712199199051564
U_30385283,C_1829948,1.0,辽宁对外经贸学院,2020-06-06 17:14:33,4,E,781,61,0.0416666666666666,0.0,0.0825688073394495,0.0825688073394495,0.0662824207492795,0.0378787878787878,0.0633020215599968
U_6766326,C_1824911,1.0,重庆三峡医药高等专科学校,2020-06-02 08:57:51,4,E,822,57,0.0555555555555555,0.0,0.0844036697247706,0.0844036697247706,0.0662824207492795,0.0348484848484848,0.0686521405278982
U_33713570,C_697076,2.0,辽宁对外经贸学院,2020-10-07 10:01:30,4,E,781,121,0.0416666666666666,0.0,0.0788990825688073,0.0788990825688073,0.0489913544668587,0.031060606060606,0.063741279430663
U_11181685,C_1750793,2.0,北京体育大学,2020-06-16 21:20:24,0,A,159,17,0.0694444444444444,0.0,0.036697247706422,0.036697247706422,0.0432276657060518,0.0227272727272727,0.069975485524549
U_16092010,C_786631,0.0,北华航天工业学院,2020-03-31 19:10:30,0,A,186,154,0.0138888888888888,0.0,0.1981651376146789,0.2623853211009174,0.201729106628242,0.0704545454545454,0.0700785883308378
U_7374741,C_1824911,2.0,重庆三峡医药高等专科学校,2020-06-10 18:27:54,4,E,822,57,0.25,0.0,0.0623853211009174,0.0623853211009174,0.0979827089337175,0.0257575757575757,0.0608087996902404
U_22276724,C_948113,2.0,西安思源学院,2020-05-09 13:47:48,0,A,721,166,0.0555555555555555,0.0,0.0055045871559633,0.0055045871559633,0.0028818443804034,0.0007575757575757,0.0632917008794499
U_4970564,C_948436,0.0,辽宁对外经贸学院,2020-06-19 16:20:28,4,E,781,171,0.0416666666666666,0.0,0.0018348623853211,0.0018348623853211,0.0028818443804034,0.0,0.0603906288914402
U_6160377,C_735197,2.0,华南理工大学,2020-10-03 19:54:57,4,E,211,141,0.0416666666666666,0.0,0.0642201834862385,0.0642201834862385,0.0374639769452449,0.0393939393939393,0.062026778660348
U_28346791,C_735164,2.0,华南理工大学,2020-11-22 18:50:30,3,D,211,138,0.1666666666666666,0.0,0.2862385321100917,0.5045871559633028,0.1815561959654178,0.053030303030303,0.0921733033011893
U_33459837,C_2027893,1.0,辽宁对外经贸学院,2020-09-23 10:45:01,4,E,781,84,0.0416666666666666,0.0,0.0110091743119266,0.0110091743119266,0.0115273775216138,0.0037878787878787,0.0614216866683798
U_8956398,C_747056,0.0,辽宁对外经贸学院,2020-05-10 15:43:33,4,E,781,147,0.0555555555555555,0.0,0.2422018348623853,0.2422018348623853,0.2478386167146974,0.0719696969696969,0.0682597020976785
U_29925418,C_735115,1.0,昆明理工大学,2020-05-11 15:17:48,0,A,476,136,0.0277777777777777,0.0,0.3486238532110092,0.3486238532110092,0.5331412103746397,0.181060606060606,0.0677092988174566
U_13770700,C_837698,0.0,西安科技大学,2020-02-21 17:40:12,0,A,726,160,0.0694444444444444,0.0,0.1889908256880734,0.273394495412844,0.2190201729106628,0.0613636363636363,0.0677470158534668
U_7089582,C_1912004,0.0,北京交通大学,2020-10-11 03:53:24,4,E,157,74,0.0555555555555555,0.0,0.0678899082568807,0.0678899082568807,0.0489913544668587,0.0325757575757575,0.0637625992625989
U_29886355,C_756642,2.0,中国医科大学,2020-05-08 22:14:28,2,C,69,149,0.1388888888888889,0.0,0.0091743119266055,0.0091743119266055,0.0115273775216138,0.0037878787878787,0.0775433771050003
U_30326295,C_676635,0.0,广州中医药大学,2020-06-02 18:57:36,1,B,423,89,0.2222222222222222,0.0,0.0642201834862385,0.0642201834862385,0.0922190201729106,0.0242424242424242,0.1161817121382845
U_17951481,C_786631,0.0,北华航天工业学院,2020-04-22 11:02:03,0,A,186,154,0.0138888888888888,0.0,0.2073394495412844,0.2660550458715596,0.2161383285302593,0.0696969696969697,0.0703005622000668
U_5075991,C_1864065,0.0,湖北理工学院,2020-06-23 15:36:10,4,E,631,67,0.0416666666666666,0.0,0.0752293577981651,0.0752293577981651,0.0489913544668587,0.0189393939393939,0.0631687540391153
U_32250408,C_1992917,2.0,辽宁对外经贸学院,2020-09-09 08:40:50,4,E,781,80,0.0416666666666666,0.0,0.0862385321100917,0.0862385321100917,0.0518731988472622,0.0318181818181818,0.0606950642058641
U_16107994,C_786631,0.0,北华航天工业学院,2020-03-31 15:19:01,2,C,186,154,0.1111111111111111,0.0,0.2110091743119266,0.2110091743119266,0.1671469740634005,0.0613636363636363,0.0837454771662636
U_31653066,C_801420,1.0,辽宁对外经贸学院,2020-08-30 18:33:39,4,E,781,155,0.0277777777777777,0.0,0.0110091743119266,0.0110091743119266,0.0057636887608069,0.0015151515151515,0.0310843558872177
U_30599304,C_1829948,0.0,辽宁对外经贸学院,2020-06-18 14:15:54,4,E,781,61,0.0416666666666666,0.0,0.0073394495412844,0.0073394495412844,0.0057636887608069,0.0015151515151515,0.0612373753594
U_5314159,C_1750793,0.0,内蒙古农业大学职业技术学院,2020-05-20 21:36:19,0,A,142,17,0.0694444444444444,0.0,0.036697247706422,0.036697247706422,0.0518731988472622,0.0272727272727272,0.0699304835935847
U_6759643,C_1824911,2.0,重庆三峡医药高等专科学校,2020-06-10 18:04:53,4,E,822,57,0.0138888888888888,0.0,0.0623853211009174,0.0623853211009174,0.0979827089337175,0.0257575757575757,0.064280846986779
U_5314246,C_1750793,0.0,内蒙古农业大学职业技术学院,2020-05-20 21:00:22,0,A,142,17,0.0416666666666666,0.0,0.036697247706422,0.036697247706422,0.0432276657060518,0.0227272727272727,0.0697786546952129
U_19397390,C_1738818,0.0,安徽工业大学,2020-06-15 20:16:04,0,A,344,15,0.0833333333333333,0.0,0.0642201834862385,0.0642201834862385,0.0749279538904899,0.034090909090909,0.0712054838284797
U_34063920,C_735164,0.0,昆明理工大学,2020-12-07 15:02:52,4,E,476,138,0.0416666666666666,0.0,0.0091743119266055,0.0165137614678899,0.0028818443804034,0.0007575757575757,0.0614773906102183
U_14770700,C_1750793,0.0,昆明理工大学,2020-06-17 10:01:18,0,A,476,17,0.1111111111111111,0.0,0.036697247706422,0.036697247706422,0.0547550432276657,0.0287878787878787,0.070277979520943
U_16098250,C_682157,1.0,河南水利与环境职业学院,2020-10-25 15:00:59,4,E,574,105,0.0416666666666666,0.0,0.0275229357798165,0.0275229357798165,0.031700288184438,0.0083333333333333,0.0617654732916452
U_33271152,C_697076,2.0,辽宁对外经贸学院,2020-11-24 08:14:23,4,E,781,121,0.0416666666666666,0.0,0.055045871559633,0.055045871559633,0.0489913544668587,0.0136363636363636,0.0621238396095029
U_7374702,C_1824911,2.0,重庆三峡医药高等专科学校,2020-06-10 18:20:34,4,E,822,57,0.3055555555555555,0.0,0.0623853211009174,0.0623853211009174,0.0979827089337175,0.0257575757575757,0.0626109222460238
U_15962204,C_747056,0.0,河南师范大学,2020-07-11 21:45:01,4,E,572,147,0.0277777777777777,0.0,0.0018348623853211,0.0018348623853211,0.0,0.0,0.0610743591206465
U_12667498,C_948387,0.0,辽宁对外经贸学院,2020-10-20 11:24:32,4,E,781,169,0.0416666666666666,0.0,0.0091743119266055,0.0091743119266055,0.0115273775216138,0.003030303030303,0.0615118440529078
U_30017540,C_697062,2.0,辽宁对外经贸学院,2020-05-16 23:00:50,4,E,781,120,0.0416666666666666,0.0,0.0238532110091743,0.0238532110091743,0.0230547550432276,0.006060606060606,0.0607496538707722
U_29956938,C_747056,0.0,辽宁对外经贸学院,2020-05-13 10:38:06,4,E,781,147,0.0277777777777777,0.0,0.0073394495412844,0.0073394495412844,0.0057636887608069,0.0015151515151515,0.0614950803755319
U_4681800,C_682392,0.0,陕西工业职业技术学院,2020-08-04 06:24:00,2,C,876,108,0.1805555555555555,0.0,0.1926605504587156,0.1926605504587156,0.1239193083573487,0.0515151515151515,0.0630931713968376
U_29696562,C_1738818,2.0,辽宁对外经贸学院,2020-04-28 05:41:25,4,E,781,15,0.0416666666666666,0.0,0.0697247706422018,0.0697247706422018,0.0605187319884726,0.0318181818181818,0.0614583538079044
U_29578247,C_674920,0.0,辽宁对外经贸学院,2020-04-22 19:55:44,4,E,781,87,0.0416666666666666,0.0,0.0788990825688073,0.0788990825688073,0.0720461095100864,0.0325757575757575,0.0608208933091922
U_33329569,C_697076,2.0,辽宁对外经贸学院,2020-11-03 10:06:17,3,D,781,121,0.1527777777777777,0.0,0.2,0.2348623853211009,0.1210374639769452,0.1439393939393939,0.0812144441660006
U_33346142,C_697076,0.0,辽宁对外经贸学院,2020-11-17 11:39:04,4,E,781,121,0.0138888888888888,0.0,0.1834862385321101,0.1834862385321101,0.2766570605187319,0.0878787878787878,0.0640337548393668
U_29700357,C_676635,2.0,中国医科大学,2020-04-28 10:13:04,2,C,69,89,0.1527777777777777,0.0,0.1614678899082569,0.1614678899082569,0.201729106628242,0.0628787878787878,0.0807540596047332
U_14828834,C_674920,2.0,辽宁对外经贸学院,2020-07-22 15:35:16,4,E,781,87,0.0555555555555555,0.0,0.2018348623853211,0.2018348623853211,0.2507204610951008,0.0666666666666666,0.0649047776873847
U_18432767,C_707013,1.0,哈尔滨工业大学,2020-09-01 02:41:58,4,E,270,129,0.0416666666666666,0.0,0.0403669724770642,0.0403669724770642,0.0432276657060518,0.0113636363636363,0.0626323163630884
U_31018317,C_735195,0.0,辽宁对外经贸学院,2020-07-19 22:47:57,4,E,781,140,0.0416666666666666,0.0,0.0073394495412844,0.0073394495412844,0.0057636887608069,0.0015151515151515,0.061325705329762
U_7796579,C_735197,0.0,华南理工大学,2020-10-14 16:06:25,4,E,211,141,0.0694444444444444,0.0,0.0458715596330275,0.0458715596330275,0.0432276657060518,0.0212121212121212,0.0423799320125128
U_2171719,C_735164,1.0,黑龙江八一农垦大学,2020-11-27 22:01:50,0,A,906,138,0.0972222222222222,0.0,0.1522935779816513,0.2678899082568807,0.170028818443804,0.0439393939393939,0.0661130995907618
U_31433401,C_676646,2.0,辽宁对外经贸学院,2020-08-25 15:26:02,4,E,781,90,0.0416666666666666,0.0,0.0256880733944954,0.0256880733944954,0.0259365994236311,0.0068181818181818,0.0617725204741876
U_31066628,C_682392,0.0,昆明理工大学,2020-08-07 21:21:19,0,A,476,108,0.0972222222222222,0.0,0.1137614678899082,0.2568807339449541,0.1786743515850144,0.0424242424242424,0.046010776152495
U_9430368,C_697107,1.0,贵州大学,2020-05-25 21:39:13,4,E,763,122,0.0416666666666666,0.0,0.0018348623853211,0.0018348623853211,0.0028818443804034,0.0007575757575757,0.061963467921331
U_33225439,C_697076,2.0,辽宁对外经贸学院,2020-09-28 21:18:24,4,E,781,121,0.0416666666666666,0.0,0.0293577981651376,0.0293577981651376,0.0432276657060518,0.0136363636363636,0.0315190021925606
U_30537036,C_1829948,1.0,辽宁对外经贸学院,2020-06-15 14:26:28,4,E,781,61,0.0277777777777777,0.0,0.0293577981651376,0.0293577981651376,0.0201729106628242,0.0053030303030303,0.0614901032719093
U_5245135,C_674920,0.0,辽宁对外经贸学院,2020-07-07 09:34:04,4,E,781,87,0.0416666666666666,0.0,0.073394495412844,0.073394495412844,0.0605187319884726,0.0159090909090909,0.062791509393885
U_32996817,C_735164,2.0,昆明理工大学,2020-09-17 10:05:58,0,A,476,138,0.0138888888888888,0.0,0.055045871559633,0.0587155963302752,0.0864553314121037,0.0401515151515151,0.0618345485566492
U_14390829,C_1714448,2.0,中国医科大学,2020-03-18 15:53:02,2,C,69,8,0.0277777777777777,0.0,0.181651376146789,0.181651376146789,0.1585014409221901,0.0636363636363636,0.0744500948226593
U_33650515,C_697076,1.0,辽宁对外经贸学院,2020-12-01 18:07:43,4,E,781,121,0.0416666666666666,0.0,0.0642201834862385,0.0642201834862385,0.0979827089337175,0.0325757575757575,0.0618940955158123
U_30955312,C_674920,2.0,辽宁对外经贸学院,2020-07-14 19:56:17,4,E,781,87,0.4444444444444444,0.0,0.2201834862385321,0.2201834862385321,0.3458213256484149,0.0931818181818181,0.0689340030678823
U_9488756,C_735164,0.0,大连民族大学,2020-11-16 15:05:23,0,A,307,138,0.0972222222222222,0.0,0.1596330275229358,0.2477064220183486,0.1671469740634005,0.0454545454545454,0.0666322288318024
U_13094651,C_1736024,0.0,昆明理工大学,2020-04-12 11:34:13,0,A,476,14,0.1111111111111111,0.0,0.1908256880733945,0.273394495412844,0.2190201729106628,0.0712121212121212,0.0696293267295072
U_33393023,C_2027893,0.0,辽宁对外经贸学院,2020-09-22 16:58:22,4,E,781,84,0.0416666666666666,0.0,0.0348623853211009,0.0348623853211009,0.0374639769452449,0.0113636363636363,0.0610964218038694
U_15062007,C_735283,1.0,辽宁对外经贸学院,2020-05-24 22:31:19,4,E,781,143,0.0277777777777777,0.0,0.0018348623853211,0.0018348623853211,0.0,0.0,0.0617184508051804
U_30672598,C_677087,2.0,昆明理工大学,2020-06-24 11:43:33,0,A,476,92,0.125,0.0,0.3614678899082569,0.3614678899082569,0.5677233429394812,0.1492424242424242,0.0683483044468458
U_13930728,C_948120,0.0,华南理工大学,2020-10-08 16:58:14,3,D,211,167,0.1527777777777777,0.0,0.1449541284403669,0.1449541284403669,0.1095100864553314,0.0318181818181818,0.0800579336637184
U_81190,C_674920,0.0,清华大学,2020-03-02 21:46:21,4,E,612,87,0.0694444444444444,0.0,0.0605504587155963,0.0605504587155963,0.0259365994236311,0.0416666666666666,0.0601208500657241
U_8488543,C_735197,0.0,华南理工大学,2020-10-21 22:49:05,3,D,211,141,0.1388888888888889,0.0,0.0935779816513761,0.1743119266055046,0.100864553314121,0.1553030303030303,0.0960143297843054
U_30457063,C_1829948,2.0,辽宁对外经贸学院,2020-06-11 16:21:32,4,E,781,61,0.0416666666666666,0.0,0.0073394495412844,0.0073394495412844,0.0086455331412103,0.0022727272727272,0.0612033626751408
U_10427584,C_948395,2.0,广州中医药大学,2020-05-19 22:52:39,1,B,423,170,0.2222222222222222,0.0,0.0201834862385321,0.0348623853211009,0.031700288184438,0.0227272727272727,0.1125035978947418
U_1830232,C_735164,0.0,昆明理工大学,2020-10-23 22:29:45,0,A,476,138,0.1111111111111111,0.0,0.1981651376146789,0.2770642201834862,0.2334293948126801,0.0621212121212121,0.0674370636301517
U_17666805,C_1829948,0.0,北方民族大学,2020-06-17 14:33:01,4,E,190,61,0.0555555555555555,0.0,0.0018348623853211,0.0018348623853211,0.0,0.0,0.0607477422667938
U_32578763,C_735164,2.0,昆明理工大学,2020-11-10 15:35:39,4,E,476,138,0.0416666666666666,0.0,0.073394495412844,0.073394495412844,0.0605187319884726,0.0295454545454545,0.0613120021996885
U_13535056,C_948120,0.0,中国农业大学,2020-10-04 18:09:29,4,E,67,167,0.0277777777777777,0.0,0.0788990825688073,0.0788990825688073,0.0518731988472622,0.031060606060606,0.0660988219890263
U_22330713,C_676635,2.0,辽宁对外经贸学院,2020-07-22 18:55:05,4,E,781,89,0.0416666666666666,0.0,0.0091743119266055,0.0091743119266055,0.0057636887608069,0.0015151515151515,0.0621592983776006
U_28666427,C_758928,1.0,辽宁对外经贸学院,2020-07-12 23:36:41,4,E,781,150,0.0416666666666666,0.0,0.0055045871559633,0.0055045871559633,0.0057636887608069,0.0015151515151515,0.0613181133896092
U_18251055,C_697062,2.0,湖北科技学院,2020-04-27 08:10:07,0,A,633,120,0.1111111111111111,0.0,0.1871559633027523,0.2715596330275229,0.1988472622478386,0.056060606060606,0.067644938181954
U_31680861,C_801420,2.0,辽宁对外经贸学院,2020-08-31 10:12:06,4,E,781,155,0.0138888888888888,0.0,0.0311926605504587,0.0311926605504587,0.0230547550432276,0.006060606060606,0.050961649421087
U_12667511,C_948387,2.0,深圳信息职业技术学院,2020-10-20 11:23:38,4,E,610,169,0.0416666666666666,0.0,0.0091743119266055,0.0091743119266055,0.0086455331412103,0.0022727272727272,0.0613257944719165
U_30016014,C_697062,2.0,辽宁对外经贸学院,2020-05-16 20:21:05,4,E,781,120,0.0416666666666666,0.0,0.0238532110091743,0.0238532110091743,0.0230547550432276,0.006060606060606,0.0612904991311018
U_30131923,C_766175,2.0,中国医科大学,2020-05-22 22:32:50,2,C,69,151,0.0416666666666666,0.0,0.0403669724770642,0.0403669724770642,0.0605187319884726,0.0159090909090909,0.0709299602861445
U_16702033,C_676646,2.0,辽宁对外经贸学院,2020-08-20 17:02:38,4,E,781,90,0.0277777777777777,0.0,0.0165137614678899,0.0165137614678899,0.0172910662824207,0.0045454545454545,0.0614974525473083
U_32722373,C_735164,1.0,中国医科大学,2020-09-15 08:28:35,2,C,69,138,0.125,0.0,0.2146788990825688,0.2146788990825688,0.1383285302593659,0.0575757575757575,0.0768566011855174
U_12181016,C_948488,2.0,合肥工业大学,2020-03-06 14:38:16,0,A,248,172,0.0277777777777777,0.0,0.1926605504587156,0.2715596330275229,0.2103746397694524,0.0598484848484848,0.0695283583825829
U_30602821,C_1829948,0.0,辽宁对外经贸学院,2020-06-18 16:49:21,4,E,781,61,0.0694444444444444,0.0,0.0073394495412844,0.0073394495412844,0.0057636887608069,0.0015151515151515,0.0611520167941858
U_1265693,C_735164,0.0,重庆科技学院,2020-10-06 11:28:01,0,A,845,138,0.1111111111111111,0.0,0.1761467889908257,0.2678899082568807,0.1815561959654178,0.0446969696969697,0.0195059053585584
U_16103320,C_786631,1.0,北华航天工业学院,2020-03-31 18:13:39,0,A,186,154,0.125,0.0,0.1926605504587156,0.2293577981651376,0.1671469740634005,0.0871212121212121,0.0701978506287891
U_11064815,C_676646,2.0,辽宁对外经贸学院,2020-08-11 00:44:42,4,E,781,90,0.0416666666666666,0.0,0.0697247706422018,0.0697247706422018,0.0576368876080691,0.031060606060606,0.062725742293279
U_5732059,C_1824911,2.0,重庆三峡医药高等专科学校,2020-06-13 16:09:27,4,E,822,57,0.0277777777777777,0.0,0.0018348623853211,0.0018348623853211,0.0028818443804034,0.053030303030303,0.0512088978423995
U_5314387,C_1750793,0.0,内蒙古农业大学职业技术学院,2020-05-20 20:53:18,0,A,142,17,0.1111111111111111,0.0,0.036697247706422,0.036697247706422,0.0489913544668587,0.0257575757575757,0.0703649773113304
U_25540584,C_1829948,1.0,北方民族大学,2020-06-08 15:33:20,4,E,190,61,0.0416666666666666,0.0,0.0752293577981651,0.0752293577981651,0.0662824207492795,0.0325757575757575,0.0611123089167266
U_10706325,C_735164,1.0,昆明理工大学,2019-11-06 15:15:31,0,A,476,138,0.0555555555555555,0.0,0.1908256880733945,0.2697247706422018,0.2161383285302593,0.059090909090909,0.0664238342840992
U_11085035,C_735385,2.0,中国地质大学（北京）,2020-10-22 22:05:49,4,E,71,146,0.0555555555555555,0.0,0.2018348623853211,0.2018348623853211,0.2103746397694524,0.0575757575757575,0.0660804933716059
U_7592422,C_1732845,0.0,铜仁职业技术学院,2020-03-26 09:27:43,2,C,852,13,0.1527777777777777,0.0,0.1926605504587156,0.1926605504587156,0.1786743515850144,0.0469696969696969,0.0767092838706284
U_32753729,C_735164,1.0,昆明理工大学,2020-11-27 19:08:30,4,E,476,138,0.0416666666666666,0.0,0.055045871559633,0.055045871559633,0.0864553314121037,0.0401515151515151,0.0620573593716614
U_29841217,C_756642,2.0,昆明理工大学,2020-05-08 11:49:35,0,A,476,149,0.0972222222222222,0.0,0.2256880733944954,0.2642201834862385,0.1873198847262247,0.084090909090909,0.0795630015652651
U_33554975,C_697076,1.0,辽宁对外经贸学院,2020-11-09 10:56:50,4,E,781,121,0.0555555555555555,0.0,0.1559633027522936,0.1559633027522936,0.1037463976945244,0.0295454545454545,0.0656185933937131
U_32877961,C_735164,2.0,昆明理工大学,2020-11-06 10:08:31,0,A,476,138,0.0277777777777777,0.0,0.1155963302752293,0.1229357798165137,0.1815561959654178,0.0818181818181818,0.0655793460840517
U_6987811,C_756642,2.0,辽宁对外经贸学院,2020-05-11 19:41:00,4,E,781,149,0.0416666666666666,0.0,0.0091743119266055,0.0091743119266055,0.0086455331412103,0.003030303030303,0.0609089211866975
U_5582637,C_1824911,2.0,重庆三峡医药高等专科学校,2020-06-02 09:50:10,3,D,822,57,0.125,0.0,0.0623853211009174,0.0623853211009174,0.0778097982708933,0.0204545454545454,0.083557565504713
U_32065500,C_735385,1.0,辽宁对外经贸学院,2020-09-06 10:32:55,4,E,781,146,0.0416666666666666,0.0,0.0697247706422018,0.0697247706422018,0.0576368876080691,0.0318181818181818,0.0615924236081758
U_10233699,C_735164,2.0,昆明理工大学,2019-10-13 22:02:55,4,E,476,138,0.0138888888888888,0.0,0.0697247706422018,0.0697247706422018,0.0461095100864553,0.0295454545454545,0.06156916245821
U_31229009,C_1774985,2.0,辽宁对外经贸学院,2020-08-18 09:12:06,4,E,781,46,0.0277777777777777,0.0,0.0275229357798165,0.0275229357798165,0.0230547550432276,0.006060606060606,0.0160018463668884
U_20288422,C_707079,0.0,中国农业大学,2020-04-28 07:21:30,3,D,67,132,0.1666666666666666,0.0,0.2036697247706422,0.2458715596330275,0.1412103746397694,0.1431818181818182,0.0786379040958982
U_5581761,C_1824911,2.0,重庆三峡医药高等专科学校,2020-06-02 09:50:35,4,E,822,57,0.0694444444444444,0.0,0.0715596330275229,0.0715596330275229,0.0288184438040345,0.0053030303030303,0.0693908813710753
U_30537365,C_1829948,0.0,辽宁对外经贸学院,2020-06-15 14:34:25,4,E,781,61,0.0416666666666666,0.0,0.0220183486238532,0.0220183486238532,0.0201729106628242,0.0053030303030303,0.0616706805150866
U_30185792,C_948395,1.0,中国医科大学,2020-05-26 12:25:21,2,C,69,170,0.1111111111111111,0.0,0.110091743119266,0.110091743119266,0.1095100864553314,0.0606060606060606,0.0748158599393351
U_30171762,C_674920,0.0,辽宁对外经贸学院,2020-05-25 17:21:25,4,E,781,87,0.0416666666666666,0.0,0.036697247706422,0.036697247706422,0.0345821325648414,0.009090909090909,0.0615892045859323
U_31112017,C_1912004,0.0,辽宁对外经贸学院,2020-10-14 19:33:42,4,E,781,74,0.0277777777777777,0.0,0.0110091743119266,0.0110091743119266,0.0115273775216138,0.003030303030303,0.0619886159135657
U_29954448,C_1714448,2.0,辽宁对外经贸学院,2020-05-13 08:47:51,4,E,781,8,0.0416666666666666,0.0,0.0238532110091743,0.0238532110091743,0.0230547550432276,0.006060606060606,0.0624400565453381
U_14489978,C_1714448,0.0,中国医科大学,2020-05-13 12:29:16,2,C,69,8,0.1388888888888889,0.0,0.1449541284403669,0.1449541284403669,0.170028818443804,0.0446969696969697,0.0764920642496361
U_5277630,C_674920,0.0,西昌民族幼儿师范高等专科学校,2020-07-01 08:54:30,4,E,751,87,0.0138888888888888,0.0,0.0495412844036697,0.0495412844036697,0.0489913544668587,0.0219696969696969,0.0584945257431718
U_33330442,C_697076,2.0,辽宁对外经贸学院,2020-11-03 21:32:46,4,E,781,121,0.0416666666666666,0.0,0.0807339449541284,0.0807339449541284,0.0720461095100864,0.0318181818181818,0.0613283994037628
U_32134028,C_697076,2.0,辽宁对外经贸学院,2020-09-07 19:30:56,4,E,781,121,0.0555555555555555,0.0,0.1559633027522936,0.1559633027522936,0.1296829971181556,0.0393939393939393,0.0652981620149098
U_22232375,C_948395,1.0,西安美术学院,2020-05-30 16:13:48,2,C,727,170,0.1111111111111111,0.0,0.110091743119266,0.110091743119266,0.1210374639769452,0.0696969696969697,0.0734857995670502
U_12286299,C_682392,0.0,辽宁对外经贸学院,2020-11-13 22:12:57,4,E,781,108,0.0138888888888888,0.0,0.0605504587155963,0.0605504587155963,0.0893371757925072,0.0265151515151515,0.0610532076683357
U_33344799,C_697076,0.0,辽宁对外经贸学院,2020-11-21 19:36:12,4,E,781,121,0.0416666666666666,0.0,0.0073394495412844,0.0073394495412844,0.0057636887608069,0.0015151515151515,0.0650325877274779
U_12943091,C_1992950,0.0,华南农业大学,2020-10-13 18:34:55,4,E,209,83,0.0416666666666666,0.0,0.0091743119266055,0.0091743119266055,0.0115273775216138,0.0606060606060606,0.0579536557211327
U_20237484,C_1774985,2.0,辽宁对外经贸学院,2020-08-25 19:11:48,4,E,781,46,0.0277777777777777,0.0,0.0055045871559633,0.0055045871559633,0.0028818443804034,0.0007575757575757,0.0612739533567701
U_2803122,C_735164,0.0,新余学院,2020-11-10 09:38:44,0,A,462,138,0.1111111111111111,0.0,0.1761467889908257,0.2238532110091743,0.1527377521613832,0.0454545454545454,0.0679643840447166
U_33832570,C_735164,1.0,昆明理工大学,2020-11-28 16:58:48,0,A,476,138,0.0972222222222222,0.0,0.036697247706422,0.036697247706422,0.0576368876080691,0.0265151515151515,0.0653950050610204
U_5581996,C_1824911,2.0,重庆三峡医药高等专科学校,2020-06-02 09:51:18,4,E,822,57,0.0416666666666666,0.0,0.0770642201834862,0.0770642201834862,0.0461095100864553,0.028030303030303,0.0625335121895802
U_30646761,C_676646,0.0,辽宁对外经贸学院,2020-08-19 21:31:44,4,E,781,90,0.0416666666666666,0.0,0.0660550458715596,0.0660550458715596,0.031700288184438,0.0083333333333333,0.0633637574542855
U_30348579,C_1829948,2.0,华南理工大学,2020-06-04 10:36:40,3,D,211,61,0.3194444444444444,0.0,0.4770642201834862,0.4770642201834862,0.7319884726224783,0.1924242424242424,0.0714075195691665
U_15376360,C_735197,0.0,辽宁对外经贸学院,2020-09-24 15:01:41,4,E,781,141,0.0416666666666666,0.0,0.0091743119266055,0.0091743119266055,0.0086455331412103,0.0022727272727272,0.0611911650570089
U_30111641,C_1750793,1.0,昆明理工大学,2020-05-21 21:33:03,0,A,476,17,0.0694444444444444,0.0,0.036697247706422,0.036697247706422,0.0461095100864553,0.0242424242424242,0.0699938488083628
U_21267186,C_786631,1.0,北华航天工业学院,2020-04-11 10:17:44,4,E,186,154,0.0138888888888888,0.0,0.0715596330275229,0.0715596330275229,0.0518731988472622,0.0333333333333333,0.06147159637018
U_29983737,C_676646,1.0,辽宁对外经贸学院,2020-05-29 07:27:58,4,E,781,90,0.0416666666666666,0.0,0.0091743119266055,0.0091743119266055,0.0115273775216138,0.003030303030303,0.0615234226283006
U_33660036,C_697076,2.0,辽宁对外经贸学院,2020-11-06 08:05:13,4,E,781,121,0.0277777777777777,0.0,0.0715596330275229,0.0715596330275229,0.0922190201729106,0.031060606060606,0.0615599461499097
U_32872303,C_735164,2.0,昆明理工大学,2020-09-16 08:18:00,0,A,476,138,0.0138888888888888,0.0,0.2,0.2678899082568807,0.2103746397694524,0.0537878787878787,0.0679855998774723
U_33224904,C_697076,1.0,辽宁对外经贸学院,2020-09-27 21:09:42,4,E,781,121,0.0416666666666666,0.0,0.0788990825688073,0.0788990825688073,0.0518731988472622,0.0424242424242424,0.0611782245875899
U_31773626,C_696575,2.0,辽宁对外经贸学院,2020-09-02 06:43:49,4,E,781,116,0.0416666666666666,0.0,0.0256880733944954,0.0256880733944954,0.0288184438040345,0.0075757575757575,0.0616300515020315
U_5152225,C_735197,0.0,华南理工大学,2020-09-15 18:54:18,3,D,211,141,0.1111111111111111,0.0,0.0091743119266055,0.0091743119266055,0.0144092219020172,0.0037878787878787,0.0996893339571266
U_4830017,C_1017355,2.0,云南中医学院,2020-05-08 23:23:21,4,E,103,0,0.0138888888888888,0.0,0.0091743119266055,0.0091743119266055,0.0086455331412103,0.0022727272727272,0.0610432039376712
U_24633059,C_676646,2.0,天津财经大学,2020-06-10 08:54:53,4,E,327,90,0.0277777777777777,0.0,0.0018348623853211,0.0018348623853211,0.0,0.0,0.0611543047761497
U_16086490,C_735283,1.0,辽宁对外经贸学院,2020-06-01 15:01:45,4,E,781,143,0.0138888888888888,0.0,0.0220183486238532,0.0220183486238532,0.0201729106628242,0.0053030303030303,0.0616954323199683
U_7962566,C_682381,0.0,河北师范大学,2020-05-16 21:48:43,4,E,556,107,0.0416666666666666,0.0,0.0275229357798165,0.0275229357798165,0.0201729106628242,0.0053030303030303,0.0618875683291708
U_28625630,C_786631,0.0,辽宁对外经贸学院,2020-03-12 15:30:01,4,E,781,154,0.0138888888888888,0.0,0.0697247706422018,0.0697247706422018,0.0461095100864553,0.0295454545454545,0.061732718502232
U_30187918,C_1714448,1.0,辽宁对外经贸学院,2020-05-26 14:16:57,4,E,781,8,0.0416666666666666,0.0,0.1449541284403669,0.1449541284403669,0.0749279538904899,0.0196969696969696,0.06680561032218
U_31073673,C_801420,2.0,辽宁对外经贸学院,2020-08-25 15:30:41,4,E,781,155,0.0277777777777777,0.0,0.0110091743119266,0.0110091743119266,0.0028818443804034,0.0007575757575757,0.061622791368787
U_10706292,C_735164,2.0,昆明理工大学,2019-11-02 22:57:15,4,E,476,138,0.0277777777777777,0.0,0.0697247706422018,0.0697247706422018,0.0489913544668587,0.0295454545454545,0.0617014642724184
U_30823659,C_948436,0.0,辽宁对外经贸学院,2020-07-02 18:08:52,4,E,781,171,0.0416666666666666,0.0,0.0458715596330275,0.0458715596330275,0.0432276657060518,0.0007575757575757,0.0625939604749715
U_8973541,C_1774987,0.0,南京财经大学,2020-10-30 16:07:57,0,A,227,47,0.1111111111111111,0.0,0.2110091743119266,0.255045871559633,0.2334293948126801,0.0621212121212121,0.0666883487703616
U_25285812,C_948395,1.0,西安美术学院,2020-05-30 14:10:09,0,A,727,170,0.1944444444444444,0.0,0.110091743119266,0.110091743119266,0.170028818443804,0.0984848484848484,0.0688736984004065
U_5235951,C_674920,0.0,西昌民族幼儿师范高等专科学校,2020-06-04 16:19:23,4,E,751,87,0.0416666666666666,0.0,0.0880733944954128,0.0880733944954128,0.0979827089337175,0.0219696969696969,0.0591390978048713
U_32237230,C_697076,2.0,辽宁对外经贸学院,2020-09-08 19:26:30,4,E,781,121,0.0416666666666666,0.0,0.0091743119266055,0.0091743119266055,0.0057636887608069,0.0015151515151515,0.0607520805183096
U_11064864,C_676646,2.0,天津商业大学,2020-08-11 11:09:15,4,E,316,90,0.0416666666666666,0.0,0.018348623853211,0.018348623853211,0.0288184438040345,0.0075757575757575,0.0157364311266684
U_32721919,C_735164,2.0,昆明理工大学,2020-11-10 09:31:57,0,A,476,138,0.0138888888888888,0.0,0.1889908256880734,0.2642201834862385,0.2132564841498559,0.0583333333333333,0.0660269288414738
U_9046752,C_786631,2.0,中国传媒大学,2020-03-12 15:28:59,4,E,66,154,0.0555555555555555,0.0,0.0862385321100917,0.0862385321100917,0.0547550432276657,0.0325757575757575,0.0656314298639518
U_4703356,C_682392,0.0,陕西工业职业技术学院,2019-11-02 12:28:10,0,A,876,108,0.1388888888888889,0.0,0.1871559633027523,0.2862385321100917,0.2276657060518732,0.056060606060606,0.0652469300378188
U_30003776,C_674959,0.0,辽宁对外经贸学院,2020-07-30 14:21:09,4,E,781,88,0.0555555555555555,0.0,0.3522935779816514,0.3522935779816514,0.0835734870317002,0.0219696969696969,0.0749777619011581
U_5503133,C_1017355,0.0,广州中医药大学,2020-05-06 21:47:05,0,A,423,0,0.125,0.0,0.0825688073394495,0.0825688073394495,0.1152737752161383,0.0393939393939393,0.068006642378261
U_1859595,C_1992929,2.0,河北民族师范学院-体育系,2020-12-05 19:52:41,1,B,560,81,0.2361111111111111,0.0,0.1669724770642202,0.1669724770642202,0.2305475504322766,0.0606060606060606,0.1085276200944938
U_6854788,C_697076,0.0,万宁市第二中学,2020-11-23 11:43:05,4,E,33,121,0.0555555555555555,0.0,0.0568807339449541,0.0568807339449541,0.0778097982708933,0.0242424242424242,0.0600799338168381
U_32741841,C_735164,0.0,昆明理工大学,2020-10-10 14:49:42,0,A,476,138,0.0972222222222222,0.0,0.1522935779816513,0.2293577981651376,0.2247838616714697,0.0643939393939393,0.0739503837142599
U_9477365,C_756642,2.0,辽宁对外经贸学院,2020-05-11 18:01:03,4,E,781,149,0.0416666666666666,0.0,0.0660550458715596,0.0660550458715596,0.0518731988472622,0.0295454545454545,0.0619237303298202
U_30492358,C_823315,2.0,辽宁对外经贸学院,2020-06-13 20:39:42,4,E,781,158,0.0416666666666666,0.0,0.0862385321100917,0.0862385321100917,0.0518731988472622,0.034090909090909,0.0660015480891692
U_19337529,C_1738818,2.0,安徽工业大学,2020-06-15 19:30:23,0,A,344,15,0.0138888888888888,0.0,0.0440366972477064,0.0440366972477064,0.0691642651296829,0.0318181818181818,0.0700791182314225
U_32741812,C_735164,2.0,昆明理工大学,2020-10-31 13:23:59,0,A,476,138,0.0138888888888888,0.0,0.1009174311926605,0.1082568807339449,0.1556195965417867,0.0734848484848484,0.0646043488175684
U_34268603,C_697076,2.0,辽宁对外经贸学院,2020-11-24 19:18:40,4,E,781,121,0.0555555555555555,0.0,0.1302752293577981,0.1302752293577981,0.1354466858789625,0.0401515151515151,0.0641778283703027
U_5245128,C_674920,0.0,辽宁对外经贸学院,2020-07-01 16:26:56,4,E,781,87,0.3194444444444444,0.0,0.2201834862385321,0.2201834862385321,0.3458213256484149,0.0931818181818181,0.0677432867400062
U_3805387,C_1017355,2.0,广州中医药大学,2020-04-30 14:49:22,2,C,423,0,0.1388888888888889,0.0,0.1926605504587156,0.1926605504587156,0.1815561959654178,0.0681818181818181,0.0767682712151554
U_30639978,C_1738818,0.0,广州中医药大学,2020-06-21 22:12:28,1,B,423,15,0.0138888888888888,0.0,0.0935779816513761,0.0935779816513761,0.0778097982708933,0.0325757575757575,0.11297066316525
U_3147725,C_1875515,1.0,桂林电子科技大学,2020-07-16 07:24:47,4,E,499,68,0.0416666666666666,0.0,0.0018348623853211,0.0018348623853211,0.0028818443804034,0.0015151515151515,0.0595572141279104
U_30461422,C_674920,1.0,辽宁对外经贸学院,2020-06-12 09:47:07,4,E,781,87,0.0416666666666666,0.0,0.018348623853211,0.018348623853211,0.0230547550432276,0.006060606060606,0.0613202627059995
U_33224380,C_697076,2.0,辽宁对外经贸学院,2020-11-08 16:11:36,4,E,781,121,0.0416666666666666,0.0,0.018348623853211,0.018348623853211,0.0230547550432276,0.0068181818181818,0.0633116142462825
U_33500240,C_735164,0.0,昆明理工大学,2020-10-22 17:42:27,0,A,476,138,0.0972222222222222,0.0,0.1669724770642202,0.255045871559633,0.1930835734870317,0.0575757575757575,0.048509443397315
U_33224574,C_697076,1.0,辽宁对外经贸学院,2020-09-27 18:17:54,4,E,781,121,0.0416666666666666,0.0,0.0275229357798165,0.0275229357798165,0.0432276657060518,0.0136363636363636,0.0611528735493368
U_22807584,C_1944729,2.0,辽宁对外经贸学院,2020-09-21 10:11:18,4,E,781,79,0.0416666666666666,0.0,0.018348623853211,0.018348623853211,0.0288184438040345,0.0075757575757575,0.0565794517428167
U_33366251,C_697076,0.0,辽宁对外经贸学院,2020-10-06 15:32:12,4,E,781,121,0.0416666666666666,0.0,0.036697247706422,0.036697247706422,0.0461095100864553,0.0143939393939393,0.061396484200384
U_9476525,C_756642,2.0,辽宁对外经贸学院,2020-05-11 17:24:52,4,E,781,149,0.0416666666666666,0.0,0.0660550458715596,0.0660550458715596,0.0518731988472622,0.0303030303030303,0.0619686134045787
U_17168196,C_948113,2.0,西安思源学院,2020-05-10 17:19:59,0,A,721,166,0.0416666666666666,0.0,0.0990825688073394,0.0990825688073394,0.1066282420749279,0.031060606060606,0.0666386718286314
U_31060260,C_735115,2.0,华南理工大学,2020-07-25 15:21:47,3,D,211,136,0.2083333333333333,0.0,0.5211009174311927,0.5211009174311927,0.2881844380403458,0.0931818181818181,0.0828621675579594
U_10491711,C_697766,0.0,武汉职业技术学院,2020-07-06 18:27:10,0,A,511,128,0.0972222222222222,0.0,0.1045871559633027,0.1045871559633027,0.1469740634005763,0.0393939393939393,0.0680792536153909
U_6759171,C_1824911,0.0,重庆三峡医药高等专科学校,2020-06-10 18:33:21,4,E,822,57,0.0555555555555555,0.0,0.0697247706422018,0.0697247706422018,0.0605187319884726,0.0303030303030303,0.0604033019343958
U_5235966,C_674920,0.0,辽宁对外经贸学院,2020-06-08 21:48:07,4,E,781,87,0.0138888888888888,0.0,0.055045871559633,0.055045871559633,0.0691642651296829,0.0181818181818181,0.0633378121350028
U_12527531,C_676635,2.0,辽宁对外经贸学院,2020-06-29 12:15:00,4,E,781,89,0.0416666666666666,0.0,0.0091743119266055,0.0091743119266055,0.0115273775216138,0.003030303030303,0.0617980943678268
U_29719192,C_674920,1.0,辽宁对外经贸学院,2020-05-19 20:29:42,4,E,781,87,0.0277777777777777,0.0,0.2201834862385321,0.2201834862385321,0.2795389048991354,0.0742424242424242,0.0657544064183379
U_32577491,C_735164,2.0,昆明理工大学,2020-09-26 14:54:42,0,A,476,138,0.0277777777777777,0.0,0.0403669724770642,0.0587155963302752,0.0461095100864553,0.0196969696969696,0.0609272299947502
U_31085218,C_682392,0.0,昆明理工大学,2020-07-30 14:59:04,0,A,476,108,0.0833333333333333,0.0,0.1449541284403669,0.1504587155963302,0.2276657060518732,0.0,0.0570254778950958
U_11837137,C_948488,1.0,合肥工业大学,2020-05-24 10:53:54,2,C,248,172,0.1388888888888889,0.0,0.1834862385321101,0.1834862385321101,0.2420749279538904,0.0636363636363636,0.0738353408116186
U_16434977,C_1806527,1.0,波士顿人工智能研究院,2020-09-01 08:20:22,0,A,586,53,0.0277777777777777,0.0,0.0018348623853211,0.0018348623853211,0.0,0.0,0.0703853710553286
U_32754082,C_735164,1.0,昆明理工大学,2020-11-10 13:47:45,0,A,476,138,0.0138888888888888,0.0,0.0403669724770642,0.0403669724770642,0.063400576368876,0.028030303030303,0.0649099033612647
U_33062072,C_1912004,0.0,辽宁对外经贸学院,2020-09-29 19:22:59,4,E,781,74,0.0277777777777777,0.0,0.0018348623853211,0.0018348623853211,0.0028818443804034,0.0007575757575757,0.0060891641343231
U_20311043,C_801420,1.0,南京邮电大学通达学院,2020-09-04 14:03:37,4,E,229,155,0.0277777777777777,0.0,0.0036697247706422,0.0036697247706422,0.0,0.0,0.061304449878271
U_5635808,C_1824911,1.0,重庆三峡医药高等专科学校,2020-06-10 18:09:12,4,E,822,57,0.25,0.0,0.0623853211009174,0.0623853211009174,0.0979827089337175,0.0257575757575757,0.0653199869857208
U_13139496,C_801420,0.0,南京邮电大学通达学院,2020-09-01 09:36:59,4,E,229,155,0.0277777777777777,0.0,0.0018348623853211,0.0018348623853211,0.0028818443804034,0.0007575757575757,0.0611950179790172
U_24632872,C_676646,2.0,天津财经大学,2020-06-09 20:06:57,0,A,327,90,0.0972222222222222,0.0,0.0660550458715596,0.0660550458715596,0.1037463976945244,0.0272727272727272,0.0694492645298888
U_33344190,C_697076,2.0,辽宁对外经贸学院,2020-10-11 13:19:00,4,E,781,121,0.0416666666666666,0.0,0.0036697247706422,0.0036697247706422,0.0028818443804034,0.0007575757575757,0.0605598306052431
U_30500025,C_823315,0.0,辽宁对外经贸学院,2020-06-14 20:03:29,4,E,781,158,0.0138888888888888,0.0,0.0642201834862385,0.0642201834862385,0.0403458213256484,0.028030303030303,0.0613830584014576
U_30186016,C_948436,0.0,辽宁对外经贸学院,2020-05-26 11:32:07,4,E,781,171,0.0416666666666666,0.0,0.036697247706422,0.036697247706422,0.0288184438040345,0.0007575757575757,0.0623690201529366
U_33344002,C_697076,2.0,辽宁对外经贸学院,2020-11-17 11:45:02,4,E,781,121,0.0555555555555555,0.0,0.1743119266055046,0.1743119266055046,0.2680115273775216,0.084090909090909,0.0643804088686
U_33748771,C_697076,2.0,辽宁对外经贸学院,2020-11-28 12:35:57,4,E,781,121,0.0555555555555555,0.0,0.1559633027522936,0.1559633027522936,0.1988472622478386,0.0606060606060606,0.0644675502769029
U_5643110,C_1824911,2.0,华南理工大学,2020-06-03 20:36:18,3,D,211,57,0.1805555555555555,0.0,0.1541284403669724,0.2532110091743119,0.0691642651296829,0.1439393939393939,0.0837992199807046
U_12219952,C_948488,0.0,合肥工业大学宣城校区,2020-06-22 10:53:53,2,C,249,172,0.1527777777777777,0.0,0.1834862385321101,0.1834862385321101,0.1786743515850144,0.0469696969696969,0.0782946820396108
U_7283722,C_1017355,1.0,广州中医药大学,2020-03-11 11:52:19,2,C,423,0,0.1388888888888889,0.0,0.1963302752293578,0.1963302752293578,0.1642651296829971,0.0643939393939393,0.0769495071198071
U_30994650,C_735306,0.0,辽宁对外经贸学院,2020-10-09 11:23:44,4,E,781,144,0.0416666666666666,0.0,0.0605504587155963,0.0605504587155963,0.0605187319884726,0.0265151515151515,0.0044851328999499
U_30205517,C_735164,1.0,昆明理工大学,2020-11-17 12:40:48,0,A,476,138,0.0972222222222222,0.0,0.2055045871559633,0.2788990825688073,0.1959654178674351,0.0446969696969697,0.0664668404212725
U_29935993,C_697062,2.0,昆明理工大学,2020-05-12 09:50:12,0,A,476,120,0.1111111111111111,0.0,0.1889908256880734,0.1889908256880734,0.2478386167146974,0.0689393939393939,0.0674228206948096
U_934141,C_707013,0.0,河北工业大学,2020-08-24 18:18:45,4,E,552,129,0.0694444444444444,0.0,0.0146788990825688,0.0146788990825688,0.0057636887608069,0.0015151515151515,0.1684078932184482
U_7915194,C_1829948,0.0,北方民族大学,2020-06-18 09:17:34,4,E,190,61,0.2638888888888889,0.0,0.3155963302752294,0.3155963302752294,0.2536023054755043,0.0666666666666666,0.0726361460743874
U_32577182,C_735164,1.0,昆明理工大学,2020-09-16 17:25:43,0,A,476,138,0.0138888888888888,0.0,0.1834862385321101,0.273394495412844,0.2478386167146974,0.0719696969696969,0.0083768127091587
U_30953495,C_735283,2.0,辽宁对外经贸学院,2020-07-15 11:02:20,4,E,781,143,0.0277777777777777,0.0,0.0055045871559633,0.0055045871559633,0.0057636887608069,0.0015151515151515,0.0618012688189931
U_5314163,C_1750793,0.0,内蒙古农业大学职业技术学院,2020-05-21 16:51:47,0,A,142,17,0.0555555555555555,0.0,0.036697247706422,0.036697247706422,0.0547550432276657,0.0287878787878787,0.0697605885519139
U_5245154,C_674920,0.0,西昌民族幼儿师范高等专科学校,2020-07-07 09:39:22,4,E,751,87,0.2777777777777778,0.0,0.110091743119266,0.110091743119266,0.0749279538904899,0.0212121212121212,0.0689307642362711
U_34464195,C_948120,2.0,昆明理工大学,2020-10-08 15:00:33,0,A,476,167,0.0277777777777777,0.0,0.0275229357798165,0.0275229357798165,0.0403458213256484,0.0113636363636363,0.0695955765193694
U_272332,C_1755893,1.0,清华大学,2020-09-30 11:32:57,4,E,612,19,0.0416666666666666,0.0,0.0642201834862385,0.0642201834862385,0.0374639769452449,0.0409090909090909,0.0628946419142253
U_6343297,C_1824911,2.0,重庆三峡医药高等专科学校,2020-06-29 23:11:30,4,E,822,57,0.1944444444444444,0.0,0.0862385321100917,0.0862385321100917,0.1354466858789625,0.0356060606060606,0.0643218276161099
U_4077522,C_735164,0.0,郑州大学,2020-10-29 16:12:47,0,A,807,138,0.0833333333333333,0.0,0.0073394495412844,0.0146788990825688,0.0,0.0,0.0584462106954676
U_31069763,C_682392,0.0,昆明理工大学,2020-09-15 19:08:39,0,A,476,108,0.1388888888888889,0.0,0.4495412844036697,0.4495412844036697,0.6887608069164265,0.2401515151515151,0.0605337020493096
U_12604522,C_682392,2.0,中国医科大学,2020-09-04 10:46:36,2,C,69,108,0.1805555555555555,0.0,0.1596330275229358,0.2238532110091743,0.2046109510086455,0.0545454545454545,0.0664572229732773
U_3138578,C_948136,2.0,暨南大学,2020-05-21 16:37:30,4,E,487,168,0.0416666666666666,0.0,0.0110091743119266,0.0110091743119266,0.0086455331412103,0.0022727272727272,0.0614192154497652
U_31067628,C_936971,1.0,辽宁对外经贸学院,2020-07-26 22:20:57,4,E,781,162,0.0416666666666666,0.0,0.0311926605504587,0.0311926605504587,0.0201729106628242,0.0068181818181818,0.0623160152374407
U_30005644,C_1755893,0.0,辽宁对外经贸学院,2020-05-16 07:55:00,4,E,781,19,0.0416666666666666,0.0,0.018348623853211,0.018348623853211,0.0230547550432276,0.006060606060606,0.0603635395811755
U_34124303,C_2027893,0.0,辽宁对外经贸学院,2020-09-30 11:34:45,4,E,781,84,0.0277777777777777,0.0,0.0055045871559633,0.0055045871559633,0.0028818443804034,0.0007575757575757,0.0613010426670348
U_29902982,C_756642,2.0,辽宁对外经贸学院,2020-05-09 22:50:38,4,E,781,149,0.0416666666666666,0.0,0.0660550458715596,0.0660550458715596,0.0547550432276657,0.031060606060606,0.0616115297432766
U_6766414,C_1824911,2.0,重庆医药高等专科学校,2020-06-10 18:04:09,0,A,834,57,0.2777777777777778,0.0,0.2128440366972477,0.3229357798165138,0.2276657060518732,0.0689393939393939,0.0785796298886068
U_29844353,C_766175,2.0,昆明理工大学,2020-05-28 14:09:59,0,A,476,151,0.0694444444444444,0.0,0.1834862385321101,0.1834862385321101,0.2824207492795388,0.0765151515151515,0.0671740843698823
U_30423985,C_1829948,2.0,中国医科大学,2020-06-09 18:30:54,2,C,69,61,0.2777777777777778,0.0,0.1779816513761468,0.1779816513761468,0.1873198847262247,0.0492424242424242,0.0722047475703373
U_14397420,C_682340,2.0,辽宁对外经贸学院,2020-07-25 01:30:18,4,E,781,106,0.0277777777777777,0.0,0.0036697247706422,0.0036697247706422,0.0028818443804034,0.0007575757575757,0.0613040041674988
U_29487235,C_948488,2.0,辽宁对外经贸学院,2020-04-20 18:19:39,4,E,781,172,0.0138888888888888,0.0,0.0660550458715596,0.0660550458715596,0.0432276657060518,0.0325757575757575,0.0625573527635498
U_33643605,C_1912004,1.0,新疆大学,2020-11-23 18:34:38,4,E,465,74,0.0277777777777777,0.0,0.0073394495412844,0.0073394495412844,0.0086455331412103,0.0022727272727272,0.0606278460690776
U_4739184,C_735197,0.0,华南理工大学,2020-10-04 15:11:38,3,D,211,141,0.1527777777777777,0.0,0.1559633027522936,0.2403669724770642,0.0806916426512968,0.1522727272727272,0.0840925273828498
U_11807937,C_1829948,2.0,北方民族大学,2020-06-11 18:28:44,4,E,190,61,0.3194444444444444,0.0,0.128440366972477,0.128440366972477,0.1642651296829971,0.0431818181818181,0.0661571457197369
U_54584,C_735186,1.0,内蒙古科技大学包头师范学院,2020-05-15 20:30:11,4,E,149,139,0.0416666666666666,0.0,0.0256880733944954,0.0256880733944954,0.0259365994236311,0.0083333333333333,0.0617655723384835
U_4080317,C_735164,0.0,西华师范大学,2020-09-16 19:29:29,0,A,708,138,0.0138888888888888,0.0,0.2110091743119266,0.2458715596330275,0.2247838616714697,0.0803030303030303,0.0744656402239245
U_10275672,C_735197,0.0,华南理工大学,2020-09-14 14:35:17,4,E,211,141,0.0416666666666666,0.0,0.0807339449541284,0.0807339449541284,0.0461095100864553,0.0287878787878787,0.0606202987000021
U_30359188,C_674920,2.0,辽宁对外经贸学院,2020-06-04 21:14:28,4,E,781,87,0.0416666666666666,0.0,0.0899082568807339,0.0899082568807339,0.0547550432276657,0.0242424242424242,0.0621165150958134
U_28469518,C_1736024,2.0,广州中医药大学,2020-05-13 11:56:07,4,E,423,14,0.0416666666666666,0.0,0.0110091743119266,0.0220183486238532,0.0144092219020172,0.006060606060606,0.0617169601502645
U_18782217,C_1750793,0.0,北京邮电大学,2020-06-16 22:21:04,4,E,184,17,0.0416666666666666,0.0,0.0220183486238532,0.0220183486238532,0.0288184438040345,0.0151515151515151,0.0616109602239565
U_29887520,C_756642,2.0,辽宁对外经贸学院,2020-05-09 07:07:35,4,E,781,149,0.0416666666666666,0.0,0.0660550458715596,0.0660550458715596,0.0576368876080691,0.0318181818181818,0.0617013008451353
U_31145246,C_707035,2.0,辽宁对外经贸学院,2020-08-06 15:25:58,4,E,781,130,0.0416666666666666,0.0,0.0165137614678899,0.0165137614678899,0.0230547550432276,0.0075757575757575,0.0624361095288333
U_16098076,C_801420,2.0,辽宁对外经贸学院,2020-07-14 04:59:44,4,E,781,155,0.0277777777777777,0.0,0.0165137614678899,0.0165137614678899,0.0172910662824207,0.0045454545454545,0.0616789905448168
U_14911754,C_674920,0.0,西昌民族幼儿师范高等专科学校,2020-06-04 15:05:26,4,E,751,87,0.0694444444444444,0.0,0.218348623853211,0.218348623853211,0.3141210374639769,0.084090909090909,0.0647024101397897
U_30540815,C_1829948,0.0,辽宁对外经贸学院,2020-06-15 16:48:48,4,E,781,61,0.0416666666666666,0.0,0.0073394495412844,0.0073394495412844,0.0086455331412103,0.0022727272727272,0.0612033626751408
U_29997878,C_1736024,0.0,辽宁对外经贸学院,2020-05-21 17:46:43,4,E,781,14,0.0416666666666666,0.0,0.0018348623853211,0.0018348623853211,0.0028818443804034,0.0015151515151515,0.0610283171978804
U_34070774,C_735164,1.0,昆明理工大学,2020-11-18 12:23:01,0,A,476,138,0.1111111111111111,0.0,0.181651376146789,0.2587155963302752,0.1613832853025936,0.05,0.0710629653329046
U_9810316,C_735197,0.0,华南理工大学,2020-10-04 16:14:50,4,E,211,141,0.0833333333333333,0.0,0.0513761467889908,0.0513761467889908,0.0432276657060518,0.0265151515151515,0.0377978494663754
U_17577974,C_674959,1.0,辽宁对外经贸学院,2020-06-24 12:14:34,4,E,781,88,0.0416666666666666,0.0,0.0752293577981651,0.0752293577981651,0.0547550432276657,0.0174242424242424,0.0664668255642468
U_31032930,C_674920,0.0,辽宁对外经贸学院,2020-07-21 13:17:42,4,E,781,87,0.0555555555555555,0.0,0.2201834862385321,0.2201834862385321,0.3458213256484149,0.0931818181818181,0.0654472225541522
U_31094280,C_735115,2.0,昆明理工大学,2020-07-29 17:59:04,0,A,476,136,0.1388888888888889,0.0,0.5211009174311927,0.5211009174311927,0.8011527377521613,0.275,0.0714184196737173
U_33339530,C_1992945,0.0,辽宁对外经贸学院,2020-11-27 15:18:03,4,E,781,82,0.0416666666666666,0.0,0.0660550458715596,0.0660550458715596,0.0518731988472622,0.0318181818181818,0.0618222964627561
U_4802744,C_735164,0.0,昆明理工大学,2020-11-26 22:47:32,0,A,476,138,0.0833333333333333,0.0,0.0018348623853211,0.0036697247706422,0.0,0.0,0.0657644794817891
U_21719675,C_801420,0.0,南京邮电大学通达学院,2020-09-04 09:20:13,4,E,229,155,0.0277777777777777,0.0,0.0036697247706422,0.0036697247706422,0.0,0.0,0.061304449878271
U_11425501,C_948136,1.0,沈阳师范大学,2020-07-05 12:02:46,4,E,538,168,0.0416666666666666,0.0,0.018348623853211,0.018348623853211,0.0288184438040345,0.0075757575757575,0.0614763060473394
U_10244904,C_735197,0.0,华南理工大学,2020-10-21 22:29:00,4,E,211,141,0.0416666666666666,0.0,0.073394495412844,0.073394495412844,0.0403458213256484,0.0196969696969696,0.0629138718578739
U_30011621,C_696596,2.0,辽宁对外经贸学院,2020-05-16 13:20:11,4,E,781,117,0.0416666666666666,0.0,0.0036697247706422,0.0036697247706422,0.0057636887608069,0.0015151515151515,0.0608301145698343
U_29817321,C_1017355,0.0,华南理工大学,2020-05-07 17:39:33,3,D,211,0,0.1388888888888889,0.0,0.0275229357798165,0.0275229357798165,0.0144092219020172,0.0037878787878787,0.0793391953295284
U_12205242,C_674920,2.0,西昌民族幼儿师范高等专科学校,2020-06-04 12:13:24,4,E,751,87,0.0555555555555555,0.0,0.036697247706422,0.036697247706422,0.0403458213256484,0.0106060606060606,0.0596314002097687
U_32133997,C_697076,2.0,昆明理工大学,2020-09-07 19:30:28,0,A,476,121,0.1527777777777777,0.0,0.5541284403669725,0.5541284403669725,0.8703170028818443,0.2931818181818181,0.0686459897192422
U_32087497,C_2059281,2.0,辽宁对外经贸学院,2020-09-07 07:39:07,4,E,781,85,0.0416666666666666,0.0,0.0036697247706422,0.0036697247706422,0.0028818443804034,0.0007575757575757,0.061682625563781
U_13173045,C_813262,0.0,陕西工业职业技术学院,2019-11-05 21:26:33,3,D,876,157,0.1666666666666666,0.0,0.1908256880733945,0.2036697247706422,0.1469740634005763,0.0924242424242424,0.0801990506465322
U_29442442,C_1017355,0.0,华南理工大学,2020-04-17 16:50:23,3,D,211,0,0.1527777777777777,0.0,0.1871559633027523,0.2055045871559633,0.1210374639769452,0.1409090909090909,0.084443737566643
U_27542003,C_682675,1.0,昆明理工大学,2020-04-23 19:25:48,0,A,476,114,0.125,0.0,0.2091743119266055,0.2348623853211009,0.2334293948126801,0.0674242424242424,0.073772406450587
U_30908936,C_676635,1.0,辽宁对外经贸学院,2020-08-01 06:12:07,4,E,781,89,0.0416666666666666,0.0,0.0091743119266055,0.0091743119266055,0.0144092219020172,0.0037878787878787,0.0617640816835677
U_33343355,C_697076,0.0,辽宁对外经贸学院,2020-11-30 11:09:01,4,E,781,121,0.0416666666666666,0.0,0.0275229357798165,0.0275229357798165,0.0172910662824207,0.0053030303030303,0.0624619112302006
U_32578780,C_735164,2.0,昆明理工大学,2020-09-15 09:06:35,0,A,476,138,0.0277777777777777,0.0,0.0091743119266055,0.0091743119266055,0.0144092219020172,0.006060606060606,0.0625385190072543
U_14653225,C_682392,1.0,陕西工业职业技术学院,2020-09-04 15:45:00,4,E,876,108,0.0138888888888888,0.0,0.0348623853211009,0.0348623853211009,0.0432276657060518,0.0113636363636363,0.0607964634065348
U_33442601,C_697076,2.0,辽宁对外经贸学院,2020-11-30 10:23:32,4,E,781,121,0.0416666666666666,0.0,0.0091743119266055,0.0091743119266055,0.0115273775216138,0.003030303030303,0.0606840551497913
U_2642161,C_1918363,0.0,信阳职业技术学院,2020-11-12 09:45:41,2,C,130,76,0.1527777777777777,0.0,0.1834862385321101,0.1834862385321101,0.2046109510086455,0.0712121212121212,0.0758435451714319
U_30425145,C_1829948,1.0,辽宁对外经贸学院,2020-06-09 19:51:53,4,E,781,61,0.0277777777777777,0.0,0.0220183486238532,0.0220183486238532,0.0172910662824207,0.0045454545454545,0.0612224341438482
U_29121554,C_756642,1.0,辽宁对外经贸学院,2020-04-29 13:45:31,4,E,781,149,0.0416666666666666,0.0,0.0623853211009174,0.0623853211009174,0.0605187319884726,0.0348484848484848,0.0629464236012686
U_30310452,C_1824911,0.0,辽宁对外经贸学院,2020-06-01 16:14:38,4,E,781,57,0.0277777777777777,0.0,0.0715596330275229,0.0715596330275229,0.0432276657060518,0.0272727272727272,0.063413424491332
U_33168875,C_735164,2.0,昆明理工大学,2020-09-20 15:55:40,0,A,476,138,0.0138888888888888,0.0,0.0311926605504587,0.0348623853211009,0.0489913544668587,0.0227272727272727,0.0426804054313959
U_33360420,C_697076,2.0,辽宁对外经贸学院,2020-09-22 12:00:53,4,E,781,121,0.0833333333333333,0.0,0.3963302752293578,0.3963302752293578,0.3948126801152737,0.1227272727272727,0.1321839635342539
U_5983484,C_1829948,0.0,北方民族大学,2020-06-19 12:54:40,4,E,190,61,0.0416666666666666,0.0,0.0220183486238532,0.0220183486238532,0.0172910662824207,0.0045454545454545,0.0612409955213385
U_13535165,C_948120,0.0,中国农业大学,2020-09-23 09:23:57,1,B,67,167,0.0138888888888888,0.0,0.1302752293577981,0.1302752293577981,0.1613832853025936,0.0242424242424242,0.0943779967787467
U_1051388,C_735164,0.0,昆明理工大学,2020-09-17 15:43:55,0,A,476,138,0.0138888888888888,0.0,0.1963302752293578,0.2642201834862385,0.2219020172910662,0.0621212121212121,0.1313132284494364
U_32725471,C_735164,2.0,辽宁对外经贸学院,2020-09-15 09:06:56,4,E,781,138,0.0416666666666666,0.0,0.0788990825688073,0.0788990825688073,0.0605187319884726,0.0303030303030303,0.0605097178574245
U_33413604,C_2027893,1.0,辽宁对外经贸学院,2020-09-24 08:58:31,4,E,781,84,0.0416666666666666,0.0,0.0201834862385321,0.0201834862385321,0.0259365994236311,0.0083333333333333,0.0616251486835376
U_34171165,C_735164,2.0,昆明理工大学,2020-10-01 10:46:48,0,A,476,138,0.1111111111111111,0.0,0.1504587155963302,0.1541284403669724,0.2363112391930835,0.1037878787878787,0.0173520021540947
U_33220338,C_697076,2.0,辽宁对外经贸学院,2020-11-19 21:18:15,4,E,781,121,0.0416666666666666,0.0,0.018348623853211,0.018348623853211,0.0230547550432276,0.006060606060606,0.0599611320866847
U_31197689,C_801420,0.0,辽宁对外经贸学院,2020-08-14 14:47:17,4,E,781,155,0.0416666666666666,0.0,0.0752293577981651,0.0752293577981651,0.0605187319884726,0.0318181818181818,0.0607974489225755
U_3942501,C_735164,0.0,武汉理工大学,2020-12-02 09:27:26,4,E,508,138,0.0833333333333333,0.0,0.0256880733944954,0.0256880733944954,0.0403458213256484,0.0196969696969696,0.0684514815382633
U_30784397,C_948436,0.0,辽宁对外经贸学院,2020-06-30 20:57:44,4,E,781,171,0.0416666666666666,0.0,0.0495412844036697,0.0495412844036697,0.0432276657060518,0.0007575757575757,0.0627448038573025
U_7529677,C_1750793,1.0,北京体育大学,2020-06-11 14:34:56,0,A,159,17,0.0833333333333333,0.0,0.036697247706422,0.036697247706422,0.0518731988472622,0.0272727272727272,0.0699950076563704
U_32886927,C_735164,2.0,昆明理工大学,2020-09-16 10:59:01,2,C,476,138,0.1388888888888889,0.0,0.1944954128440367,0.1944954128440367,0.1729106628242074,0.059090909090909,0.0717617259198172
U_8715686,C_1017355,1.0,广州中医药大学,2020-05-04 13:54:52,2,C,423,0,0.1388888888888889,0.0,0.073394495412844,0.073394495412844,0.0749279538904899,0.0227272727272727,0.0749164717176416
U_6173229,C_674920,2.0,清华大学,2020-06-21 19:46:17,4,E,612,87,0.0555555555555555,0.0,0.2201834862385321,0.2201834862385321,0.3112391930835734,0.0825757575757575,0.0668395338642847
U_13061373,C_801420,0.0,南京邮电大学通达学院,2020-09-01 09:39:43,4,E,229,155,0.0277777777777777,0.0,0.0018348623853211,0.0018348623853211,0.0028818443804034,0.0007575757575757,0.0611950179790172
U_28351634,C_1750795,1.0,LGD,2020-06-13 07:52:55,4,E,22,18,0.0416666666666666,0.0,0.0055045871559633,0.0055045871559633,0.0057636887608069,0.003030303030303,0.0612997154394021
U_529428,C_735164,1.0,江西理工大学,2020-10-27 18:02:21,2,C,529,138,0.4861111111111111,0.0,0.2862385321100917,0.4348623853211009,0.3256484149855908,0.1159090909090909,0.0769550332730699
U_33343276,C_697076,2.0,辽宁对外经贸学院,2020-10-12 15:27:33,4,E,781,121,0.0416666666666666,0.0,0.0844036697247706,0.0844036697247706,0.0778097982708933,0.0333333333333333,0.060665325392676
U_31060642,C_735115,2.0,辽宁对外经贸学院,2020-07-25 14:53:01,4,E,781,136,0.0833333333333333,0.0,0.5211009174311927,0.5211009174311927,0.2853025936599423,0.0931818181818181,0.0781443041774196
U_32612135,C_735164,1.0,昆明理工大学,2020-12-01 10:20:07,0,A,476,138,0.125,0.0,0.2220183486238532,0.2238532110091743,0.3458213256484149,0.1318181818181818,0.0662992333615656
U_29201123,C_677087,2.0,中国医科大学,2020-08-15 14:12:19,2,C,69,92,0.1944444444444444,0.0,0.3247706422018349,0.3247706422018349,0.3342939481268011,0.0878787878787878,0.2694676308804862
U_30681256,C_1829948,1.0,昆明理工大学,2020-06-24 22:31:51,0,A,476,61,0.2638888888888889,0.0,0.4440366972477064,0.4440366972477064,0.2737752161383285,0.0719696969696969,0.0772676851830399
U_4537314,C_735197,0.0,华南理工大学,2020-09-15 21:46:46,4,E,211,141,0.0416666666666666,0.0,0.0935779816513761,0.0935779816513761,0.0461095100864553,0.028030303030303,0.058787496386067
U_29123789,C_1824911,2.0,辽宁对外经贸学院,2020-06-10 18:17:37,4,E,781,57,0.1805555555555555,0.0,0.0623853211009174,0.0623853211009174,0.063400576368876,0.0166666666666666,0.0630832766176952
U_33454708,C_697076,0.0,辽宁对外经贸学院,2020-11-18 11:48:15,4,E,781,121,0.0416666666666666,0.0,0.018348623853211,0.018348623853211,0.0115273775216138,0.003030303030303,0.0603110992326577
U_30327570,C_676635,0.0,辽宁对外经贸学院,2020-06-02 19:39:03,4,E,781,89,0.0416666666666666,0.0,0.0091743119266055,0.0091743119266055,0.0086455331412103,0.0022727272727272,0.061832107052086
U_30046216,C_676676,1.0,辽宁对外经贸学院,2020-05-19 00:24:28,4,E,781,91,0.0416666666666666,0.0,0.0899082568807339,0.0899082568807339,0.1412103746397694,0.0378787878787878,0.0638851548679224
U_22755202,C_677087,1.0,辽宁对外经贸学院,2020-09-24 16:57:09,4,E,781,92,0.0416666666666666,0.0,0.036697247706422,0.036697247706422,0.0403458213256484,0.0106060606060606,0.048509443397315
U_22274493,C_1829948,0.0,北方民族大学,2020-06-11 18:25:00,3,D,190,61,0.2361111111111111,0.0,0.1651376146788991,0.1651376146788991,0.2132564841498559,0.056060606060606,0.0698595809144148
U_31634425,C_1992917,1.0,辽宁对外经贸学院,2020-08-29 10:30:25,4,E,781,80,0.0277777777777777,0.0,0.0844036697247706,0.0844036697247706,0.0518731988472622,0.0325757575757575,0.0659787722687109
U_33329493,C_697076,2.0,辽宁对外经贸学院,2020-11-03 09:49:42,4,E,781,121,0.0416666666666666,0.0,0.0899082568807339,0.0899082568807339,0.0547550432276657,0.0219696969696969,0.0621508893010322
U_28445757,C_1774985,0.0,辽宁对外经贸学院,2020-08-13 16:36:14,4,E,781,46,0.0277777777777777,0.0,0.0036697247706422,0.0036697247706422,0.0,0.0,0.0612325468260347
U_30989383,C_1738818,2.0,辽宁对外经贸学院,2020-08-23 16:16:06,4,E,781,15,0.0555555555555555,0.0,0.1064220183486238,0.1064220183486238,0.0518731988472622,0.031060606060606,0.0576240971761836
U_30338932,C_786631,0.0,辽宁对外经贸学院,2020-06-03 16:09:57,4,E,781,154,0.0416666666666666,0.0,0.0605504587155963,0.0605504587155963,0.0835734870317002,0.0272727272727272,0.0625384546268094
U_30595978,C_1829948,1.0,辽宁对外经贸学院,2020-06-18 11:04:41,4,E,781,61,0.0277777777777777,0.0,0.0036697247706422,0.0036697247706422,0.0028818443804034,0.0007575757575757,0.0606382856058304
U_32844222,C_1755909,2.0,辽宁对外经贸学院,2020-09-15 20:43:19,4,E,781,21,0.0277777777777777,0.0,0.0110091743119266,0.0110091743119266,0.0144092219020172,0.006060606060606,0.061589333346822
U_31130474,C_936971,1.0,辽宁对外经贸学院,2020-08-04 13:23:07,4,E,781,162,0.0277777777777777,0.0,0.0018348623853211,0.0018348623853211,0.0028818443804034,0.0007575757575757,0.0613205152754371
U_30457230,C_1829948,0.0,辽宁对外经贸学院,2020-06-11 16:28:51,4,E,781,61,0.0416666666666666,0.0,0.0018348623853211,0.0018348623853211,0.0,0.0,0.0610791381305926
U_5314197,C_1750793,0.0,内蒙古农业大学职业技术学院,2020-05-20 21:13:13,0,A,142,17,0.0555555555555555,0.0,0.036697247706422,0.036697247706422,0.0489913544668587,0.0257575757575757,0.0698357750068385
U_34264388,C_697076,2.0,辽宁对外经贸学院,2020-10-08 22:21:01,4,E,781,121,0.0416666666666666,0.0,0.0275229357798165,0.0275229357798165,0.0144092219020172,0.0037878787878787,0.0614042494725038
U_31554561,C_1992917,2.0,辽宁对外经贸学院,2020-08-28 17:40:21,4,E,781,80,0.0416666666666666,0.0,0.0788990825688073,0.0788990825688073,0.0576368876080691,0.0303030303030303,0.0374225295226372
U_6146104,C_1628052,1.0,学堂在线,2020-06-19 18:24:17,2,C,332,5,0.1666666666666666,0.0,0.128440366972477,0.128440366972477,0.1844380403458213,0.0606060606060606,0.0774354358606624
U_6766455,C_1824911,2.0,重庆三峡医药高等专科学校,2020-06-02 10:25:37,4,E,822,57,0.0416666666666666,0.0,0.0825688073394495,0.0825688073394495,0.0461095100864553,0.0265151515151515,0.0659307345521538
U_4824189,C_682392,0.0,陕西工院,2020-09-15 21:01:38,0,A,879,108,0.125,0.0,0.1596330275229358,0.2403669724770642,0.0893371757925072,0.0393939393939393,0.0741617991905301
U_7996964,C_1017355,2.0,广州中医药大学,2020-03-08 12:40:59,0,A,423,0,0.0138888888888888,0.0,0.1944954128440367,0.2605504587155963,0.1959654178674351,0.0636363636363636,0.0688406761845299
U_14170712,C_697107,0.0,辽宁对外经贸学院,2020-05-06 11:35:32,4,E,781,122,0.0277777777777777,0.0,0.0036697247706422,0.0036697247706422,0.0028818443804034,0.0007575757575757,0.0612821643396621
U_14939921,C_674959,0.0,湖北工业职业技术学院,2020-05-01 20:54:32,4,E,623,88,0.0416666666666666,0.0,0.0128440366972477,0.0128440366972477,0.0057636887608069,0.0015151515151515,0.0615144935558313
U_33344100,C_697076,1.0,辽宁对外经贸学院,2020-11-17 11:36:37,4,E,781,121,0.0416666666666666,0.0,0.0880733944954128,0.0880733944954128,0.0806916426512968,0.034090909090909,0.0613728021013556
U_33200326,C_697076,0.0,辽宁对外经贸学院,2020-11-16 10:37:27,4,E,781,121,0.0555555555555555,0.0,0.1834862385321101,0.1834862385321101,0.1498559077809798,0.0416666666666666,0.0662057083845367
U_30495765,C_813262,1.0,辽宁对外经贸学院,2020-06-14 11:23:59,4,E,781,157,0.0277777777777777,0.0,0.0899082568807339,0.0899082568807339,0.063400576368876,0.0348484848484848,0.0600213129456127
U_12553348,C_676635,2.0,电子科技大学中山学院,2020-06-20 21:54:42,4,E,667,89,0.0416666666666666,0.0,0.0091743119266055,0.0091743119266055,0.0144092219020172,0.0037878787878787,0.0613085603220589
U_30326203,C_680979,0.0,辽宁对外经贸学院,2020-06-02 21:21:17,4,E,781,100,0.0277777777777777,0.0,0.0073394495412844,0.0073394495412844,0.0086455331412103,0.0022727272727272,0.0613723861046349
U_30464659,C_823315,1.0,辽宁对外经贸学院,2020-06-12 08:25:43,4,E,781,158,0.0416666666666666,0.0,0.0788990825688073,0.0788990825688073,0.1037463976945244,0.0295454545454545,0.0611100456964723
U_12933338,C_1682756,1.0,辽宁对外经贸学院,2020-04-23 08:48:56,4,E,781,6,0.0972222222222222,0.0,0.0825688073394495,0.0825688073394495,0.0605187319884726,0.0287878787878787,0.0666647657181715
U_33246330,C_697076,2.0,辽宁对外经贸学院,2020-11-16 20:18:25,4,E,781,121,0.0555555555555555,0.0,0.2018348623853211,0.2018348623853211,0.2046109510086455,0.0628787878787878,0.0662814693111233
U_4956336,C_735164,2.0,大理大学,2020-11-04 10:59:50,0,A,301,138,0.0833333333333333,0.0,0.1871559633027523,0.2495412844036697,0.2305475504322766,0.0553030303030303,0.0526685114791311
U_34040605,C_735164,1.0,昆明理工大学,2020-10-26 18:06:47,0,A,476,138,0.0972222222222222,0.0,0.2055045871559633,0.2788990825688073,0.1959654178674351,0.0439393939393939,0.0668819358157447
U_32387821,C_735197,1.0,华南理工大学,2020-09-10 22:17:07,3,D,211,141,0.0138888888888888,0.0,0.0091743119266055,0.0091743119266055,0.0115273775216138,0.003030303030303,0.0779289169229351
U_9945476,C_756642,2.0,郑州大学,2020-05-21 23:08:16,4,E,807,149,0.0555555555555555,0.0,0.0605504587155963,0.0605504587155963,0.0605187319884726,0.0401515151515151,0.0644423180948556
U_15454004,C_948488,1.0,合肥工业大学,2020-03-06 10:28:13,0,A,248,172,0.0277777777777777,0.0,0.1889908256880734,0.2678899082568807,0.2103746397694524,0.059090909090909,0.067029862268689
U_13650804,C_1829948,0.0,北方民族大学,2020-06-18 16:28:36,4,E,190,61,0.0277777777777777,0.0,0.0018348623853211,0.0018348623853211,0.0,0.0,0.0604831386383769
U_29819670,C_756642,2.0,广州中医药大学,2020-05-07 19:48:17,1,B,423,149,0.2222222222222222,0.0,0.0201834862385321,0.0201834862385321,0.0172910662824207,0.0045454545454545,0.116363076803826
U_29970542,C_786631,0.0,辽宁对外经贸学院,2020-05-14 07:42:20,4,E,781,154,0.0416666666666666,0.0,0.0073394495412844,0.0073394495412844,0.0057636887608069,0.0015151515151515,0.0612946392889412
U_6097361,C_1017355,2.0,广州中医药大学,2020-04-21 15:21:39,1,B,423,0,0.2222222222222222,0.0,0.0238532110091743,0.0422018348623853,0.0374639769452449,0.0257575757575757,0.1139043579001781
U_33748713,C_697076,2.0,辽宁对外经贸学院,2020-10-06 15:51:29,4,E,781,121,0.0416666666666666,0.0,0.055045871559633,0.055045871559633,0.0835734870317002,0.0257575757575757,0.0617013701779221
U_6075870,C_1829948,1.0,北方民族大学,2020-06-22 17:06:33,1,B,190,61,0.2222222222222222,0.0,0.1192660550458715,0.1192660550458715,0.0922190201729106,0.0242424242424242,0.0905961904002275
U_33343495,C_697076,2.0,辽宁对外经贸学院,2020-11-23 14:52:50,4,E,781,121,0.0416666666666666,0.0,0.0091743119266055,0.0091743119266055,0.0086455331412103,0.0022727272727272,0.0603956109474047
U_32237178,C_697076,1.0,长沙理工大学,2020-09-08 19:24:46,4,E,862,121,0.0416666666666666,0.0,0.0954128440366972,0.0954128440366972,0.0489913544668587,0.031060606060606,0.058919481250393
U_29911579,C_707079,2.0,辽宁对外经贸学院,2020-05-11 16:47:49,4,E,781,132,0.0416666666666666,0.0,0.0073394495412844,0.0073394495412844,0.0086455331412103,0.003030303030303,0.06119805376461
U_6350125,C_1017355,2.0,广州中医药大学,2020-03-11 17:11:48,1,B,423,0,0.2083333333333333,0.0,0.0385321100917431,0.0532110091743119,0.0605187319884726,0.025,0.1126326361156295
U_33554553,C_697076,2.0,辽宁对外经贸学院,2020-11-06 16:09:00,4,E,781,121,0.0416666666666666,0.0,0.018348623853211,0.018348623853211,0.0259365994236311,0.0075757575757575,0.0613634817938751
U_30601114,C_1829948,1.0,辽宁对外经贸学院,2020-06-18 15:20:55,4,E,781,61,0.0277777777777777,0.0,0.0073394495412844,0.0073394495412844,0.0057636887608069,0.0015151515151515,0.0607551163039024
U_4113730,C_786631,0.0,西昌学院,2020-03-01 21:42:36,4,E,736,154,0.0555555555555555,0.0,0.0770642201834862,0.0770642201834862,0.0547550432276657,0.0318181818181818,0.061943460460002
U_31083279,C_682392,0.0,华南理工大学,2020-08-16 15:15:42,3,D,211,108,0.1527777777777777,0.0,0.4495412844036697,0.4495412844036697,0.2103746397694524,0.0598484848484848,0.0828957840548655
U_33384327,C_735164,1.0,昆明理工大学,2020-10-26 09:44:39,0,A,476,138,0.0555555555555555,0.0,0.2862385321100917,0.3339449541284404,0.4380403458213256,0.1583333333333333,0.0705382201361345
U_32558319,C_1912004,0.0,辽宁对外经贸学院,2020-09-26 15:46:54,4,E,781,74,0.0416666666666666,0.0,0.0660550458715596,0.0660550458715596,0.0518731988472622,0.0318181818181818,0.0633865927028468
U_30558939,C_1829948,0.0,辽宁对外经贸学院,2020-06-16 14:26:37,4,E,781,61,0.0138888888888888,0.0,0.0220183486238532,0.0220183486238532,0.0086455331412103,0.0022727272727272,0.0611921703824172
U_11767828,C_735385,0.0,辽宁对外经贸学院,2020-06-10 10:55:44,4,E,781,146,0.0277777777777777,0.0,0.0018348623853211,0.0018348623853211,0.0028818443804034,0.0007575757575757,0.0611557062889111
U_5502918,C_758928,0.0,陕西工业职业技术学院,2020-02-23 11:53:05,4,E,876,150,0.0138888888888888,0.0,0.073394495412844,0.073394495412844,0.0489913544668587,0.031060606060606,0.0613453958412085
U_28874118,C_758928,0.0,辽宁对外经贸学院,2020-03-19 18:36:05,4,E,781,150,0.0138888888888888,0.0,0.0678899082568807,0.0678899082568807,0.0432276657060518,0.0287878787878787,0.0618316118178947
U_33224685,C_697076,1.0,辽宁对外经贸学院,2020-09-27 16:26:00,4,E,781,121,0.0416666666666666,0.0,0.0275229357798165,0.0275229357798165,0.0432276657060518,0.0136363636363636,0.0628677110789018
U_31072921,C_682392,0.0,昆明理工大学,2020-08-09 19:01:10,0,A,476,108,0.1666666666666666,0.0,0.4495412844036697,0.4495412844036697,0.6801152737752161,0.2371212121212121,0.0634187135924952
U_32753793,C_735164,1.0,昆明理工大学,2020-10-24 20:32:29,0,A,476,138,0.0277777777777777,0.0,0.2018348623853211,0.2348623853211009,0.2968299711815562,0.1143939393939394,0.08028137862061
U_13963050,C_1771167,0.0,辽宁对外经贸学院,2020-07-31 11:25:12,4,E,781,39,0.0416666666666666,0.0,0.0275229357798165,0.0275229357798165,0.0115273775216138,0.003030303030303,0.0619773196216619
U_22150046,C_948120,0.0,中国农业大学,2020-10-12 18:36:04,1,B,67,167,0.0138888888888888,0.0,0.1211009174311926,0.1211009174311926,0.1844380403458213,0.0583333333333333,0.1092348640431036
U_9814099,C_735197,0.0,华南理工大学轻工科学与工程学院,2020-09-14 14:38:00,3,D,213,141,0.125,0.0,0.0091743119266055,0.0091743119266055,0.0144092219020172,0.0037878787878787,0.0786128898168951
U_12649869,C_735197,0.0,辽宁石油化工大学,2020-12-03 11:13:34,3,D,790,141,0.2083333333333333,0.0,0.3376146788990826,0.3376146788990826,0.5302593659942363,0.1515151515151515,0.0734026546986711
U_2876369,C_948120,2.0,成都中医药大学,2020-10-10 20:51:29,4,E,451,167,0.0416666666666666,0.0,0.0091743119266055,0.0091743119266055,0.0115273775216138,0.0037878787878787,0.0613386854179163
U_33499483,C_2027893,1.0,辽宁对外经贸学院,2020-09-23 14:34:23,4,E,781,84,0.0416666666666666,0.0,0.0110091743119266,0.0110091743119266,0.0144092219020172,0.0045454545454545,0.0613876739841206
U_21215024,C_1017355,0.0,昆明理工大学,2020-05-09 23:39:23,0,A,476,0,0.0972222222222222,0.0,0.0825688073394495,0.0825688073394495,0.1123919308357348,0.0386363636363636,0.0683370230119677
U_6509988,C_1824911,2.0,重庆三峡医药高等专科学校,2020-06-06 15:42:07,4,E,822,57,0.2083333333333333,0.0,0.0348623853211009,0.0348623853211009,0.0547550432276657,0.0143939393939393,0.0632946871416235
U_31575568,C_1992917,2.0,辽宁对外经贸学院,2020-08-28 22:30:34,4,E,781,80,0.0416666666666666,0.0,0.0807339449541284,0.0807339449541284,0.0720461095100864,0.0151515151515151,0.0633852555705303
U_34499622,C_697076,1.0,辽宁对外经贸学院,2020-12-01 20:46:59,4,E,781,121,0.0416666666666666,0.0,0.018348623853211,0.018348623853211,0.0259365994236311,0.0075757575757575,0.0608875171649491
U_33224364,C_697076,2.0,辽宁对外经贸学院,2020-11-02 11:06:57,4,E,781,121,0.0416666666666666,0.0,0.0862385321100917,0.0862385321100917,0.0691642651296829,0.0325757575757575,0.0619111018579418
U_30423661,C_1761368,0.0,辽宁对外经贸学院,2020-06-09 19:20:36,4,E,781,31,0.0277777777777777,0.0,0.0091743119266055,0.0091743119266055,0.0115273775216138,0.0037878787878787,0.0617574306883784
U_1005324,C_735164,0.0,昆明理工大学,2020-09-16 15:28:08,0,A,476,138,0.0972222222222222,0.0,0.0091743119266055,0.0110091743119266,0.0144092219020172,0.006060606060606,0.0630781757055247
U_30656303,C_1776290,2.0,辽宁对外经贸学院,2020-06-23 08:54:48,4,E,781,48,0.0277777777777777,0.0,0.0018348623853211,0.0018348623853211,0.0028818443804034,0.0015151515151515,0.0613084810845883
U_5075926,C_1864065,0.0,湖北理工学院,2020-06-20 10:16:13,3,D,631,67,0.0138888888888888,0.0,0.0825688073394495,0.0825688073394495,0.1210374639769452,0.0621212121212121,0.0739659142584994
U_31480157,C_697076,0.0,辽宁对外经贸学院,2020-08-26 23:50:50,4,E,781,121,0.0416666666666666,0.0,0.0091743119266055,0.0091743119266055,0.0086455331412103,0.0022727272727272,0.0542656652690694
U_28049006,C_1806527,1.0,辽宁对外经贸学院,2020-10-22 15:02:31,4,E,781,53,0.0416666666666666,0.0,0.0018348623853211,0.0018348623853211,0.0,0.0,0.0666281976254851
U_32703540,C_1912004,0.0,辽宁对外经贸学院,2020-09-15 03:35:10,4,E,781,74,0.0416666666666666,0.0,0.0678899082568807,0.0678899082568807,0.0518731988472622,0.0318181818181818,0.0633642923072121
U_11072187,C_735385,1.0,哈尔滨工业大学,2020-09-20 19:36:52,4,E,270,146,0.0416666666666666,0.0,0.0532110091743119,0.0532110091743119,0.063400576368876,0.0166666666666666,0.0622751435596319
U_33269159,C_2059281,2.0,辽宁对外经贸学院,2020-09-21 15:06:08,4,E,781,85,0.0416666666666666,0.0,0.0715596330275229,0.0715596330275229,0.0576368876080691,0.031060606060606,0.0632298907000325
U_14749847,C_1918363,1.0,新乡医学院三全学院,2020-11-18 16:26:03,2,C,461,76,0.125,0.0,0.1908256880733945,0.1908256880733945,0.1815561959654178,0.0621212121212121,0.0776048505251676
U_33512937,C_948387,1.0,广州中医药大学,2020-11-12 18:30:39,1,B,423,169,0.2222222222222222,0.0,0.128440366972477,0.128440366972477,0.1354466858789625,0.0356060606060606,0.1117873010651149
U_34488575,C_1992929,1.0,辽宁对外经贸学院,2020-10-08 23:06:56,4,E,781,81,0.0416666666666666,0.0,0.0165137614678899,0.0165137614678899,0.0172910662824207,0.0045454545454545,0.0618673726788492
U_14101947,C_697062,1.0,中国医科大学,2020-05-04 13:06:02,2,C,69,120,0.1805555555555555,0.0,0.1889908256880734,0.1889908256880734,0.2910662824207493,0.081060606060606,0.0707360612432209
U_30814391,C_735385,0.0,辽宁对外经贸学院,2020-07-01 23:05:37,4,E,781,146,0.0416666666666666,0.0,0.0091743119266055,0.0091743119266055,0.0144092219020172,0.0037878787878787,0.0613213373641947
U_31754675,C_682392,0.0,中国医科大学,2020-09-01 10:12:19,2,C,69,108,0.0138888888888888,0.0,0.2,0.2,0.1412103746397694,0.05,0.053622278055833
U_30633005,C_1829948,1.0,辽宁对外经贸学院,2020-06-21 09:01:36,4,E,781,61,0.2083333333333333,0.0,0.0311926605504587,0.0311926605504587,0.0144092219020172,0.0037878787878787,0.0633534664877901
U_32741121,C_735164,1.0,昆明理工大学,2020-09-21 21:10:55,0,A,476,138,0.1111111111111111,0.0,0.1908256880733945,0.2715596330275229,0.2219020172910662,0.0628787878787878,0.0655445608344541
U_7767164,C_1829948,1.0,北方民族大学,2020-06-11 16:32:40,4,E,190,61,0.0277777777777777,0.0,0.0220183486238532,0.0220183486238532,0.0288184438040345,0.0075757575757575,0.0609726429700933
U_32594071,C_735164,1.0,昆明理工大学,2020-11-27 14:05:48,0,A,476,138,0.125,0.0,0.2862385321100917,0.3027522935779816,0.4495677233429394,0.1636363636363636,0.0696005783847016
U_31574481,C_1992917,2.0,辽宁对外经贸学院,2020-08-28 20:06:23,4,E,781,80,0.0416666666666666,0.0,0.0807339449541284,0.0807339449541284,0.0518731988472622,0.034090909090909,0.0649818806986297
U_11010920,C_697107,0.0,贵州大学,2020-05-09 12:56:00,4,E,763,122,0.0277777777777777,0.0,0.0018348623853211,0.0018348623853211,0.0,0.0,0.0615469264430202
U_33256385,C_2059281,0.0,辽宁对外经贸学院,2020-09-21 14:11:28,4,E,781,85,0.0138888888888888,0.0,0.0201834862385321,0.0201834862385321,0.0201729106628242,0.0098484848484848,0.0779359156825787
U_30475013,C_1829948,2.0,中国医科大学,2020-06-12 16:42:38,2,C,69,61,0.2222222222222222,0.0,0.0697247706422018,0.0697247706422018,0.0461095100864553,0.0121212121212121,0.0625704021844908
U_14290796,C_682392,1.0,陕西工业职业技术学院,2020-09-01 11:29:55,4,E,876,108,0.0416666666666666,0.0,0.018348623853211,0.018348623853211,0.0230547550432276,0.006060606060606,0.0606203680327889
U_30485181,C_1750795,1.0,辽宁对外经贸学院,2020-06-13 08:15:24,4,E,781,18,0.0416666666666666,0.0,0.0055045871559633,0.0055045871559633,0.0086455331412103,0.0045454545454545,0.0612159564806258
U_32312556,C_697076,1.0,昆明理工大学,2020-09-09 19:33:29,0,A,476,121,0.125,0.0,0.2201834862385321,0.2752293577981651,0.2305475504322766,0.0621212121212121,0.0592755051105257
U_11138964,C_948120,0.0,中国农业大学,2020-10-02 13:17:21,4,E,67,167,0.0416666666666666,0.0,0.0660550458715596,0.0660550458715596,0.0461095100864553,0.0287878787878787,0.0199542254875562
U_29740908,C_1714448,2.0,辽宁对外经贸学院,2020-04-30 14:41:50,4,E,781,8,0.0416666666666666,0.0,0.0678899082568807,0.0678899082568807,0.0576368876080691,0.0325757575757575,0.0618078405767118
U_11792443,C_948109,0.0,西京学院,2020-11-25 10:07:05,0,A,701,165,0.2361111111111111,0.0,0.5522935779816514,0.5522935779816514,0.8587896253602305,1.0,0.0807795938796372
U_11066824,C_2027893,0.0,湖南大学,2020-10-10 22:22:42,4,E,640,84,0.0416666666666666,0.0,0.0091743119266055,0.0091743119266055,0.0086455331412103,0.0022727272727272,0.0613626299910661
U_2438580,C_680979,2.0,西安交通大学,2020-06-29 11:41:56,4,E,715,100,0.0416666666666666,0.0,0.073394495412844,0.073394495412844,0.0547550432276657,0.0318181818181818,0.0622927738968425
U_2447726,C_735164,2.0,河北医科大学,2020-10-30 08:41:04,4,E,548,138,0.0277777777777777,0.0,0.0073394495412844,0.0146788990825688,0.0,0.0,0.0347853406162249
U_29896481,C_747056,0.0,辽宁对外经贸学院,2020-05-09 15:13:01,4,E,781,147,0.0416666666666666,0.0,0.091743119266055,0.091743119266055,0.063400576368876,0.0166666666666666,0.0642841947699123
U_31060170,C_758928,1.0,辽宁对外经贸学院,2020-07-25 16:06:16,4,E,781,150,0.0277777777777777,0.0,0.0018348623853211,0.0018348623853211,0.0028818443804034,0.0007575757575757,0.0612012826915373
U_33220501,C_697076,2.0,辽宁对外经贸学院,2020-10-04 16:24:02,0,A,781,121,0.0972222222222222,0.0,0.055045871559633,0.055045871559633,0.0778097982708933,0.0257575757575757,0.0655396976346955
U_23134297,C_823315,1.0,西安石油大学,2020-06-13 19:54:58,4,E,725,158,0.0138888888888888,0.0,0.0862385321100917,0.0862385321100917,0.1123919308357348,0.0325757575757575,0.0615649034441647
U_29900580,C_756642,2.0,辽宁对外经贸学院,2020-05-14 16:25:37,4,E,781,149,0.0277777777777777,0.0,0.0091743119266055,0.0091743119266055,0.0086455331412103,0.003030303030303,0.061713914459988
U_11252307,C_676646,2.0,辽宁对外经贸学院,2020-08-11 15:43:22,4,E,781,90,0.0416666666666666,0.0,0.0697247706422018,0.0697247706422018,0.0576368876080691,0.031060606060606,0.062725742293279
U_14654617,C_786631,2.0,北华航天工业学院,2020-05-07 20:09:46,0,A,186,154,0.0833333333333333,0.0,0.110091743119266,0.110091743119266,0.1671469740634005,0.053030303030303,0.0678772426364137
U_33344031,C_697076,1.0,辽宁对外经贸学院,2020-11-17 11:41:11,4,E,781,121,0.0277777777777777,0.0,0.1834862385321101,0.1834862385321101,0.2795389048991354,0.0871212121212121,0.0641392050557225
U_247691,C_735164,0.0,成都工业学院,2020-09-25 15:06:02,0,A,452,138,0.0833333333333333,0.0,0.0091743119266055,0.0128440366972477,0.0115273775216138,0.0045454545454545,0.0702253608881163
U_31030651,C_801420,0.0,辽宁对外经贸学院,2020-07-21 03:03:13,4,E,781,155,0.0277777777777777,0.0,0.0073394495412844,0.0073394495412844,0.0,0.0,0.061505960670715
U_9332506,C_1017355,2.0,广州中医药大学,2020-04-30 20:37:42,1,B,423,0,0.1527777777777777,0.0,0.0825688073394495,0.0825688073394495,0.0864553314121037,0.0295454545454545,0.1122333386918602
U_12685710,C_948387,0.0,深圳信息职业技术学院,2020-10-29 20:33:11,4,E,610,169,0.0138888888888888,0.0,0.073394495412844,0.073394495412844,0.1037463976945244,0.0272727272727272,0.0622285568792553
U_33220365,C_697076,1.0,辽宁对外经贸学院,2020-11-25 09:43:41,4,E,781,121,0.0416666666666666,0.0,0.0770642201834862,0.0770642201834862,0.0461095100864553,0.0257575757575757,0.062364152000836
U_30369508,C_1829948,0.0,辽宁对外经贸学院,2020-06-05 14:44:08,4,E,781,61,0.0277777777777777,0.0,0.0220183486238532,0.0220183486238532,0.0259365994236311,0.0068181818181818,0.0611203960910707
U_20942605,C_948120,0.0,中国农业大学,2020-10-08 17:51:16,3,D,67,167,0.125,0.0,0.0110091743119266,0.0110091743119266,0.0172910662824207,0.0045454545454545,0.1131784436665769
U_33200378,C_697076,2.0,辽宁对外经贸学院,2020-11-16 11:36:01,4,E,781,121,0.0277777777777777,0.0,0.0091743119266055,0.0091743119266055,0.0086455331412103,0.003030303030303,0.0603395504369485
U_32237154,C_697076,2.0,昆明理工大学,2020-09-08 19:24:19,0,A,476,121,0.1388888888888889,0.0,0.4899082568807339,0.4899082568807339,0.7492795389048991,0.253030303030303,0.0674741517187389
U_16294697,C_1750795,1.0,昆明理工大学,2020-06-19 17:23:53,0,A,476,18,0.0833333333333333,0.0,0.3357798165137615,0.3357798165137615,0.5273775216138328,0.2848484848484848,0.0706186065500679
U_14828257,C_676646,2.0,天津财经大学,2020-06-10 08:48:55,4,E,327,90,0.0416666666666666,0.0,0.018348623853211,0.018348623853211,0.0288184438040345,0.0075757575757575,0.061492970677877
U_5256535,C_674920,0.0,辽宁对外经贸学院,2020-06-12 17:38:31,4,E,781,87,0.0416666666666666,0.0,0.018348623853211,0.018348623853211,0.0144092219020172,0.0037878787878787,0.0610730814164329
U_33912838,C_735164,1.0,昆明理工大学,2020-11-25 16:47:06,0,A,476,138,0.1111111111111111,0.0,0.1504587155963302,0.1522935779816513,0.2363112391930835,0.1037878787878787,0.066176742136687
U_26635436,C_2141845,1.0,辽宁对外经贸学院,2020-09-14 22:11:48,4,E,781,86,0.0416666666666666,0.0,0.018348623853211,0.018348623853211,0.0230547550432276,0.006060606060606,0.0613269978910013
U_7374720,C_1824911,2.0,重庆三峡医药高等专科学校,2020-06-11 16:09:54,4,E,822,57,0.2638888888888889,0.0,0.0623853211009174,0.0623853211009174,0.0547550432276657,0.0143939393939393,0.0567914252639408
U_30326184,C_676635,2.0,昆明理工大学,2020-06-02 19:01:03,0,A,476,89,0.0972222222222222,0.0,0.036697247706422,0.036697247706422,0.0576368876080691,0.0151515151515151,0.0671726680000951
U_32594092,C_735164,2.0,昆明理工大学,2020-11-27 22:21:06,0,A,476,138,0.0972222222222222,0.0,0.1724770642201835,0.2568807339449541,0.1959654178674351,0.0583333333333333,0.0644527180128731
U_5581736,C_1824911,2.0,重庆三峡医药高等专科学校,2020-06-02 09:54:48,2,C,822,57,0.2361111111111111,0.0,0.0623853211009174,0.0623853211009174,0.0922190201729106,0.0242424242424242,0.0783104156298688
U_7997706,C_674920,0.0,北京第二外国语学院,2020-06-07 09:22:39,4,E,179,87,0.0416666666666666,0.0,0.055045871559633,0.055045871559633,0.0374639769452449,0.0098484848484848,0.0668508648225819
U_6241492,C_735115,0.0,广州体育学院,2020-05-11 12:49:30,0,A,425,136,0.25,0.0,0.5211009174311927,0.5211009174311927,0.7723342939481268,0.2681818181818182,0.071896682189291
U_20266297,C_948436,2.0,西安美术学院,2020-05-26 17:17:51,4,E,727,171,0.0416666666666666,0.0,0.0532110091743119,0.0532110091743119,0.0662824207492795,0.0113636363636363,0.0628431573676967
U_32887147,C_735164,1.0,昆明理工大学,2020-11-01 18:01:04,0,A,476,138,0.125,0.0,0.2844036697247706,0.2862385321100917,0.446685878962536,0.1628787878787878,0.0703246702004997
U_33555058,C_697076,2.0,辽宁对外经贸学院,2020-11-22 14:03:31,4,E,781,121,0.0416666666666666,0.0,0.1009174311926605,0.1009174311926605,0.100864553314121,0.028030303030303,0.0661531046087358
U_14460795,C_682392,0.0,陕西工业职业技术学院,2020-11-30 07:59:45,4,E,876,108,0.0555555555555555,0.0,0.1761467889908257,0.1761467889908257,0.2334293948126801,0.0795454545454545,0.0648877119171521
U_30298798,C_674920,1.0,辽宁对外经贸学院,2020-05-31 22:34:53,4,E,781,87,0.0555555555555555,0.0,0.2201834862385321,0.2201834862385321,0.132564841498559,0.0348484848484848,0.0679748731048885
U_29933065,C_1774987,1.0,辽宁对外经贸学院,2020-05-12 00:45:18,4,E,781,47,0.0138888888888888,0.0,0.0091743119266055,0.0091743119266055,0.0144092219020172,0.0075757575757575,0.0606056447202812
U_14513393,C_1750793,0.0,北京体育大学,2020-05-13 15:03:40,0,A,159,17,0.1111111111111111,0.0,0.2091743119266055,0.2678899082568807,0.2161383285302593,0.0818181818181818,0.0715601309375606
U_31096399,C_696596,1.0,辽宁对外经贸学院,2020-07-29 23:17:20,4,E,781,117,0.0416666666666666,0.0,0.110091743119266,0.110091743119266,0.0893371757925072,0.0287878787878787,0.0641931112974465
U_1817868,C_948387,1.0,宝安职校,2020-10-27 13:56:53,4,E,355,169,0.0416666666666666,0.0,0.0256880733944954,0.0256880733944954,0.0172910662824207,0.0045454545454545,0.0618541499259412
U_29407321,C_735283,1.0,辽宁对外经贸学院,2020-06-22 10:42:41,4,E,781,143,0.0277777777777777,0.0,0.0036697247706422,0.0036697247706422,0.0028818443804034,0.0007575757575757,0.0617598573359158
U_33459867,C_2027893,1.0,辽宁对外经贸学院,2020-09-23 10:45:13,4,E,781,84,0.0416666666666666,0.0,0.0110091743119266,0.0110091743119266,0.0144092219020172,0.0053030303030303,0.0613840934409175
U_4121764,C_1017355,1.0,广州中医药大学,2020-05-03 21:59:59,2,C,423,0,0.125,0.0,0.073394495412844,0.073394495412844,0.0576368876080691,0.0189393939393939,0.0752200898956499
U_32716509,C_735164,2.0,昆明理工大学,2020-10-21 13:52:47,0,A,476,138,0.125,0.0,0.2862385321100917,0.2862385321100917,0.4495677233429394,0.1636363636363636,0.0690676271573815
U_8454071,C_747056,2.0,宝鸡文理学院,2020-05-17 18:06:13,4,E,356,147,0.0416666666666666,0.0,0.0513761467889908,0.0513761467889908,0.0720461095100864,0.025,0.0618698438974638
U_30642584,C_674920,2.0,辽宁对外经贸学院,2020-06-22 10:19:40,4,E,781,87,0.0416666666666666,0.0,0.036697247706422,0.036697247706422,0.0432276657060518,0.0113636363636363,0.0614367615971633
U_19186988,C_801420,2.0,辽宁对外经贸学院,2020-07-20 22:09:27,4,E,781,155,0.0277777777777777,0.0,0.0110091743119266,0.0110091743119266,0.0057636887608069,0.0015151515151515,0.0615887786845278
U_30570720,C_1829948,0.0,辽宁对外经贸学院,2020-06-16 21:23:17,4,E,781,61,0.0416666666666666,0.0,0.0018348623853211,0.0018348623853211,0.0,0.0,0.0610791381305926
U_22943650,C_676646,2.0,天津财经大学,2020-06-10 08:31:14,4,E,327,90,0.0416666666666666,0.0,0.018348623853211,0.018348623853211,0.0288184438040345,0.0075757575757575,0.061492970677877
U_29773937,C_735115,0.0,辽宁对外经贸学院,2020-05-04 10:22:56,4,E,781,136,0.0555555555555555,0.0,0.0752293577981651,0.0752293577981651,0.0720461095100864,0.0325757575757575,0.0613943844074129
U_15582694,C_766175,1.0,辽宁对外经贸学院,2020-07-13 21:54:55,4,E,781,151,0.0416666666666666,0.0,0.0201834862385321,0.0201834862385321,0.0288184438040345,0.0075757575757575,0.0616594783176792
U_32719282,C_735164,1.0,昆明理工大学,2020-11-30 20:39:57,4,E,476,138,0.0416666666666666,0.0,0.055045871559633,0.073394495412844,0.0720461095100864,0.0325757575757575,0.0628374869362062
U_29691620,C_1776290,1.0,辽宁对外经贸学院,2020-04-27 19:46:45,4,E,781,48,0.0277777777777777,0.0,0.0091743119266055,0.0091743119266055,0.0115273775216138,0.006060606060606,0.0614973881668634
U_6117166,C_1017355,2.0,广州中医药大学,2020-05-01 19:00:41,0,A,423,0,0.1527777777777777,0.0,0.0807339449541284,0.0807339449541284,0.1095100864553314,0.0356060606060606,0.0682745888374693
U_26963019,C_735283,2.0,辽宁对外经贸学院,2020-02-24 14:14:06,4,E,781,143,0.0277777777777777,0.0,0.0862385321100917,0.0862385321100917,0.0374639769452449,0.0234848484848484,0.0643169743210351
U_33200403,C_697076,2.0,辽宁对外经贸学院,2020-11-24 15:34:38,4,E,781,121,0.0416666666666666,0.0,0.0091743119266055,0.0091743119266055,0.0028818443804034,0.0007575757575757,0.0606888688261308
U_30111759,C_1750793,2.0,昆明理工大学,2020-05-21 21:43:13,0,A,476,17,0.0833333333333333,0.0,0.036697247706422,0.036697247706422,0.0461095100864553,0.0242424242424242,0.0701261506225712
U_31417715,C_707013,0.0,辽宁对外经贸学院,2020-08-25 20:08:37,4,E,781,129,0.0277777777777777,0.0,0.0055045871559633,0.0055045871559633,0.0057636887608069,0.0015151515151515,0.0611214360828724
U_29275488,C_948488,0.0,华南理工大学,2020-04-09 23:52:12,3,D,211,172,0.1527777777777777,0.0,0.1779816513761468,0.2220183486238532,0.1095100864553314,0.1462121212121212,0.0838826174185212
U_30366065,C_1829948,2.0,辽宁对外经贸学院,2020-06-05 11:16:17,4,E,781,61,0.0416666666666666,0.0,0.0220183486238532,0.0220183486238532,0.0201729106628242,0.0053030303030303,0.063637562533977
U_11381986,C_676635,0.0,山东理工大学,2020-06-03 17:12:41,4,E,376,89,0.0416666666666666,0.0,0.0091743119266055,0.0091743119266055,0.0115273775216138,0.003030303030303,0.0613469013531501
U_16348052,C_735385,1.0,长江大学,2020-05-30 14:40:05,4,E,858,146,0.0416666666666666,0.0,0.018348623853211,0.018348623853211,0.0172910662824207,0.0045454545454545,0.0616197209168008
U_5797396,C_1824911,2.0,重庆三峡医药高等专科学校,2020-06-10 22:19:04,0,A,822,57,0.1111111111111111,0.0,0.2110091743119266,0.273394495412844,0.2046109510086455,0.0674242424242424,0.0733849797903833
U_12408331,C_735197,0.0,华南理工大学,2020-09-10 08:11:08,3,D,211,141,0.0277777777777777,0.0,0.0091743119266055,0.0091743119266055,0.0115273775216138,0.003030303030303,0.0759964932990761
U_22294955,C_676635,0.0,中国矿业大学,2020-04-29 18:21:10,4,E,83,89,0.0416666666666666,0.0,0.018348623853211,0.018348623853211,0.0115273775216138,0.003030303030303,0.0603362472248924
U_33268899,C_697076,1.0,辽宁对外经贸学院,2020-11-26 11:07:27,4,E,781,121,0.0694444444444444,0.0,0.3155963302752294,0.3155963302752294,0.2910662824207493,0.0931818181818181,0.069901398489529
U_11064811,C_676646,0.0,天津商业大学,2020-08-11 16:51:27,4,E,316,90,0.0277777777777777,0.0,0.0091743119266055,0.0091743119266055,0.0115273775216138,0.003030303030303,0.0620676552904987
U_23160598,C_707079,2.0,辽宁对外经贸学院,2020-05-12 10:03:45,4,E,781,132,0.0416666666666666,0.0,0.0788990825688073,0.0788990825688073,0.0922190201729106,0.0363636363636363,0.0630994212523319
U_33224796,C_697076,2.0,辽宁对外经贸学院,2020-10-11 12:51:09,0,A,781,121,0.0972222222222222,0.0,0.0642201834862385,0.0642201834862385,0.0893371757925072,0.0287878787878787,0.0678514557920722
U_30671563,C_696674,0.0,辽宁对外经贸学院,2020-06-24 10:24:14,4,E,781,118,0.0277777777777777,0.0,0.0073394495412844,0.0073394495412844,0.0,0.0,0.061555256282118
U_19328026,C_948113,1.0,西安思源学院,2020-05-11 08:21:25,0,A,721,166,0.0972222222222222,0.0,0.0110091743119266,0.0110091743119266,0.0115273775216138,0.003030303030303,0.0639733511250528
U_28414073,C_801420,0.0,辽宁对外经贸学院,2020-07-09 17:50:33,4,E,781,155,0.0277777777777777,0.0,0.0055045871559633,0.0055045871559633,0.0,0.0,0.0614305414557204
U_14735788,C_735197,0.0,辽宁对外经贸学院,2020-09-28 18:02:14,4,E,781,141,0.0416666666666666,0.0,0.0238532110091743,0.0238532110091743,0.0201729106628242,0.0053030303030303,0.0619904631370993
U_7996430,C_1017355,0.0,广州中医药大学,2020-03-07 22:10:23,3,D,423,0,0.0138888888888888,0.0,0.2201834862385321,0.2201834862385321,0.1037463976945244,0.1234848484848484,0.0942010198881402
U_24632984,C_676646,0.0,天津财经大学,2020-06-10 08:31:02,4,E,327,90,0.0416666666666666,0.0,0.0091743119266055,0.0091743119266055,0.0144092219020172,0.0037878787878787,0.061285928119516
U_32741877,C_735164,2.0,昆明理工大学,2020-10-20 13:42:21,0,A,476,138,0.1111111111111111,0.0,0.1761467889908257,0.2642201834862385,0.2334293948126801,0.0681818181818181,0.0624195786115274
U_7207375,C_1017355,1.0,广州中医药大学,2020-04-18 22:07:12,3,D,423,0,0.0138888888888888,0.0,0.1798165137614679,0.1944954128440367,0.1123919308357348,0.1348484848484848,0.0819690126939319
U_27707178,C_676635,1.0,辽宁对外经贸学院,2020-02-28 08:14:31,4,E,781,89,0.0416666666666666,0.0,0.0715596330275229,0.0715596330275229,0.0461095100864553,0.0295454545454545,0.0622156807902813
U_30200905,C_747056,0.0,辽宁对外经贸学院,2020-05-27 10:56:51,4,E,781,147,0.0416666666666666,0.0,0.0238532110091743,0.0238532110091743,0.0057636887608069,0.0015151515151515,0.062173868167509
U_21181191,C_696596,1.0,辽宁对外经贸学院,2020-05-07 19:15:20,4,E,781,117,0.0416666666666666,0.0,0.0220183486238532,0.0220183486238532,0.0201729106628242,0.006060606060606,0.0614106825646489
U_14334895,C_682392,0.0,辽宁对外经贸学院,2020-09-02 09:02:24,4,E,781,108,0.0416666666666666,0.0,0.0752293577981651,0.0752293577981651,0.0778097982708933,0.034090909090909,0.0612598540393435
U_33841930,C_735164,2.0,昆明理工大学,2020-11-02 09:18:00,0,A,476,138,0.0972222222222222,0.0,0.2036697247706422,0.2788990825688073,0.1959654178674351,0.0446969696969697,0.0672223845605607
U_10592877,C_1750793,2.0,北京体育大学,2020-04-08 17:41:01,0,A,159,17,0.1111111111111111,0.0,0.2018348623853211,0.2642201834862385,0.1902017291066282,0.0825757575757575,0.0735226350861998
U_32697062,C_1760297,1.0,辽宁对外经贸学院,2020-10-26 18:11:31,4,E,781,29,0.0416666666666666,0.0,0.0018348623853211,0.0018348623853211,0.0,0.0,0.0614135103518813
U_19951715,C_948113,2.0,西安思源学院,2020-02-29 11:53:13,4,E,721,166,0.0277777777777777,0.0,0.073394495412844,0.073394495412844,0.0518731988472622,0.0303030303030303,0.0617126862791935
U_28993639,C_948436,2.0,辽宁对外经贸学院,2020-05-18 09:25:59,4,E,781,171,0.0416666666666666,0.0,0.0532110091743119,0.0532110091743119,0.0489913544668587,0.0037878787878787,0.062820460784709
U_13650314,C_1829948,0.0,北方民族大学,2020-06-16 17:30:27,4,E,190,61,0.0555555555555555,0.0,0.0201834862385321,0.0201834862385321,0.0144092219020172,0.0037878787878787,0.0613318908048115
U_19161805,C_697076,0.0,辽宁对外经贸学院,2020-08-28 16:28:36,4,E,781,121,0.0138888888888888,0.0,0.0642201834862385,0.0642201834862385,0.0662824207492795,0.0204545454545454,0.0958225949147978
U_4661732,C_682392,1.0,陕西工业职业技术学院,2019-10-31 17:43:40,0,A,876,108,0.4305555555555555,0.0,0.1853211009174312,0.3174311926605505,0.2564841498559078,0.0696969696969697,0.0652461376631127
U_30349597,C_1829948,1.0,华南理工大学,2020-06-04 11:39:01,3,D,211,61,0.125,0.0,0.0495412844036697,0.0495412844036697,0.0662824207492795,0.0174242424242424,0.0594186575058657
U_17895424,C_786631,2.0,北华航天工业学院,2020-04-23 11:17:19,0,A,186,154,0.0694444444444444,0.0,0.1853211009174312,0.2642201834862385,0.2190201729106628,0.0787878787878787,0.0677692469163147
U_8049186,C_735197,1.0,湖北职业技术学院,2020-10-28 09:58:20,4,E,636,141,0.0416666666666666,0.0,0.036697247706422,0.036697247706422,0.031700288184438,0.0083333333333333,0.0621057387998105
U_33896329,C_697076,1.0,辽宁对外经贸学院,2020-10-04 22:03:41,2,C,781,121,0.1527777777777777,0.0,0.0018348623853211,0.0018348623853211,0.0,0.0,0.0732990962769263
U_16101579,C_786631,1.0,北华航天工业学院,2020-04-03 11:55:09,0,A,186,154,0.0416666666666666,0.0,0.1889908256880734,0.2587155963302752,0.2046109510086455,0.0704545454545454,0.0665808284750864
U_17911231,C_786631,2.0,北华航天工业学院,2020-04-23 12:40:15,0,A,186,154,0.0555555555555555,0.0,0.181651376146789,0.2605504587155963,0.2334293948126801,0.0863636363636363,0.0691248019447683
U_14749917,C_1918363,0.0,新乡医学院三全学院,2020-10-30 07:53:58,2,C,461,76,0.1388888888888889,0.0,0.2018348623853211,0.2018348623853211,0.1412103746397694,0.0568181818181818,0.0811073745338394
U_12286295,C_682392,2.0,陕西工业职业技术学院,2020-09-03 09:45:40,0,A,876,108,0.1111111111111111,0.0,0.1504587155963302,0.2403669724770642,0.1210374639769452,0.0287878787878787,0.0714112684919947
U_30012999,C_948136,2.0,辽宁对外经贸学院,2020-05-16 15:39:15,4,E,781,168,0.0416666666666666,0.0,0.0165137614678899,0.0165137614678899,0.0144092219020172,0.0037878787878787,0.0617173513852757
U_2104261,C_1828106,0.0,Huazhong University of Science and Technology,2020-08-31 15:43:38,4,E,16,59,0.0416666666666666,0.0,0.055045871559633,0.0623853211009174,0.0,0.0469696969696969,4.231257452782936e-05
U_30350118,C_1829948,1.0,昆明理工大学,2020-06-04 12:03:08,0,A,476,61,0.1666666666666666,0.0,0.1302752293577981,0.2587155963302752,0.1642651296829971,0.0719696969696969,0.0619123102293686
U_25727336,C_735197,0.0,华南理工大学,2020-12-03 10:51:28,3,D,211,141,0.1805555555555555,0.0,0.3376146788990826,0.3376146788990826,0.5302593659942363,0.1515151515151515,0.0865607844970224
U_10910514,C_676646,2.0,天津商业大学,2020-08-11 07:59:15,4,E,316,90,0.0416666666666666,0.0,0.0660550458715596,0.0660550458715596,0.0547550432276657,0.0325757575757575,0.0631691403217846
U_30020023,C_735283,1.0,辽宁对外经贸学院,2020-05-21 08:31:08,4,E,781,143,0.0416666666666666,0.0,0.0201834862385321,0.0201834862385321,0.0201729106628242,0.0053030303030303,0.0622345739746798
U_30386584,C_735115,0.0,中国医科大学,2020-06-06 20:32:33,2,C,69,136,0.2083333333333333,0.0,0.4660550458715596,0.4660550458715596,0.2132564841498559,0.056060606060606,0.0746169342693697
U_16630681,C_1944729,1.0,辽宁对外经贸学院,2020-08-30 15:20:14,4,E,781,79,0.0416666666666666,0.0,0.0018348623853211,0.0018348623853211,0.0,0.0,0.0612856656453946
U_2359989,C_735164,1.0,扬州大学,2020-09-15 15:30:20,4,E,454,138,0.0416666666666666,0.0,0.0715596330275229,0.0715596330275229,0.0518731988472622,0.0303030303030303,0.0507770127322383
U_12605050,C_682392,2.0,昆明理工大学,2020-09-04 10:46:28,0,A,476,108,0.1111111111111111,0.0,0.1504587155963302,0.2990825688073394,0.2363112391930835,0.0537878787878787,0.0570893977721681
U_13535264,C_948120,2.0,中国农业大学,2020-09-26 19:06:20,0,A,67,167,0.0138888888888888,0.0,0.0752293577981651,0.0752293577981651,0.1123919308357348,0.031060606060606,0.0972708389429549
U_30459572,C_1829948,0.0,中国医科大学,2020-06-11 18:59:25,2,C,69,61,0.5138888888888888,0.0,0.4770642201834862,0.4770642201834862,0.3515850144092218,0.0924242424242424,0.0796978290738493
U_1112202,C_735164,0.0,攀枝花学院,2020-12-06 16:08:54,4,E,457,138,0.0555555555555555,0.0,0.0990825688073394,0.0990825688073394,0.1556195965417867,0.0628787878787878,0.0624735294243287
U_27945278,C_1731884,0.0,辽宁对外经贸学院,2020-07-13 00:17:00,4,E,781,11,0.0416666666666666,0.0,0.0091743119266055,0.0091743119266055,0.0115273775216138,0.003030303030303,0.0613103035464123
U_4518190,C_735197,1.0,华南理工大学,2020-10-20 15:23:39,4,E,211,141,0.0416666666666666,0.0,0.0678899082568807,0.0678899082568807,0.0374639769452449,0.0272727272727272,0.0572527656271975
U_32886973,C_735164,1.0,昆明理工大学,2020-09-16 11:00:34,0,A,476,138,0.0138888888888888,0.0,0.1834862385321101,0.2568807339449541,0.2219020172910662,0.0575757575757575,0.0592414509366465
U_14383966,C_697076,0.0,第三十五中学,2020-11-16 18:04:55,4,E,683,121,0.0277777777777777,0.0,0.1834862385321101,0.1834862385321101,0.1613832853025936,0.0477272727272727,0.064141626750918
U_18390289,C_735385,1.0,辽宁对外经贸学院,2020-07-22 21:09:49,4,E,781,146,0.0416666666666666,0.0,0.0165137614678899,0.0165137614678899,0.0144092219020172,0.0037878787878787,0.0616230241288569
U_31066666,C_682392,0.0,华南理工大学,2020-09-15 21:15:19,3,D,211,108,0.1111111111111111,0.0,0.0880733944954128,0.2660550458715596,0.1383285302593659,0.1401515151515151,0.0308477901296303
U_6758155,C_1824911,2.0,重庆市万州区三峡医药高等专科学校,2020-06-02 09:51:30,4,E,839,57,0.0416666666666666,0.0,0.0623853211009174,0.0623853211009174,0.0979827089337175,0.0257575757575757,0.0631602558203925
U_6102547,C_1017355,0.0,广州中医药大学,2020-05-09 15:31:58,1,B,423,0,0.125,0.0,0.055045871559633,0.055045871559633,0.063400576368876,0.0189393939393939,0.1111309969054234
U_1032489,C_735164,2.0,昆明理工大学,2020-11-28 11:51:50,0,A,476,138,0.0972222222222222,0.0,0.0330275229357798,0.0422018348623853,0.0518731988472622,0.0242424242424242,0.0668020396836607
U_21263766,C_676635,2.0,广州中医药大学,2020-04-28 16:14:43,1,B,423,89,0.2222222222222222,0.0,0.0458715596330275,0.0458715596330275,0.0374639769452449,0.0098484848484848,0.1160737312752113
U_6758280,C_1824911,2.0,重庆三峡医药高等专科学校,2020-06-04 11:30:31,2,C,822,57,0.0972222222222222,0.0,0.163302752293578,0.163302752293578,0.1844380403458213,0.0606060606060606,0.0824545056286988
U_30077840,C_756642,1.0,辽宁对外经贸学院,2020-05-19 21:06:13,4,E,781,149,0.0277777777777777,0.0,0.0091743119266055,0.0091743119266055,0.0086455331412103,0.0022727272727272,0.0617174950031911
U_16102855,C_786631,0.0,北华航天工业学院,2020-03-31 19:42:50,0,A,186,154,0.0138888888888888,0.0,0.1963302752293578,0.2623853211009174,0.201729106628242,0.0712121212121212,0.0701996730906131
U_32099291,C_1992917,2.0,辽宁对外经贸学院,2020-09-07 09:45:12,4,E,781,80,0.0416666666666666,0.0,0.0788990825688073,0.0788990825688073,0.0518731988472622,0.031060606060606,0.0618389908073452
U_33748976,C_697076,0.0,辽宁对外经贸学院,2020-11-16 18:13:19,4,E,781,121,0.0416666666666666,0.0,0.0844036697247706,0.0844036697247706,0.0778097982708933,0.0333333333333333,0.0621798456441981
U_22144618,C_948113,2.0,西安思源学院,2020-02-21 08:39:08,4,E,721,166,0.0416666666666666,0.0,0.0807339449541284,0.0807339449541284,0.0547550432276657,0.0303030303030303,0.0615672904729668
U_29349229,C_948436,2.0,辽宁对外经贸学院,2020-04-13 21:03:26,4,E,781,171,0.0416666666666666,0.0,0.0697247706422018,0.0697247706422018,0.0489913544668587,0.0333333333333333,0.0624749507464578
U_31632924,C_1992917,2.0,辽宁对外经贸学院,2020-08-29 08:47:39,4,E,781,80,0.0277777777777777,0.0,0.091743119266055,0.091743119266055,0.0576368876080691,0.0227272727272727,0.0650339248597945
U_33200374,C_697076,2.0,辽宁对外经贸学院,2020-11-22 11:59:09,4,E,781,121,0.0416666666666666,0.0,0.036697247706422,0.036697247706422,0.031700288184438,0.0098484848484848,0.0607898074590036
U_29708709,C_747056,0.0,辽宁对外经贸学院,2020-04-28 16:18:05,4,E,781,147,0.0416666666666666,0.0,0.0825688073394495,0.0825688073394495,0.0576368876080691,0.0378787878787878,0.0636332787582222
U_30421784,C_674920,0.0,辽宁对外经贸学院,2020-06-09 16:31:05,4,E,781,87,0.0416666666666666,0.0,0.110091743119266,0.110091743119266,0.0576368876080691,0.0151515151515151,0.0643339410444294
U_14532690,C_1017355,0.0,广州中医药大学,2020-04-28 10:27:54,0,A,423,0,0.1111111111111111,0.0,0.0825688073394495,0.0825688073394495,0.1123919308357348,0.0386363636363636,0.0679083532483117
U_16726500,C_707103,0.0,中国消防救援学院,2020-11-13 15:58:15,4,E,75,133,0.0416666666666666,0.0,0.0348623853211009,0.0348623853211009,0.0115273775216138,0.003030303030303,0.0622365103403678
U_30200786,C_747056,0.0,辽宁对外经贸学院,2020-05-27 10:50:47,4,E,781,147,0.0416666666666666,0.0,0.0330275229357798,0.0330275229357798,0.031700288184438,0.0113636363636363,0.0622305477207044
U_33268527,C_697076,2.0,辽宁对外经贸学院,2020-11-16 17:05:51,4,E,781,121,0.0416666666666666,0.0,0.036697247706422,0.036697247706422,0.031700288184438,0.0083333333333333,0.0602085907073985
U_30185851,C_1714448,1.0,辽宁对外经贸学院,2020-05-26 14:56:44,4,E,781,8,0.0416666666666666,0.0,0.1045871559633027,0.1045871559633027,0.0432276657060518,0.0113636363636363,0.0655204875004146
U_14946421,C_674920,1.0,西昌民族幼儿师范高等专科学校,2020-07-14 19:32:14,4,E,751,87,0.0694444444444444,0.0,0.2201834862385321,0.2201834862385321,0.3458213256484149,0.0931818181818181,0.0637527391498499
U_30780915,C_674920,1.0,辽宁对外经贸学院,2020-06-30 17:33:25,4,E,781,87,0.0416666666666666,0.0,0.018348623853211,0.018348623853211,0.0201729106628242,0.0053030303030303,0.0608678464628702
U_2746049,C_1829948,0.0,四川师范大学,2020-08-17 11:57:22,4,E,287,61,0.0416666666666666,0.0,0.0532110091743119,0.0532110091743119,0.0432276657060518,0.0287878787878787,0.0026387660114628
U_11946027,C_948387,2.0,深圳信息职业技术学院,2020-10-27 13:50:18,4,E,610,169,0.0416666666666666,0.0,0.073394495412844,0.073394495412844,0.0576368876080691,0.0151515151515151,0.063387320697108
U_23132684,C_823315,1.0,西安石油大学,2020-04-28 10:48:31,4,E,725,158,0.0416666666666666,0.0,0.073394495412844,0.073394495412844,0.063400576368876,0.0318181818181818,0.0627649450318631
U_30600145,C_1829948,1.0,辽宁对外经贸学院,2020-06-18 14:38:04,4,E,781,61,0.0138888888888888,0.0,0.0073394495412844,0.0073394495412844,0.0057636887608069,0.0015151515151515,0.0606228144896939
U_30111696,C_735283,2.0,辽宁对外经贸学院,2020-05-21 21:43:06,4,E,781,143,0.0416666666666666,0.0,0.073394495412844,0.073394495412844,0.0806916426512968,0.0212121212121212,0.0637075193158414
U_29405145,C_735283,1.0,辽宁对外经贸学院,2020-07-05 15:47:38,4,E,781,143,0.0277777777777777,0.0,0.0018348623853211,0.0018348623853211,0.0,0.0,0.0617184508051804
U_22724225,C_801420,2.0,南京邮电大学,2020-09-08 13:48:00,4,E,228,155,0.0277777777777777,0.0,0.0036697247706422,0.0036697247706422,0.0,0.0,0.0608595116714305
U_4882774,C_735164,0.0,保山学院,2020-12-03 22:40:03,3,D,127,138,0.1944444444444444,0.0,0.2862385321100917,0.4807339449541284,0.1412103746397694,0.0477272727272727,0.0883504519128944
U_24438397,C_948120,2.0,昆明理工大学,2020-10-06 19:00:11,0,A,476,167,0.0138888888888888,0.0,0.0477064220183486,0.0477064220183486,0.063400576368876,0.0166666666666666,0.0129091818286725
U_33988869,C_1912004,2.0,辽宁对外经贸学院,2020-09-28 23:57:31,4,E,781,74,0.0555555555555555,0.0,0.0256880733944954,0.0256880733944954,0.0288184438040345,0.0075757575757575,0.1029484171250528
U_5152307,C_735197,0.0,华南理工大学,2020-09-15 21:50:04,3,D,211,141,0.1388888888888889,0.0,0.0055045871559633,0.0055045871559633,0.0086455331412103,0.0022727272727272,0.0395776435742585
U_31555790,C_1992917,2.0,辽宁对外经贸学院,2020-08-28 18:31:42,4,E,781,80,0.0416666666666666,0.0,0.0697247706422018,0.0697247706422018,0.0374639769452449,0.0462121212121212,0.0613416865371156
U_32754073,C_735164,1.0,昆明理工大学,2020-11-15 14:28:57,0,A,476,138,0.1111111111111111,0.0,0.1889908256880734,0.2660550458715596,0.1844380403458213,0.0484848484848484,0.0708247230204911
U_30691421,C_735115,2.0,中国医科大学,2020-06-26 18:50:46,2,C,69,136,0.1805555555555555,0.0,0.1743119266055046,0.1743119266055046,0.2046109510086455,0.0666666666666666,0.0626662002864578
U_33344041,C_697076,1.0,辽宁对外经贸学院,2020-11-16 18:33:58,4,E,781,121,0.0277777777777777,0.0,0.0990825688073394,0.0990825688073394,0.031700288184438,0.0303030303030303,0.060651359788481
U_29696109,C_674920,1.0,辽宁对外经贸学院,2020-04-27 23:47:56,4,E,781,87,0.0416666666666666,0.0,0.1082568807339449,0.1082568807339449,0.1296829971181556,0.034090909090909,0.0634082146276394
U_30956449,C_697076,2.0,辽宁对外经贸学院,2020-07-14 22:50:06,4,E,781,121,0.0416666666666666,0.0,0.0844036697247706,0.0844036697247706,0.0662824207492795,0.0348484848484848,0.0617676176556936
U_19899462,C_948395,1.0,西安美术学院,2020-05-25 14:46:18,0,A,727,170,0.1388888888888889,0.0,0.110091743119266,0.110091743119266,0.1585014409221901,0.0893939393939394,0.0685091812738928
U_18187579,C_735164,1.0,昆明理工大学,2020-11-19 21:04:19,0,A,476,138,0.0972222222222222,0.0,0.1743119266055046,0.2568807339449541,0.1930835734870317,0.0568181818181818,0.064387416432407
U_32751025,C_735164,0.0,昆明理工大学,2020-10-06 20:55:07,0,A,476,138,0.0833333333333333,0.0,0.0330275229357798,0.0422018348623853,0.0432276657060518,0.0196969696969696,0.019521483248067
U_28789759,C_674920,1.0,辽宁对外经贸学院,2020-06-16 20:26:47,4,E,781,87,0.0416666666666666,0.0,0.018348623853211,0.018348623853211,0.0201729106628242,0.0053030303030303,0.0610050560479146
U_31252161,C_1844112,0.0,昆明理工大学,2020-08-19 08:08:42,0,A,476,63,0.1527777777777777,0.2,0.3669724770642202,0.4403669724770642,0.5360230547550432,0.5545454545454546,0.0649247990152709
U_13459025,C_1750793,1.0,北京体育大学,2020-06-07 23:49:27,4,E,159,17,0.0416666666666666,0.0,0.0073394495412844,0.0073394495412844,0.0086455331412103,0.0045454545454545,0.0614213201950782
U_30570327,C_1829948,2.0,辽宁对外经贸学院,2020-06-16 20:58:38,4,E,781,61,0.0555555555555555,0.0,0.0990825688073394,0.0990825688073394,0.0893371757925072,0.0234848484848484,0.0638044069330293
U_12182181,C_948488,0.0,合肥工业大学,2020-03-06 14:32:28,0,A,248,172,0.0277777777777777,0.0,0.2055045871559633,0.2752293577981651,0.2103746397694524,0.0553030303030303,0.0713086609198973
U_15376592,C_677087,1.0,昆明理工大学,2020-09-19 05:00:44,0,A,476,92,0.1111111111111111,0.0,0.2513761467889908,0.2513761467889908,0.3112391930835734,0.0818181818181818,0.0628187867830903
U_30144949,C_676646,1.0,辽宁对外经贸学院,2020-08-19 06:56:53,4,E,781,90,0.0277777777777777,0.0,0.018348623853211,0.018348623853211,0.0115273775216138,0.003030303030303,0.0616408971308212
U_5635840,C_1824911,2.0,重庆三峡医药高等专科学校,2020-06-10 18:10:38,4,E,822,57,0.0416666666666666,0.0,0.0385321100917431,0.0385321100917431,0.0605187319884726,0.0393939393939393,0.0583410080962077
U_4297382,C_680979,0.0,兰州大学,2020-07-09 19:45:14,4,E,136,100,0.0416666666666666,0.0,0.0073394495412844,0.0073394495412844,0.0057636887608069,0.0015151515151515,0.0613420133916819
U_3463431,C_735197,1.0,华南理工大学,2020-09-16 21:55:00,4,E,211,141,0.0555555555555555,0.0,0.0458715596330275,0.0458715596330275,0.0518731988472622,0.0189393939393939,0.0468073239219909
U_30280970,C_1864065,1.0,辽宁对外经贸学院,2020-07-25 06:36:46,4,E,781,67,0.0555555555555555,0.0,0.1321100917431192,0.1321100917431192,0.1469740634005763,0.075,0.0648214000589357
U_30326191,C_676635,1.0,辽宁对外经贸学院,2020-06-02 18:49:41,4,E,781,89,0.0416666666666666,0.0,0.0458715596330275,0.0458715596330275,0.0691642651296829,0.0181818181818181,0.0615622985123184
U_30318202,C_676635,2.0,辽宁对外经贸学院,2020-06-02 10:21:29,4,E,781,89,0.0416666666666666,0.0,0.018348623853211,0.018348623853211,0.0288184438040345,0.0075757575757575,0.0612725815580602
U_29653310,C_680821,2.0,辽宁对外经贸学院,2020-04-27 14:49:27,4,E,781,97,0.0416666666666666,0.0,0.0036697247706422,0.0036697247706422,0.0057636887608069,0.0022727272727272,0.0612396682937057
U_21347096,C_801420,0.0,南邮通达,2020-09-04 09:28:27,4,E,238,155,0.0277777777777777,0.0,0.0036697247706422,0.0036697247706422,0.0028818443804034,0.0007575757575757,0.0612641724814918
U_16368496,C_1767581,2.0,辽宁对外经贸学院,2020-04-30 09:40:36,4,E,781,35,0.0416666666666666,0.0,0.0073394495412844,0.0073394495412844,0.0086455331412103,0.0022727272727272,0.0613417855839539
U_13535213,C_948120,0.0,昆明理工大学,2020-10-10 08:29:43,0,A,476,167,0.0833333333333333,0.0,0.1541284403669724,0.1541284403669724,0.2420749279538904,0.0742424242424242,0.0737473476005067
U_13537854,C_948120,2.0,中国农业大学,2020-09-23 15:20:15,4,E,67,167,0.0416666666666666,0.0,0.0477064220183486,0.0477064220183486,0.0605187319884726,0.0159090909090909,0.0582120441604486
U_5503171,C_1017355,1.0,广州中医药大学,2020-05-08 20:11:39,4,E,423,0,0.1944444444444444,0.0,0.0275229357798165,0.0275229357798165,0.0115273775216138,0.0045454545454545,0.0630498334527561
U_4145760,C_1907852,1.0,中国地质大学(北京),2020-09-06 09:08:43,4,E,70,71,0.0416666666666666,0.0,0.0110091743119266,0.0110091743119266,0.0115273775216138,0.0053030303030303,0.0613964445816487
U_5264460,C_1750793,2.0,北京体育大学,2020-06-04 09:13:28,0,A,159,17,0.0972222222222222,0.0,0.036697247706422,0.036697247706422,0.0518731988472622,0.0272727272727272,0.0701273094705789
U_11847329,C_735385,1.0,宁夏大学,2020-03-03 00:51:53,4,E,334,146,0.0138888888888888,0.0,0.0642201834862385,0.0642201834862385,0.0432276657060518,0.028030303030303,0.06176463139352
U_22339693,C_1829948,0.0,北方民族大学,2020-06-16 16:34:09,4,E,190,61,0.0277777777777777,0.0,0.0220183486238532,0.0220183486238532,0.0259365994236311,0.0068181818181818,0.0610066556543525
U_30688373,C_948109,1.0,昆明理工大学,2020-08-26 22:08:53,0,A,476,165,0.3611111111111111,0.2,0.5522935779816514,0.5522935779816514,0.8587896253602305,1.0,0.0963783170102343
U_6159392,C_735197,2.0,华南理工大学,2020-10-04 22:26:32,3,D,211,141,0.1666666666666666,0.0,0.2275229357798165,0.2495412844036697,0.0835734870317002,0.1666666666666666,0.0833633445595651
U_29573329,C_1755909,1.0,辽宁对外经贸学院,2020-04-29 06:26:08,4,E,781,21,0.0416666666666666,0.0,0.0110091743119266,0.0110091743119266,0.0086455331412103,0.0022727272727272,0.0581229069583548
U_24139066,C_749807,2.0,湖北文理学院理工学院,2020-03-18 10:26:11,4,E,626,148,0.0138888888888888,0.0,0.0697247706422018,0.0697247706422018,0.0518731988472622,0.0878787878787878,0.0795245218686004
U_18145537,C_948488,1.0,合肥工业大学,2020-03-06 10:30:53,2,C,248,172,0.0138888888888888,0.0,0.1889908256880734,0.1889908256880734,0.1642651296829971,0.0537878787878787,0.0723462260741107
U_14919942,C_949439,1.0,辽宁对外经贸学院,2020-05-08 01:01:45,4,E,781,173,0.0416666666666666,0.0,0.0275229357798165,0.0275229357798165,0.0345821325648414,0.009090909090909,0.0617348430569127
U_30617244,C_1760297,0.0,辽宁对外经贸学院,2020-08-03 10:24:51,4,E,781,29,0.0416666666666666,0.0,0.0220183486238532,0.0220183486238532,0.0201729106628242,0.0083333333333333,0.0619907404682464
U_24523900,C_1017355,1.0,昆明理工大学,2020-05-07 09:16:05,0,A,476,0,0.0972222222222222,0.0,0.0825688073394495,0.0825688073394495,0.1123919308357348,0.0378787878787878,0.0681595360301442
U_12923374,C_1829948,0.0,北方民族大学,2020-06-17 10:46:02,4,E,190,61,0.0277777777777777,0.0,0.0073394495412844,0.0073394495412844,0.0057636887608069,0.0015151515151515,0.0606413758671842
U_26969508,C_735115,2.0,昆明理工大学,2020-02-24 12:25:14,0,A,476,136,0.0138888888888888,0.0,0.1192660550458715,0.3211009174311927,0.1873198847262247,0.0568181818181818,0.0626720291928896
U_31060139,C_735115,2.0,昆明理工大学,2020-07-25 13:39:26,0,A,476,136,0.1388888888888889,0.0,0.5211009174311927,0.5211009174311927,0.7809798270893371,0.2674242424242424,0.071667245140799
U_1281424,C_735197,0.0,华南理工大学,2020-09-24 23:25:07,4,E,211,141,0.0416666666666666,0.0,0.0880733944954128,0.0880733944954128,0.0461095100864553,0.034090909090909,0.0622785061997909
U_23131624,C_823315,2.0,西安石油大学,2020-05-15 11:49:08,4,E,725,158,0.0277777777777777,0.0,0.0348623853211009,0.0348623853211009,0.0461095100864553,0.0143939393939393,0.0614352461805379
U_30640787,C_948436,0.0,辽宁对外经贸学院,2020-06-22 02:14:24,4,E,781,171,0.0416666666666666,0.0,0.0477064220183486,0.0477064220183486,0.0461095100864553,0.0037878787878787,0.0626246303284393
U_13411675,C_1017355,0.0,广州中医药大学,2020-04-30 20:24:05,0,A,423,0,0.0694444444444444,0.0,0.0825688073394495,0.0825688073394495,0.1066282420749279,0.0333333333333333,0.0675973709378787
U_31129283,C_682392,0.0,中国医科大学,2020-08-09 10:29:46,2,C,69,108,0.1111111111111111,0.0,0.4495412844036697,0.4495412844036697,0.3515850144092218,0.1196969696969696,0.0722075060247829
U_13811553,C_682392,0.0,昆明理工大学,2020-08-01 13:03:44,0,A,476,108,0.0972222222222222,0.0,0.128440366972477,0.2568807339449541,0.1383285302593659,0.0257575757575757,0.0629006639619916
U_29510914,C_696596,2.0,辽宁对外经贸学院,2020-05-12 20:48:20,4,E,781,117,0.0416666666666666,0.0,0.0220183486238532,0.0220183486238532,0.0259365994236311,0.0098484848484848,0.0623892158032582
U_9397259,C_1786221,2.0,辽宁对外经贸学院,2020-05-08 08:50:05,4,E,781,51,0.0416666666666666,0.0,0.0018348623853211,0.0018348623853211,0.0028818443804034,0.0015151515151515,0.0597061112398697
U_34269055,C_697076,2.0,辽宁对外经贸学院,2020-11-17 16:08:44,0,A,781,121,0.0833333333333333,0.0,0.036697247706422,0.036697247706422,0.0489913544668587,0.0143939393939393,0.0721017685725963
U_16070419,C_674920,1.0,工人,2020-06-17 17:49:34,4,E,391,87,0.0416666666666666,0.0,0.018348623853211,0.018348623853211,0.0230547550432276,0.006060606060606,0.0631315074755869
U_12182351,C_948488,1.0,合肥工业大学,2020-03-06 14:36:59,2,C,248,172,0.0416666666666666,0.0,0.2073394495412844,0.2073394495412844,0.1556195965417867,0.0553030303030303,0.0772571515517908
U_33375589,C_2059281,2.0,辽宁对外经贸学院,2020-09-22 14:45:14,4,E,781,85,0.0416666666666666,0.0,0.0091743119266055,0.0091743119266055,0.0057636887608069,0.0037878787878787,0.0618641387995799
U_31060153,C_735115,2.0,华南理工大学,2020-07-25 13:52:29,3,D,211,136,0.2083333333333333,0.0,0.5211009174311927,0.5211009174311927,0.2507204610951008,0.0727272727272727,0.0833544402488053
U_966323,C_735164,0.0,昆明理工大学,2020-09-15 11:00:22,0,A,476,138,0.1111111111111111,0.0,0.1871559633027523,0.2697247706422018,0.2305475504322766,0.0674242424242424,0.0656403242700277
U_30256781,C_766175,2.0,昆明理工大学,2020-05-28 16:02:43,0,A,476,151,0.1111111111111111,0.0,0.1834862385321101,0.1834862385321101,0.2651296829971181,0.0712121212121212,0.0674652771220306
U_29661808,C_1774975,2.0,广州中医药大学,2020-04-27 18:00:36,1,B,423,44,0.25,0.0,0.0275229357798165,0.0348623853211009,0.0432276657060518,0.0757575757575757,0.1144180346127724
U_31203124,C_682556,2.0,辽宁对外经贸学院,2020-08-27 09:31:04,4,E,781,112,0.0694444444444444,0.0,0.3100917431192661,0.3100917431192661,0.4265129682997118,0.128030303030303,0.0687565606571359
U_28928070,C_1714448,0.0,昆明理工大学,2020-05-01 09:24:19,0,A,476,8,0.0277777777777777,0.0,0.036697247706422,0.036697247706422,0.0144092219020172,0.0037878787878787,0.0665313793410841
U_11323990,C_1824926,0.0,武汉职业技术学院,2020-07-07 19:41:42,0,A,511,58,0.1111111111111111,0.0,0.1706422018348624,0.2660550458715596,0.2219020172910662,0.0568181818181818,0.0652448451018734
U_33554478,C_697076,0.0,辽宁对外经贸学院,2020-12-01 13:54:08,4,E,781,121,0.0416666666666666,0.0,0.0715596330275229,0.0715596330275229,0.0230547550432276,0.0196969696969696,0.0639450088722841
U_12667476,C_948387,0.0,深圳信息职业技术学院,2020-09-01 11:18:21,0,A,610,169,0.125,0.0,0.1541284403669724,0.255045871559633,0.1527377521613832,0.0848484848484848,0.1621879447628572
U_6103664,C_681411,0.0,大连海事大学,2020-04-24 21:10:41,4,E,308,103,0.0694444444444444,0.0,0.1504587155963302,0.1504587155963302,0.2305475504322766,0.0628787878787878,0.0629209784685191
U_15005363,C_1786221,0.0,辽宁对外经贸学院,2020-10-23 03:18:39,4,E,781,51,0.0277777777777777,0.0,0.0073394495412844,0.0073394495412844,0.0057636887608069,0.003030303030303,0.0609587516510271
U_30975338,C_674920,1.0,辽宁对外经贸学院,2020-07-16 17:35:32,4,E,781,87,0.0416666666666666,0.0,0.0220183486238532,0.0220183486238532,0.0201729106628242,0.0053030303030303,0.0611558994302457
U_13650626,C_1829948,0.0,北方民族大学,2020-06-11 18:08:00,4,E,190,61,0.0138888888888888,0.0,0.0220183486238532,0.0220183486238532,0.0259365994236311,0.0068181818181818,0.060874358792486
U_30349908,C_674920,2.0,辽宁对外经贸学院,2020-06-04 12:25:33,4,E,781,87,0.0833333333333333,0.0,0.091743119266055,0.091743119266055,0.1412103746397694,0.0378787878787878,0.0643472876058851
U_30584761,C_1829948,0.0,辽宁对外经贸学院,2020-06-17 16:34:31,4,E,781,61,0.0416666666666666,0.0,0.0073394495412844,0.0073394495412844,0.0086455331412103,0.0022727272727272,0.0612033626751408
U_29824404,C_756642,2.0,辽宁对外经贸学院,2020-05-08 07:25:57,4,E,781,149,0.0416666666666666,0.0,0.0660550458715596,0.0660550458715596,0.0547550432276657,0.0318181818181818,0.0617743875070888
U_6758148,C_1824911,0.0,重庆三峡医药高等专科学校,2020-06-10 18:37:05,4,E,822,57,0.1805555555555555,0.0,0.0788990825688073,0.0788990825688073,0.0489913544668587,0.0295454545454545,0.0648829527165736
U_28756480,C_749807,0.0,辽宁对外经贸学院,2020-03-17 13:54:00,4,E,781,148,0.0138888888888888,0.0,0.0678899082568807,0.0678899082568807,0.0432276657060518,0.0287878787878787,0.0618879100407628
U_28182919,C_697076,2.0,昆明理工大学,2020-10-21 18:53:21,0,A,476,121,0.0972222222222222,0.0,0.0275229357798165,0.0275229357798165,0.0403458213256484,0.0121212121212121,0.0570928396497978
U_2408475,C_1918363,0.0,信阳职业技术学院,2020-11-14 18:00:04,0,A,130,76,0.0972222222222222,0.0,0.0605504587155963,0.0605504587155963,0.0778097982708933,0.0522727272727272,0.0706759546694216
U_29841643,C_747056,1.0,辽宁对外经贸学院,2020-05-08 12:14:28,4,E,781,147,0.0416666666666666,0.0,0.0330275229357798,0.0330275229357798,0.0259365994236311,0.0075757575757575,0.0618300320208244
U_30593640,C_1829948,2.0,广州中医药大学,2020-06-18 08:58:43,1,B,423,61,0.1805555555555555,0.0,0.4715596330275229,0.4715596330275229,0.4178674351585014,0.1098484848484848,0.1014955223856208
U_5798950,C_1824911,2.0,重庆三峡医药高等专科学校,2020-06-10 18:01:18,4,E,822,57,0.0416666666666666,0.0,0.0770642201834862,0.0770642201834862,0.063400576368876,0.0287878787878787,0.0637455186353406
U_16072069,C_676646,1.0,辽宁对外经贸学院,2020-06-30 23:58:39,4,E,781,90,0.0277777777777777,0.0,0.0091743119266055,0.0091743119266055,0.0115273775216138,0.003030303030303,0.0612637961035064
U_33246427,C_697076,2.0,辽宁对外经贸学院,2020-11-17 22:19:51,4,E,781,121,0.0555555555555555,0.0,0.091743119266055,0.091743119266055,0.0691642651296829,0.0196969696969696,0.0637306566572594
U_30626356,C_681031,1.0,辽宁对外经贸学院,2020-06-20 12:51:57,4,E,781,101,0.0277777777777777,0.0,0.0055045871559633,0.0055045871559633,0.0028818443804034,0.0007575757575757,0.0613360359149927
U_31068267,C_682392,0.0,昆明理工大学,2020-07-31 07:04:28,0,A,476,108,0.0833333333333333,0.0,0.1211009174311926,0.2770642201834862,0.1902017291066282,0.0393939393939393,0.0513098909510334
U_28577845,C_747056,1.0,辽宁对外经贸学院,2020-04-16 11:31:37,4,E,781,147,0.0416666666666666,0.0,0.073394495412844,0.073394495412844,0.063400576368876,0.0356060606060606,0.0624471631559834
U_31194784,C_801420,1.0,辽宁对外经贸学院,2020-08-14 00:04:08,4,E,781,155,0.0277777777777777,0.0,0.0018348623853211,0.0018348623853211,0.0,0.0,0.0612796980733893
U_30593588,C_1829948,2.0,辽宁对外经贸学院,2020-06-18 08:56:26,4,E,781,61,0.0555555555555555,0.0,0.1541284403669724,0.1541284403669724,0.239193083573487,0.0628787878787878,0.0645160485612578
U_27759478,C_1724288,1.0,辽宁对外经贸学院,2020-06-19 14:36:18,4,E,781,9,0.0416666666666666,0.0,0.0275229357798165,0.0275229357798165,0.0172910662824207,0.0053030303030303,0.0620283683621021
U_33221505,C_697076,1.0,辽宁对外经贸学院,2020-11-22 18:10:58,0,A,781,121,0.0833333333333333,0.0,0.1614678899082569,0.2532110091743119,0.132564841498559,0.0545454545454545,0.0638428569156426
U_32718301,C_735164,1.0,昆明理工大学,2020-09-16 13:51:29,0,A,476,138,0.1111111111111111,0.0,0.1853211009174312,0.3137614678899083,0.1959654178674351,0.0787878787878787,0.0653915978497842
U_33386651,C_1774985,0.0,辽宁对外经贸学院,2020-09-22 15:51:11,4,E,781,46,0.0277777777777777,0.0,0.0036697247706422,0.0036697247706422,0.0028818443804034,0.0007575757575757,0.0611985341417755
U_33105130,C_735164,1.0,昆明理工大学,2020-09-18 14:06:25,4,E,476,138,0.0416666666666666,0.0,0.0091743119266055,0.0110091743119266,0.0115273775216138,0.0053030303030303,0.0611869605187246
U_29911559,C_674920,1.0,辽宁对外经贸学院,2020-05-10 19:43:24,4,E,781,87,0.0416666666666666,0.0,0.0807339449541284,0.0807339449541284,0.0720461095100864,0.0333333333333333,0.0607478066472386
U_2104391,C_1828106,0.0,Huazhong university of science and technology,2020-08-29 14:03:19,4,E,19,59,0.0416666666666666,0.0,0.0587155963302752,0.0587155963302752,0.0605187319884726,0.0303030303030303,0.0597831746323794
U_11330793,C_677087,0.0,北京航空航天大学,2020-05-27 13:42:00,4,E,183,92,0.0416666666666666,0.0,0.0825688073394495,0.0825688073394495,0.1095100864553314,0.0287878787878787,0.0626805175069286
U_33246395,C_697076,1.0,辽宁对外经贸学院,2020-11-16 19:01:20,4,E,781,121,0.0138888888888888,0.0,0.2935779816513761,0.2935779816513761,0.2766570605187319,0.084090909090909,0.0685769045495544
U_24849627,C_735164,2.0,昆明理工大学,2020-10-30 19:18:20,0,A,476,138,0.0138888888888888,0.0,0.2825688073394495,0.3155963302752294,0.4265129682997118,0.1545454545454545,0.0696563665163527
U_34688644,C_1912004,0.0,辽宁对外经贸学院,2020-10-27 18:57:22,4,E,781,74,0.0277777777777777,0.0,0.0036697247706422,0.0036697247706422,0.0,0.0,0.0618229798859402
U_14749853,C_1918363,2.0,新乡医学院三全学院,2020-10-30 07:53:23,0,A,461,76,0.1111111111111111,0.0,0.2,0.2807339449541284,0.1902017291066282,0.0681818181818181,0.0724187085503508
U_13005670,C_682392,0.0,陕西工业职业技术学院,2020-09-01 11:08:55,4,E,876,108,0.0138888888888888,0.0,0.018348623853211,0.018348623853211,0.0230547550432276,0.006060606060606,0.0599527329148001
U_4458202,C_735197,0.0,华南理工大学,2020-11-29 15:44:07,3,D,211,141,0.1527777777777777,0.0,0.1541284403669724,0.2201834862385321,0.0057636887608069,0.1318181818181818,0.0884724479035817
U_31066359,C_682392,0.0,中国医科大学,2020-07-30 15:27:58,2,C,69,108,0.0138888888888888,0.0,0.1981651376146789,0.1981651376146789,0.1123919308357348,0.0477272727272727,0.0567416542277141
U_33554793,C_697076,1.0,辽宁对外经贸学院,2020-11-22 18:18:55,4,E,781,121,0.0555555555555555,0.0,0.1834862385321101,0.1834862385321101,0.2766570605187319,0.0886363636363636,0.0646447351658697
U_10910473,C_676646,2.0,天津商业大学,2020-08-11 08:33:43,4,E,316,90,0.0416666666666666,0.0,0.0623853211009174,0.0623853211009174,0.0489913544668587,0.0318181818181818,0.0630566627322542
U_29927100,C_677087,1.0,昆明理工大学,2020-05-13 23:42:43,0,A,476,92,0.1111111111111111,0.0,0.3247706422018349,0.3247706422018349,0.1786743515850144,0.0469696969696969,0.0714315532844708
U_30285690,C_766175,2.0,中国医科大学,2020-05-30 14:51:30,2,C,69,151,0.0694444444444444,0.0,0.1834862385321101,0.1834862385321101,0.2449567723342939,0.0659090909090909,0.0765244030423286
U_13771071,C_680719,2.0,辽宁对外经贸学院,2020-06-22 23:33:47,4,E,781,94,0.0416666666666666,0.0,0.0091743119266055,0.0091743119266055,0.0086455331412103,0.0022727272727272,0.0612894839010096
U_31052267,C_1907842,1.0,辽宁对外经贸学院,2020-07-23 21:31:44,4,E,781,70,0.0416666666666666,0.0,0.0165137614678899,0.0165137614678899,0.0057636887608069,0.003030303030303,0.0637034088720535
U_6495269,C_1824911,1.0,重庆三峡医药高等专科学校,2020-06-29 23:16:36,4,E,822,57,0.3888888888888888,0.0,0.0862385321100917,0.0862385321100917,0.1354466858789625,0.0356060606060606,0.0661740431103444
U_8987306,C_1472684,0.0,河北医科大学,2020-10-19 19:26:42,4,E,548,3,0.0277777777777777,0.0,0.0018348623853211,0.0018348623853211,0.0028818443804034,0.0007575757575757,0.0612276638169084
U_33158312,C_735164,1.0,昆明理工大学,2020-09-20 08:26:06,0,A,476,138,0.1111111111111111,0.0,0.2073394495412844,0.2807339449541284,0.2334293948126801,0.0613636363636363,0.0696749130368172
U_19336032,C_1738818,2.0,安徽工业大学,2020-06-15 19:36:29,0,A,344,15,0.0555555555555555,0.0,0.0642201834862385,0.0642201834862385,0.0778097982708933,0.0356060606060606,0.0707896703444302
U_25233194,C_948395,2.0,昆明理工大学,2020-03-16 11:40:28,0,A,476,170,0.0138888888888888,0.0,0.1944954128440367,0.273394495412844,0.1930835734870317,0.0628787878787878,0.069320855256424
U_963121,C_735164,1.0,昆明理工大学,2020-10-30 10:21:50,0,A,476,138,0.1111111111111111,0.0,0.1871559633027523,0.2660550458715596,0.1930835734870317,0.053030303030303,0.0681175203613534
U_31120622,C_735385,0.0,辽宁对外经贸学院,2020-08-02 17:44:03,4,E,781,146,0.0416666666666666,0.0,0.0110091743119266,0.0110091743119266,0.0144092219020172,0.0037878787878787,0.0603327855378952
U_29817103,C_674920,1.0,辽宁对外经贸学院,2020-05-09 10:24:44,4,E,781,87,0.0416666666666666,0.0,0.0018348623853211,0.0018348623853211,0.0,0.0,0.0605643570457517
U_27236397,C_1736024,0.0,集宁师范学院,2020-05-25 11:24:39,4,E,883,14,0.0138888888888888,0.0,0.0201834862385321,0.0440366972477064,0.0115273775216138,0.003030303030303,0.0622479700595547
U_33454979,C_697076,2.0,辽宁对外经贸学院,2020-11-23 11:43:40,4,E,781,121,0.0416666666666666,0.0,0.0091743119266055,0.0091743119266055,0.0144092219020172,0.0045454545454545,0.0587160340922609
U_14893269,C_674920,0.0,西昌民族幼儿师范高等专科学校,2020-07-05 10:42:02,4,E,751,87,0.25,0.0,0.0678899082568807,0.0678899082568807,0.0749279538904899,0.0287878787878787,0.0607553936350495
U_25729052,C_735197,0.0,辽宁石油化工大学,2020-09-14 11:19:44,4,E,790,141,0.0277777777777777,0.0,0.0091743119266055,0.0091743119266055,0.0144092219020172,0.0037878787878787,0.0603762571952084
U_21427216,C_801420,0.0,南京邮电大学通达学院,2020-09-04 14:01:07,4,E,229,155,0.0277777777777777,0.0,0.0036697247706422,0.0036697247706422,0.0,0.0,0.061304449878271
U_29063898,C_735195,2.0,辽宁对外经贸学院,2020-09-03 21:43:34,4,E,781,140,0.0277777777777777,0.0,0.0018348623853211,0.0018348623853211,0.0,0.0,0.0614193838293902
U_34022033,C_1771170,1.0,辽宁对外经贸学院,2020-09-29 10:05:52,4,E,781,40,0.0416666666666666,0.0,0.0091743119266055,0.0091743119266055,0.0115273775216138,0.003030303030303,0.0612461261475604
U_34403494,C_2027893,0.0,辽宁对外经贸学院,2020-10-07 19:14:16,4,E,781,84,0.0277777777777777,0.0,0.0036697247706422,0.0036697247706422,0.0,0.0,0.0612596311839574
U_30506023,C_1829948,0.0,辽宁对外经贸学院,2020-06-15 10:33:05,4,E,781,61,0.0416666666666666,0.0,0.0220183486238532,0.0220183486238532,0.0144092219020172,0.0037878787878787,0.0617387058836049
U_33329433,C_697076,2.0,辽宁对外经贸学院,2020-11-30 10:33:03,4,E,781,121,0.0416666666666666,0.0,0.0091743119266055,0.0091743119266055,0.0144092219020172,0.0045454545454545,0.060646461922329
U_27220288,C_682392,0.0,昆明理工大学,2020-09-16 08:17:25,0,A,476,108,0.0972222222222222,0.0,0.1559633027522936,0.2954128440366972,0.1930835734870317,0.0272727272727272,0.0545729345618135
U_33554731,C_697076,2.0,辽宁对外对外经贸学院,2020-11-19 11:52:49,4,E,775,121,0.0416666666666666,0.0,0.018348623853211,0.018348623853211,0.0288184438040345,0.009090909090909,0.0616404316106814
U_32950412,C_1808023,2.0,中国医科大学,2020-09-16 18:22:25,2,C,69,54,0.1805555555555555,0.0,0.2348623853211009,0.2348623853211009,0.3285302593659942,0.0863636363636363,0.0697323403936416
U_25255310,C_1732845,1.0,铜仁学院,2020-03-28 21:25:32,3,D,850,13,0.1527777777777777,0.0,0.1779816513761468,0.2440366972477064,0.132564841498559,0.1272727272727272,0.083519155140835
U_5581790,C_1824911,2.0,重庆三峡医药高等专科学校,2020-06-10 19:03:37,4,E,822,57,0.125,0.0,0.0110091743119266,0.0110091743119266,0.0144092219020172,0.0037878787878787,0.064683982475531
U_2219325,C_735164,0.0,昆明理工大学,2020-11-30 09:50:29,4,E,476,138,0.0416666666666666,0.0,0.055045871559633,0.0715596330275229,0.0576368876080691,0.0257575757575757,0.0629626524257179
U_4602741,C_735197,2.0,华南理工大学,2020-10-14 15:09:43,4,E,211,141,0.0694444444444444,0.0,0.0697247706422018,0.0697247706422018,0.0345821325648414,0.0393939393939393,0.0510053367804035
U_5245116,C_674920,2.0,西昌民族幼儿师范高等专科学校,2020-06-16 19:48:26,4,E,751,87,0.0555555555555555,0.0,0.0862385321100917,0.0862385321100917,0.0951008645533141,0.0272727272727272,0.0605219055708726
U_33008763,C_735164,2.0,昆明理工大学,2020-09-17 10:28:56,0,A,476,138,0.1111111111111111,0.0,0.1981651376146789,0.2807339449541284,0.2449567723342939,0.0659090909090909,0.0646228111482204
U_31141248,C_825821,1.0,辽宁对外经贸学院,2020-08-05 20:07:56,4,E,781,159,0.0416666666666666,0.0,0.0220183486238532,0.0220183486238532,0.031700288184438,0.0272727272727272,0.0618448593325122
U_31633246,C_1992917,2.0,辽宁对外经贸学院,2020-08-29 09:04:18,4,E,781,80,0.0416666666666666,0.0,0.0770642201834862,0.0770642201834862,0.0547550432276657,0.0325757575757575,0.0727401815594106
U_32718431,C_735164,2.0,昆明理工大学,2020-09-15 13:42:23,0,A,476,138,0.1111111111111111,0.0,0.2513761467889908,0.3229357798165138,0.2247838616714697,0.0553030303030303,0.0606620518946714
U_8179344,C_1732845,2.0,铜仁学院,2020-03-25 21:36:03,0,A,850,13,0.1111111111111111,0.0,0.2,0.2807339449541284,0.2161383285302593,0.0537878787878787,0.0702525294358516
U_26604613,C_1829948,2.0,北方民族大学,2020-06-04 13:23:54,3,D,190,61,0.1944444444444444,0.0,0.0073394495412844,0.0073394495412844,0.0057636887608069,0.0015151515151515,0.0726330657177174
U_32388348,C_1771170,1.0,辽宁对外经贸学院,2020-09-27 01:04:19,4,E,781,40,0.0416666666666666,0.0,0.0073394495412844,0.0073394495412844,0.0086455331412103,0.0022727272727272,0.061204719616825
U_34696038,C_948109,2.0,华南理工大学,2020-10-11 13:22:49,3,D,211,165,0.2361111111111111,0.0,0.5486238532110093,0.5486238532110093,0.2103746397694524,0.2378787878787878,0.0752281919270197
U_29753250,C_1017355,2.0,华南理工大学,2020-05-01 16:26:20,3,D,211,0,0.1388888888888889,0.0,0.0825688073394495,0.0825688073394495,0.0518731988472622,0.0151515151515151,0.081150712477921
U_30353432,C_1829948,1.0,中国医科大学,2020-06-05 12:40:55,2,C,69,61,0.1388888888888889,0.0,0.091743119266055,0.091743119266055,0.1152737752161383,0.0303030303030303,0.072093522923311
U_5199968,C_674920,2.0,西昌民族幼儿师范高等专科学校,2020-06-20 17:24:32,4,E,751,87,0.0416666666666666,0.0,0.055045871559633,0.055045871559633,0.063400576368876,0.0166666666666666,0.0590323550272763
U_22326434,C_1829948,0.0,北方民族大学,2020-06-11 18:40:10,3,D,190,61,0.2083333333333333,0.0,0.3889908256880734,0.3889908256880734,0.4726224783861671,0.1242424242424242,0.0716981626113625
U_29915576,C_735115,1.0,昆明理工大学,2020-05-11 08:13:07,0,A,476,136,0.0138888888888888,0.0,0.2935779816513761,0.2935779816513761,0.4322766570605187,0.1439393939393939,0.0678652926353774
U_29777473,C_674959,2.0,辽宁对外经贸学院,2020-05-18 21:30:54,4,E,781,88,0.0277777777777777,0.0,0.0073394495412844,0.0073394495412844,0.0057636887608069,0.0015151515151515,0.0617169651026064
U_32722702,C_735164,1.0,辽宁对外经贸学院,2020-09-15 08:33:01,4,E,781,138,0.0416666666666666,0.0,0.0862385321100917,0.0862385321100917,0.0489913544668587,0.0303030303030303,0.060171403571973
U_938570,C_735164,0.0,昆明理工大学,2020-10-10 13:43:55,0,A,476,138,0.1111111111111111,0.0,0.2220183486238532,0.291743119266055,0.2190201729106628,0.0545454545454545,0.0647240865403433
U_31493665,C_707035,2.0,辽宁对外经贸学院,2020-08-27 05:12:33,4,E,781,130,0.0416666666666666,0.0,0.018348623853211,0.018348623853211,0.0230547550432276,0.0068181818181818,0.0625151092870311
U_33224321,C_697076,1.0,辽宁对外经贸学院,2020-09-28 08:49:06,4,E,781,121,0.0416666666666666,0.0,0.0091743119266055,0.0091743119266055,0.0057636887608069,0.0015151515151515,0.0607520805183096
U_33183926,C_735164,1.0,昆明理工大学,2020-09-20 20:38:11,0,A,476,138,0.1111111111111111,0.0,0.1889908256880734,0.2770642201834862,0.2074927953890489,0.0568181818181818,0.0003331153594645
U_14930043,C_948113,0.0,中国医科大学,2020-07-07 22:35:48,2,C,69,166,0.0138888888888888,0.0,0.2348623853211009,0.2348623853211009,0.3429394812680115,0.1037878787878787,0.0738151946847161
U_31066433,C_682392,0.0,昆明理工大学,2020-08-03 14:49:58,0,A,476,108,0.1666666666666666,0.0,0.4495412844036697,0.4495412844036697,0.6743515850144092,0.2318181818181818,0.0635046367246875
U_34337184,C_1912004,2.0,辽宁对外经贸学院,2020-10-07 21:52:18,4,E,781,74,0.0277777777777777,0.0,0.0055045871559633,0.0055045871559633,0.0057636887608069,0.0015151515151515,0.0618303786847583
U_5245133,C_674920,0.0,辽宁对外经贸学院,2020-06-23 19:40:00,4,E,781,87,0.0416666666666666,0.0,0.073394495412844,0.073394495412844,0.0547550432276657,0.0325757575757575,0.0614304919323013
U_13693535,C_1829948,1.0,北方名族大学,2020-06-04 10:33:59,2,C,188,61,0.0694444444444444,0.0,0.0220183486238532,0.0220183486238532,0.0259365994236311,0.0068181818181818,0.0758830945739499
U_18677688,C_707103,1.0,中国医科大学,2020-09-23 17:22:25,2,C,69,133,0.1388888888888889,0.0,0.1779816513761468,0.1779816513761468,0.1671469740634005,0.0621212121212121,0.0071492864561295
U_33713348,C_697076,2.0,辽宁对外经贸学院,2020-10-18 22:43:21,4,E,781,121,0.0416666666666666,0.0,0.0091743119266055,0.0091743119266055,0.0057636887608069,0.0015151515151515,0.0607520805183096
U_33329137,C_697076,2.0,辽宁对外经贸学院,2020-11-16 18:08:15,3,D,781,121,0.1666666666666666,0.0,0.3155963302752294,0.3155963302752294,0.409221902017291,0.1265151515151515,0.08525314832892
U_5795697,C_1824911,2.0,重庆三峡医药高等专科学校,2020-06-13 10:30:19,4,E,822,57,0.0416666666666666,0.0,0.0623853211009174,0.0623853211009174,0.0432276657060518,0.0272727272727272,0.0634968714525677
U_28519639,C_697766,1.0,华南理工大学,2020-04-28 17:08:28,3,D,211,128,0.1666666666666666,0.0,0.1926605504587156,0.2256880733944954,0.1123919308357348,0.1431818181818182,0.0834780903216916
U_15288027,C_813262,1.0,陕西工业职业技术学院,2020-02-28 15:28:48,0,A,876,157,0.0555555555555555,0.0,0.181651376146789,0.2678899082568807,0.2103746397694524,0.059090909090909,0.0679140434891699
U_34040524,C_735164,1.0,昆明理工大学,2020-10-23 21:43:45,0,A,476,138,0.1111111111111111,0.0,0.1871559633027523,0.273394495412844,0.2132564841498559,0.0575757575757575,0.0302823402700311
U_13119276,C_801420,1.0,南京邮电大学通达学院,2020-09-04 14:04:27,4,E,229,155,0.0277777777777777,0.0,0.0036697247706422,0.0036697247706422,0.0,0.0,0.061304449878271
U_33450038,C_735164,2.0,昆明理工大学,2020-11-13 09:13:48,4,E,476,138,0.0416666666666666,0.0,0.0715596330275229,0.0715596330275229,0.0518731988472622,0.028030303030303,0.0619546973238029
U_5094687,C_674920,1.0,辽宁对外经贸学院,2020-06-30 19:22:34,4,E,781,87,0.0416666666666666,0.0,0.0238532110091743,0.0238532110091743,0.0230547550432276,0.0212121212121212,0.0477671539260272
U_33454995,C_697076,2.0,辽宁对外经贸学院,2020-12-04 10:34:49,4,E,781,121,0.0416666666666666,0.0,0.1009174311926605,0.1009174311926605,0.1095100864553314,0.0325757575757575,0.0632807809655316
U_7157466,C_735197,1.0,华南理工大学,2020-09-20 11:04:47,4,E,211,141,0.0416666666666666,0.0,0.0201834862385321,0.0201834862385321,0.0288184438040345,0.0083333333333333,0.0619048420977637
U_26605903,C_948395,1.0,昆明理工大学,2020-02-23 11:37:24,0,A,476,170,0.0277777777777777,0.0,0.1926605504587156,0.273394495412844,0.1959654178674351,0.0643939393939393,0.0704536489932845
U_11267511,C_1786221,1.0,北京体育大学,2020-11-23 12:11:37,2,C,159,51,0.1111111111111111,0.0,0.0458715596330275,0.0458715596330275,0.0576368876080691,0.0378787878787878,0.0755468998908372
U_31063292,C_735115,2.0,昆明理工大学,2020-07-26 10:03:34,0,A,476,136,0.1388888888888889,0.0,0.5211009174311927,0.5211009174311927,0.7204610951008645,0.2462121212121212,0.072406560455638
U_31271331,C_1774985,1.0,辽宁对外经贸学院,2020-08-20 20:13:33,4,E,781,46,0.0277777777777777,0.0,0.0018348623853211,0.0018348623853211,0.0,0.0,0.0611571226586982
U_30612068,C_1829948,2.0,华南理工大学,2020-06-19 11:11:18,3,D,211,61,0.3472222222222222,0.0,0.4770642201834862,0.4770642201834862,0.7146974063400576,0.1878787878787878,0.0707066889033343
U_33224693,C_697076,2.0,辽宁对外经贸学院,2020-11-03 09:54:43,4,E,781,121,0.0277777777777777,0.0,0.1651376146788991,0.1651376146788991,0.1412103746397694,0.0431818181818181,0.065053382611171
U_19829757,C_1944726,1.0,辽宁对外经贸学院,2020-09-25 21:31:02,4,E,781,78,0.0277777777777777,0.0,0.0055045871559633,0.0073394495412844,0.0086455331412103,0.0022727272727272,0.0612137031650554
U_30949503,C_681031,2.0,中国医科大学,2020-07-14 09:06:02,2,C,69,101,0.1388888888888889,0.0,0.1174311926605504,0.1174311926605504,0.1123919308357348,0.0325757575757575,0.0763730792828319
U_30932302,C_1731884,1.0,辽宁对外经贸学院,2020-07-11 13:05:06,4,E,781,11,0.0416666666666666,0.0,0.0275229357798165,0.0275229357798165,0.031700288184438,0.0083333333333333,0.0618264267159117
U_6758741,C_1824911,2.0,重庆三峡医药高等专科学校,2020-06-05 15:37:44,4,E,822,57,0.1805555555555555,0.0,0.0623853211009174,0.0623853211009174,0.0979827089337175,0.0257575757575757,0.0631336766013448
U_18104100,C_1776290,2.0,中国医科大学,2020-05-12 13:39:38,2,C,69,48,0.1666666666666666,0.0,0.1486238532110091,0.1486238532110091,0.1757925072046109,0.0628787878787878,0.0819932147888613
U_28927896,C_1017355,2.0,辽宁对外经贸学院,2020-05-07 15:55:15,4,E,781,0,0.0277777777777777,0.0,0.0036697247706422,0.0036697247706422,0.0028818443804034,0.0007575757575757,0.0612459676726192
U_29945945,C_756642,2.0,辽宁对外经贸学院,2020-05-12 15:15:00,4,E,781,149,0.0416666666666666,0.0,0.0660550458715596,0.0660550458715596,0.0461095100864553,0.0333333333333333,0.0627673172036395
U_33224442,C_697076,2.0,辽宁对外经贸学院,2020-11-06 16:05:58,4,E,781,121,0.0416666666666666,0.0,0.0091743119266055,0.0091743119266055,0.0115273775216138,0.003030303030303,0.0606840551497913
U_23147587,C_1864065,0.0,辽宁对外经贸学院,2020-06-23 18:53:06,4,E,781,67,0.0416666666666666,0.0,0.0220183486238532,0.0220183486238532,0.031700288184438,0.0151515151515151,0.0617962372396094
U_30031292,C_823315,1.0,辽宁对外经贸学院,2020-06-13 18:20:15,4,E,781,158,0.0277777777777777,0.0,0.0752293577981651,0.0752293577981651,0.0461095100864553,0.0303030303030303,0.0647715052141612
U_6758193,C_1824911,1.0,重庆三峡医药高等专科学校,2020-06-10 18:37:19,4,E,822,57,0.0833333333333333,0.0,0.0256880733944954,0.0256880733944954,0.0345821325648414,0.009090909090909,0.0619649585762468
U_8344672,C_677087,0.0,吉林电子信息职业技术学院,2020-05-24 00:26:04,1,B,258,92,0.2222222222222222,0.0,0.036697247706422,0.036697247706422,0.031700288184438,0.0083333333333333,0.1072179237521556
U_28980898,C_948436,2.0,辽宁对外经贸学院,2020-05-18 14:07:27,4,E,781,171,0.0416666666666666,0.0,0.0660550458715596,0.0660550458715596,0.0547550432276657,0.0325757575757575,0.0621393602490585
U_15156510,C_674959,0.0,辽宁对外经贸学院,2020-06-16 09:20:53,4,E,781,88,0.0277777777777777,0.0,0.0018348623853211,0.0018348623853211,0.0,0.0,0.0615587278737991
U_11691039,C_735385,2.0,长江大学,2020-05-13 09:02:13,4,E,858,146,0.0416666666666666,0.0,0.0091743119266055,0.0091743119266055,0.0086455331412103,0.0022727272727272,0.0613446529899215
U_29193122,C_1912004,0.0,辽宁对外经贸学院,2020-08-04 20:47:20,4,E,781,74,0.0277777777777777,0.0,0.0256880733944954,0.0256880733944954,0.0345821325648414,0.009090909090909,0.0641051775144375
U_30492165,C_823315,1.0,辽宁对外经贸学院,2020-06-13 20:15:12,4,E,781,158,0.0277777777777777,0.0,0.0825688073394495,0.0825688073394495,0.0461095100864553,0.031060606060606,0.0656830283143444
U_29031365,C_674920,0.0,辽宁对外经贸学院,2020-05-14 10:30:56,4,E,781,87,0.0416666666666666,0.0,0.018348623853211,0.018348623853211,0.0201729106628242,0.0053030303030303,0.061382181836939
U_7139166,C_735197,0.0,华南理工大学,2020-10-14 17:14:17,4,E,211,141,0.0277777777777777,0.0,0.0275229357798165,0.0275229357798165,0.0432276657060518,0.0295454545454545,0.0684641100101417
U_33141508,C_697076,2.0,华南理工大学,2020-09-19 11:07:48,3,D,211,121,0.1527777777777777,0.0,0.091743119266055,0.091743119266055,0.0489913544668587,0.0128787878787878,0.0807805595863102
U_6069395,C_1824911,2.0,重庆三峡医药高等专科学校,2020-06-10 18:03:03,4,E,822,57,0.2222222222222222,0.0,0.0862385321100917,0.0862385321100917,0.1123919308357348,0.0295454545454545,0.0658657944926473
U_26885200,C_948395,2.0,西安美术学院,2020-05-25 22:51:02,0,A,727,170,0.1388888888888889,0.0,0.110091743119266,0.110091743119266,0.1729106628242074,0.1,0.0683069028684523
U_30557410,C_1829948,0.0,辽宁对外经贸学院,2020-06-16 13:17:24,4,E,781,61,0.0138888888888888,0.0,0.0073394495412844,0.0073394495412844,0.0057636887608069,0.0015151515151515,0.0606228144896939
U_9964626,C_696917,0.0,华南理工大学,2020-05-07 10:47:52,3,D,211,119,0.1388888888888889,0.0,0.0825688073394495,0.0825688073394495,0.0432276657060518,0.0113636363636363,0.0813679915270163
U_6758332,C_1824911,2.0,重庆三峡医药高等专科学校,2020-06-02 09:50:41,4,E,822,57,0.0416666666666666,0.0,0.0660550458715596,0.0660550458715596,0.0489913544668587,0.0272727272727272,0.070187940992621
U_8138534,C_707013,0.0,五邑大学,2020-10-27 08:46:18,4,E,119,129,0.0416666666666666,0.0,0.0311926605504587,0.0311926605504587,0.0201729106628242,0.0053030303030303,0.0616835169853254
U_33269880,C_1912004,0.0,辽宁对外经贸学院,2020-09-21 15:12:39,4,E,781,74,0.0416666666666666,0.0,0.0091743119266055,0.0091743119266055,0.0144092219020172,0.0037878787878787,0.0179866907720121
U_32753931,C_735164,1.0,昆明理工大学,2020-12-04 15:48:23,0,A,476,138,0.125,0.0,0.2862385321100917,0.3082568807339449,0.440922190201729,0.1598484848484848,0.0698874279329922
U_27955769,C_801420,0.0,辽宁对外经贸学院,2020-07-28 22:10:30,4,E,781,155,0.0694444444444444,0.0,0.1706422018348624,0.1706422018348624,0.0576368876080691,0.056060606060606,0.0596506549151268
U_30588553,C_1829948,0.0,辽宁对外经贸学院,2020-06-17 19:31:09,4,E,781,61,0.0416666666666666,0.0,0.0073394495412844,0.0073394495412844,0.0057636887608069,0.0015151515151515,0.0612373753594
U_30496343,C_682575,0.0,辽宁对外经贸学院,2020-06-14 13:56:33,4,E,781,113,0.0138888888888888,0.0,0.0073394495412844,0.0073394495412844,0.0086455331412103,0.0022727272727272,0.060848770041821
U_33222396,C_697076,1.0,辽宁对外经贸学院,2020-10-05 19:02:14,0,A,781,121,0.0972222222222222,0.0,0.055045871559633,0.055045871559633,0.0864553314121037,0.0287878787878787,0.0654340790387148
U_30357011,C_1829948,0.0,昆明理工大学,2020-06-04 18:53:54,0,A,476,61,0.0138888888888888,0.0,0.0018348623853211,0.0018348623853211,0.0,0.0,0.0629861364310698
U_29247680,C_1741505,2.0,辽宁对外经贸学院,2020-05-26 12:56:06,4,E,781,16,0.0277777777777777,0.0,0.0091743119266055,0.0091743119266055,0.0057636887608069,0.0015151515151515,0.0614045069942833
U_29770239,C_707079,1.0,辽宁对外经贸学院,2020-05-03 18:00:15,4,E,781,132,0.0416666666666666,0.0,0.0201834862385321,0.0201834862385321,0.0172910662824207,0.0053030303030303,0.0616239650738203
U_31645556,C_1912004,0.0,辽宁对外经贸学院,2020-09-24 21:03:19,4,E,781,74,0.0416666666666666,0.0,0.0091743119266055,0.0091743119266055,0.0086455331412103,0.0022727272727272,0.0623078735873355
U_33455385,C_697076,2.0,辽宁对外经贸学院,2020-12-06 23:16:59,4,E,781,121,0.0416666666666666,0.0,0.018348623853211,0.018348623853211,0.0028818443804034,0.0007575757575757,0.0611631942298837
U_13680668,C_682392,2.0,辽宁对外经贸学院,2020-09-02 09:03:23,4,E,781,108,0.0416666666666666,0.0,0.0807339449541284,0.0807339449541284,0.0605187319884726,0.0424242424242424,0.0615738572783436
U_30814188,C_749807,1.0,广州中医药大学,2020-07-12 21:57:16,1,B,423,148,0.0277777777777777,0.0,0.1119266055045871,0.1119266055045871,0.1383285302593659,0.0363636363636363,0.107095432527277
U_5104013,C_680814,0.0,重庆工商职业学院,2020-07-14 00:29:15,3,D,837,96,0.125,0.0,0.0055045871559633,0.0055045871559633,0.0,0.0,0.0755678086783943
U_33144229,C_735164,1.0,昆明理工大学法学院,2020-11-09 13:17:20,0,A,479,138,0.0972222222222222,0.0,0.1724770642201835,0.218348623853211,0.1844380403458213,0.0492424242424242,0.0613749167513525
U_14933300,C_813262,1.0,昆明理工大学,2020-05-23 10:18:49,0,A,476,157,0.0138888888888888,0.0,0.2954128440366972,0.2954128440366972,0.4438040345821325,0.3181818181818182,0.070851970805697
U_992116,C_735164,2.0,昆明理工大学,2020-10-20 13:33:10,0,A,476,138,0.0138888888888888,0.0,0.055045871559633,0.0605504587155963,0.0864553314121037,0.0401515151515151,0.0603757966274104
U_27730523,C_735197,2.0,辽宁石油化工大学,2020-11-29 18:26:48,3,D,790,141,0.2083333333333333,0.0,0.3376146788990826,0.3376146788990826,0.5302593659942363,0.1515151515151515,0.0734026546986711
U_24523907,C_1017355,2.0,广州中医药大学,2020-05-07 09:31:16,3,D,423,0,0.1388888888888889,0.0,0.0678899082568807,0.0678899082568807,0.0489913544668587,0.0143939393939393,0.080169712973039
U_14427020,C_747056,1.0,宝鸡文理学院,2020-04-26 08:19:31,4,E,356,147,0.0416666666666666,0.0,0.0678899082568807,0.0678899082568807,0.0518731988472622,0.0333333333333333,0.0629454727516213
U_33080249,C_735164,0.0,昆明理工大学,2020-10-21 21:13:02,0,A,476,138,0.0972222222222222,0.0,0.0844036697247706,0.0954128440366972,0.1239193083573487,0.0583333333333333,0.0615709504942878
U_22887282,C_801420,2.0,南京邮电大学通达学院,2020-09-01 09:50:51,4,E,229,155,0.0277777777777777,0.0,0.0018348623853211,0.0018348623853211,0.0028818443804034,0.0007575757575757,0.0611950179790172
U_30555620,C_1829948,0.0,辽宁对外经贸学院,2020-06-16 23:15:42,4,E,781,61,0.0138888888888888,0.0,0.0311926605504587,0.0311926605504587,0.0201729106628242,0.0053030303030303,0.0614332256250373
U_29889403,C_696917,2.0,昆明理工大学,2020-05-09 10:09:06,0,A,476,119,0.0972222222222222,0.0,0.0825688073394495,0.0825688073394495,0.1210374639769452,0.0318181818181818,0.0685166543578397
U_29597272,C_674920,1.0,辽宁对外经贸学院,2020-05-04 11:46:30,4,E,781,87,0.0416666666666666,0.0,0.018348623853211,0.018348623853211,0.0086455331412103,0.0022727272727272,0.0611411067849512
U_30352285,C_1829948,2.0,广州中医药大学,2020-06-04 14:50:21,1,B,423,61,0.0833333333333333,0.0,0.0311926605504587,0.0311926605504587,0.0403458213256484,0.0106060606060606,0.0657359638970535
U_986213,C_735283,1.0,广东石油化工学院,2020-06-08 07:02:54,4,E,416,143,0.0277777777777777,0.0,0.0018348623853211,0.0018348623853211,0.0,0.0,0.0612535893268235
U_6766555,C_1824911,0.0,重庆三峡医药高等专科学校,2020-06-02 10:23:59,4,E,822,57,0.0416666666666666,0.0,0.0715596330275229,0.0715596330275229,0.0489913544668587,0.0272727272727272,0.0647694747539769
U_30486088,C_1750795,0.0,辽宁对外经贸学院,2020-06-13 10:12:30,4,E,781,18,0.0416666666666666,0.0,0.0055045871559633,0.0055045871559633,0.0057636887608069,0.003030303030303,0.0612535497080882
U_29599505,C_676635,1.0,辽宁对外经贸学院,2020-04-23 19:31:54,4,E,781,89,0.0416666666666666,0.0,0.0623853211009174,0.0623853211009174,0.0461095100864553,0.0295454545454545,0.0630240367037307
U_33862433,C_2027893,0.0,辽宁对外经贸学院,2020-09-30 11:28:37,4,E,781,84,0.0416666666666666,0.0,0.0146788990825688,0.0146788990825688,0.0172910662824207,0.0045454545454545,0.0615080802730538
U_4640526,C_801420,0.0,南京邮电大学,2020-08-10 13:50:56,4,E,228,155,0.0416666666666666,0.0,0.0238532110091743,0.0238532110091743,0.0288184438040345,0.0075757575757575,0.0593960847314258
U_15079867,C_735050,1.0,昆明理工大学,2020-06-19 14:00:44,0,A,476,135,0.1944444444444444,0.0,0.2293577981651376,0.2293577981651376,0.3602305475504322,0.0946969696969697,0.0675477979953286
U_30186865,C_735115,2.0,辽宁对外经贸学院,2020-05-26 13:29:18,4,E,781,136,0.0555555555555555,0.0,0.055045871559633,0.055045871559633,0.0432276657060518,0.0128787878787878,0.0619231806198679
U_31106687,C_682392,0.0,昆明理工大学,2020-07-31 11:16:00,0,A,476,108,0.0972222222222222,0.0,0.4495412844036697,0.4495412844036697,0.6829971181556196,0.2378787878787878,0.0627231918371938
U_30579711,C_1829948,0.0,辽宁对外经贸学院,2020-06-17 12:40:24,4,E,781,61,0.0138888888888888,0.0,0.0220183486238532,0.0220183486238532,0.0230547550432276,0.006060606060606,0.0610221069611214
U_30833197,C_674920,1.0,辽宁对外经贸学院,2020-07-03 22:56:23,4,E,781,87,0.0416666666666666,0.0,0.036697247706422,0.036697247706422,0.0403458213256484,0.0106060606060606,0.0621389690140474
U_16371360,C_735385,2.0,辽宁对外经贸学院,2020-06-19 17:26:18,4,E,781,146,0.0416666666666666,0.0,0.0422018348623853,0.0422018348623853,0.0489913544668587,0.0128787878787878,0.0622707656893807
U_6099754,C_1017355,2.0,广州中医药大学,2020-05-01 20:44:33,2,C,423,0,0.125,0.0,0.073394495412844,0.073394495412844,0.063400576368876,0.0227272727272727,0.0725435075665609
U_7499939,C_1824911,0.0,辽宁对外经贸学院,2020-06-30 21:46:34,4,E,781,57,0.0555555555555555,0.0,0.0862385321100917,0.0862385321100917,0.1354466858789625,0.0356060606060606,0.0626486145203244
U_30490563,C_1774985,1.0,辽宁对外经贸学院,2020-06-13 17:43:31,4,E,781,46,0.0277777777777777,0.0,0.0018348623853211,0.0018348623853211,0.0028818443804034,0.0007575757575757,0.061123109974439
U_32244283,C_801420,2.0,辽宁对外经贸学院,2020-09-12 21:36:20,4,E,781,155,0.0277777777777777,0.0,0.0036697247706422,0.0036697247706422,0.0,0.0,0.0613551222407258
U_31063981,C_735115,1.0,辽宁对外经贸学院,2020-07-26 10:10:50,4,E,781,136,0.0833333333333333,0.0,0.5211009174311927,0.5211009174311927,0.2420749279538904,0.0704545454545454,0.0787081778276451
U_34293485,C_2027893,0.0,辽宁对外经贸学院,2020-10-05 20:06:13,4,E,781,84,0.0416666666666666,0.0,0.0165137614678899,0.0165137614678899,0.0230547550432276,0.0075757575757575,0.0615083179854656
U_33103867,C_735164,1.0,昆明理工大学,2020-09-18 14:02:13,0,A,476,138,0.1111111111111111,0.0,0.2018348623853211,0.2770642201834862,0.2305475504322766,0.0606060606060606,0.0672991062414785
U_30594084,C_1829948,2.0,广州中医药大学,2020-06-18 09:19:04,1,B,423,61,0.5833333333333333,0.0,0.1504587155963302,0.1504587155963302,0.1268011527377521,0.0333333333333333,0.0955688468198544
U_31085928,C_735283,2.0,辽宁对外经贸学院,2020-07-30 06:35:34,4,E,781,143,0.0277777777777777,0.0,0.0018348623853211,0.0018348623853211,0.0028818443804034,0.0007575757575757,0.0616844381209212
U_20012000,C_948120,0.0,辽宁对外经贸学院,2020-09-25 15:42:26,4,E,781,167,0.0416666666666666,0.0,0.0385321100917431,0.0385321100917431,0.0432276657060518,0.0121212121212121,0.0397180443897372
U_7116209,C_682407,0.0,华南理工大学,2020-05-05 12:03:51,4,E,211,110,0.0277777777777777,0.0,0.0018348623853211,0.0018348623853211,0.0,0.0,0.0612535893268235
U_985012,C_735164,0.0,昆明理工大学,2020-09-15 09:06:32,0,A,476,138,0.1111111111111111,0.0,0.2,0.2844036697247706,0.2536023054755043,0.0696969696969697,0.0641747727753423
U_16622020,C_707035,1.0,广州中医药大学,2020-08-01 01:25:31,1,B,423,130,0.2916666666666666,0.0,0.0697247706422018,0.0697247706422018,0.0806916426512968,0.0265151515151515,0.1291503504780148
U_15400270,C_677087,1.0,广州中医药大学,2020-08-23 23:35:49,1,B,423,92,0.2222222222222222,0.0,0.0238532110091743,0.0477064220183486,0.0374639769452449,0.028030303030303,0.0468361734046236
U_14513398,C_1750793,2.0,北京体育大学,2020-06-15 18:17:05,0,A,159,17,0.0694444444444444,0.0,0.036697247706422,0.036697247706422,0.0547550432276657,0.0287878787878787,0.0698251175670416
U_11364124,C_1714448,1.0,中国医科大学,2020-05-13 16:16:32,2,C,69,8,0.0277777777777777,0.0,0.1449541284403669,0.1449541284403669,0.1152737752161383,0.0303030303030303,0.0763153102144156
U_31185169,C_1912004,0.0,辽宁对外经贸学院,2020-08-13 00:07:24,4,E,781,74,0.0277777777777777,0.0,0.0055045871559633,0.0055045871559633,0.0057636887608069,0.0015151515151515,0.0618303786847583
U_10248531,C_1724288,1.0,保山学院,2020-05-23 00:51:42,4,E,127,9,0.0416666666666666,0.0,0.0275229357798165,0.0275229357798165,0.0259365994236311,0.0098484848484848,0.0618650747922015
U_26395231,C_1829948,0.0,北方民族大学,2020-06-11 18:24:38,4,E,190,61,0.125,0.0,0.1963302752293578,0.1963302752293578,0.2507204610951008,0.0659090909090909,0.0710402737022588
U_15093902,C_1736024,1.0,辽宁对外经贸学院,2020-04-01 11:15:46,4,E,781,14,0.0138888888888888,0.0,0.0862385321100917,0.0862385321100917,0.0461095100864553,0.0272727272727272,0.0649273207477731
U_33185612,C_735164,1.0,昆明理工大学,2020-09-20 21:07:08,0,A,476,138,0.1111111111111111,0.0,0.0972477064220183,0.1009174311926605,0.1498559077809798,0.0712121212121212,0.1166980805477554
U_29894772,C_1017355,2.0,昆明理工大学,2020-05-09 13:43:57,0,A,476,0,0.0972222222222222,0.0,0.0825688073394495,0.0825688073394495,0.1152737752161383,0.0393939393939393,0.0681219428026818
U_29934680,C_697062,2.0,辽宁对外经贸学院,2020-05-12 08:46:42,4,E,781,120,0.0555555555555555,0.0,0.1889908256880734,0.1889908256880734,0.2305475504322766,0.0628787878787878,0.0656187518686543
U_10617974,C_735385,1.0,宁夏大学,2020-03-24 00:13:41,4,E,334,146,0.0277777777777777,0.0,0.0770642201834862,0.0770642201834862,0.0489913544668587,0.0303030303030303,0.0660696873615515
U_33739463,C_1918363,2.0,辽宁对外经贸学院,2020-09-25 11:22:52,4,E,781,76,0.0416666666666666,0.0,0.0073394495412844,0.0073394495412844,0.0086455331412103,0.006060606060606,0.0645121164017788
U_33805546,C_677087,1.0,辽宁对外经贸学院,2020-10-20 22:52:36,4,E,781,92,0.0416666666666666,0.0,0.0073394495412844,0.0073394495412844,0.0086455331412103,0.0022727272727272,0.0427453167673193
U_33244862,C_735164,2.0,昆明理工大学,2020-09-21 12:54:43,0,A,476,138,0.1111111111111111,0.0,0.1743119266055046,0.2972477064220183,0.2074927953890489,0.0689393939393939,0.0661312944949505
U_15365241,C_697076,1.0,泽大教育,2020-09-27 16:21:55,0,A,590,121,0.0972222222222222,0.0,0.0091743119266055,0.0091743119266055,0.0144092219020172,0.0045454545454545,0.0666263751636611
U_19212332,C_676646,1.0,辽宁对外经贸学院,2020-08-13 12:54:49,4,E,781,90,0.0277777777777777,0.0,0.0091743119266055,0.0091743119266055,0.0086455331412103,0.0022727272727272,0.0612978087877655
U_15406033,C_735197,0.0,辽宁对外经贸学院,2020-11-26 12:31:45,4,E,781,141,0.0416666666666666,0.0,0.0275229357798165,0.0275229357798165,0.0115273775216138,0.003030303030303,0.0619113593797213
U_33523355,C_1992917,1.0,辽宁对外经贸学院,2020-10-23 11:37:11,4,E,781,80,0.0277777777777777,0.0,0.0807339449541284,0.0807339449541284,0.0461095100864553,0.0303030303030303,0.0643311825899838
U_12182333,C_948488,1.0,合肥工业大学,2020-03-06 14:55:54,0,A,248,172,0.0138888888888888,0.0,0.1871559633027523,0.2660550458715596,0.2103746397694524,0.0583333333333333,0.0668975604544805
U_29590960,C_786631,2.0,昆明理工大学,2020-04-23 12:53:08,0,A,476,154,0.0555555555555555,0.0,0.1963302752293578,0.2844036697247706,0.2334293948126801,0.0666666666666666,0.0716997622178005
U_16112014,C_786631,1.0,北华航天工业学院,2020-04-11 16:32:18,0,A,186,154,0.0694444444444444,0.0,0.1981651376146789,0.2678899082568807,0.2074927953890489,0.0727272727272727,0.0708986070094926
U_8488524,C_735197,0.0,辽宁对外经贸学院,2020-09-19 23:19:15,4,E,781,141,0.0416666666666666,0.0,0.0256880733944954,0.0256880733944954,0.031700288184438,0.0128787878787878,0.0615763730680355
U_15258662,C_948120,1.0,四川大学锦城学院,2020-10-07 16:38:33,4,E,286,167,0.0416666666666666,0.0,0.0128440366972477,0.0128440366972477,0.0086455331412103,0.0022727272727272,0.061488122335144
U_5925628,C_1824911,2.0,重庆三峡医药高等专科学校,2020-06-02 09:49:34,4,E,822,57,0.0277777777777777,0.0,0.073394495412844,0.073394495412844,0.0403458213256484,0.0227272727272727,0.0618940212306836
U_4602234,C_735197,2.0,华南理工大学,2020-10-02 19:17:35,4,E,211,141,0.0416666666666666,0.0,0.0091743119266055,0.0091743119266055,0.0115273775216138,0.003030303030303,0.0761472477593568
U_30370178,C_1829948,0.0,华南理工大学,2020-06-05 15:19:28,3,D,211,61,0.2083333333333333,0.0,0.1045871559633027,0.3211009174311927,0.0,0.1181818181818181,0.0733027956763354
U_7101779,C_1017355,0.0,广州中医药大学,2020-03-16 18:18:49,2,C,423,0,0.1388888888888889,0.0,0.1944954128440367,0.1944954128440367,0.1671469740634005,0.0643939393939393,0.0771278756184912
U_12649460,C_735197,0.0,辽宁石油化工大学,2020-09-09 20:31:41,3,D,790,141,0.1944444444444444,0.0,0.2073394495412844,0.326605504587156,0.0951008645533141,0.1416666666666666,0.0710242330668022
U_33329507,C_697076,2.0,辽宁对外经贸学院,2020-11-23 14:40:43,4,E,781,121,0.0555555555555555,0.0,0.2110091743119266,0.2110091743119266,0.1844380403458213,0.0537878787878787,0.0669145568919263
U_4677368,C_676646,0.0,天津城建大学,2020-07-08 16:02:05,4,E,318,90,0.0416666666666666,0.0,0.0238532110091743,0.0238532110091743,0.0115273775216138,0.003030303030303,0.061849034156745
U_27874576,C_735283,1.0,辽宁对外经贸学院,2020-04-20 09:15:24,4,E,781,143,0.0416666666666666,0.0,0.0715596330275229,0.0715596330275229,0.0547550432276657,0.034090909090909,0.0632159845239406
U_14288998,C_682392,0.0,陕西工业职业技术学院,2020-09-04 15:51:23,4,E,876,108,0.0138888888888888,0.0,0.0752293577981651,0.0752293577981651,0.063400576368876,0.0303030303030303,0.0615825387337173
U_9391253,C_1774985,2.0,青岛大学,2020-05-24 15:20:49,4,E,886,46,0.0416666666666666,0.0,0.0128440366972477,0.0128440366972477,0.0115273775216138,0.003030303030303,0.0614615332114126
U_30318327,C_676635,2.0,广州中医药大学,2020-06-02 10:28:52,1,B,423,89,0.2222222222222222,0.0,0.0275229357798165,0.0275229357798165,0.0345821325648414,0.009090909090909,0.1138775756351121
U_26825097,C_735164,1.0,华南理工大学,2020-10-08 19:32:49,3,D,211,138,0.1527777777777777,0.0,0.0385321100917431,0.0642201834862385,0.0374639769452449,0.0098484848484848,0.0773074574409441
U_30114245,C_1714448,1.0,中国医科大学,2020-05-22 09:22:13,2,C,69,8,0.1388888888888889,0.0,0.1449541284403669,0.1449541284403669,0.1268011527377521,0.0333333333333333,0.0770022495611817
U_30315223,C_758928,0.0,辽宁对外经贸学院,2020-06-07 00:59:27,4,E,781,150,0.0277777777777777,0.0,0.0018348623853211,0.0018348623853211,0.0,0.0,0.0612352953757965
U_33329530,C_697076,2.0,辽宁对外经贸学院,2020-11-18 15:56:25,4,E,781,121,0.0416666666666666,0.0,0.0238532110091743,0.0238532110091743,0.0230547550432276,0.0068181818181818,0.0624768128270171
U_4805861,C_735164,1.0,贵州医科大学,2020-10-20 19:46:28,2,C,762,138,0.0277777777777777,0.0,0.1064220183486238,0.1669724770642202,0.1181556195965417,0.0537878787878787,0.0646105887683789
U_30459248,C_1829948,0.0,中国医科大学,2020-06-11 18:36:13,2,C,69,61,0.2916666666666666,0.0,0.4770642201834862,0.4770642201834862,0.3832853025936599,0.1007575757575757,0.0772068704243471
U_22865306,C_801420,2.0,南京邮电大学,2020-09-08 13:52:09,4,E,228,155,0.0416666666666666,0.0,0.0036697247706422,0.0036697247706422,0.0,0.0,0.0609918134856389
U_14749839,C_1918363,1.0,新乡医学院三全学院,2020-11-08 17:00:10,4,E,461,76,0.0416666666666666,0.0,0.0605504587155963,0.0605504587155963,0.0691642651296829,0.0462121212121212,0.0629159270797678
U_13329250,C_758928,2.0,辽宁对外经贸学院,2020-05-28 06:54:14,4,E,781,150,0.0416666666666666,0.0,0.018348623853211,0.018348623853211,0.0172910662824207,0.0045454545454545,0.0617100120145604
U_30562404,C_1829948,0.0,辽宁对外经贸学院,2020-06-16 16:24:08,4,E,781,61,0.0416666666666666,0.0,0.0073394495412844,0.0073394495412844,0.0057636887608069,0.0015151515151515,0.0612373753594
U_5314166,C_1750793,0.0,内蒙古农业大学职业技术学院,2020-05-21 10:04:36,0,A,142,17,0.0833333333333333,0.0,0.036697247706422,0.036697247706422,0.0518731988472622,0.0272727272727272,0.0700627854077931
U_6984969,C_756642,2.0,华南理工大学,2020-05-11 17:29:24,3,D,211,149,0.125,0.0,0.0091743119266055,0.0091743119266055,0.0086455331412103,0.003030303030303,0.0776287406225564
U_30097970,C_735115,0.0,辽宁对外经贸学院,2020-06-27 08:32:14,4,E,781,136,0.0694444444444444,0.0,0.2385321100917431,0.2385321100917431,0.2161383285302593,0.0674242424242424,0.0673815726390154
U_32741911,C_735164,2.0,昆明理工大学,2020-11-18 18:54:44,0,A,476,138,0.0972222222222222,0.0,0.0293577981651376,0.0293577981651376,0.0461095100864553,0.0159090909090909,0.0685843182053983
U_30208227,C_948395,1.0,辽宁对外经贸学院,2020-05-27 18:03:26,4,E,781,170,0.0416666666666666,0.0,0.073394495412844,0.073394495412844,0.0403458213256484,0.0212121212121212,0.063252433760421
U_30783782,C_823315,2.0,辽宁对外经贸学院,2020-06-30 20:16:50,4,E,781,158,0.0972222222222222,0.0,0.0807339449541284,0.0807339449541284,0.1181556195965417,0.034090909090909,0.0629557884798263
U_30186244,C_1755909,0.0,辽宁对外经贸学院,2020-06-03 20:44:04,4,E,781,21,0.0277777777777777,0.0,0.0110091743119266,0.0110091743119266,0.0057636887608069,0.0022727272727272,0.061698527533664
U_33200321,C_697076,2.0,辽宁对外经贸学院,2020-11-16 10:52:50,4,E,781,121,0.0416666666666666,0.0,0.0844036697247706,0.0844036697247706,0.0662824207492795,0.0348484848484848,0.0617676176556936
U_4723851,C_682392,0.0,陕西工业职业技术学院,2019-11-02 20:24:54,3,D,876,108,0.3333333333333333,0.0,0.1559633027522936,0.3229357798165138,0.0893371757925072,0.1537878787878787,0.0792503899343427
U_30319145,C_747056,0.0,辽宁对外经贸学院,2020-06-02 11:28:59,4,E,781,147,0.0555555555555555,0.0,0.2073394495412844,0.2073394495412844,0.2305475504322766,0.0734848484848484,0.0670021489633433
U_25383773,C_1829948,0.0,华南理工大学,2020-06-14 08:31:25,3,D,211,61,0.2916666666666666,0.0,0.0825688073394495,0.0825688073394495,0.0979827089337175,0.0257575757575757,0.062410139447841
U_14423838,C_801420,2.0,成都中医药大学,2020-08-14 16:47:43,4,E,451,155,0.0416666666666666,0.0,0.0532110091743119,0.0532110091743119,0.0489913544668587,0.0303030303030303,0.0169157979766896
U_923271,C_735164,0.0,云南民族大学,2020-11-01 15:24:16,0,A,114,138,0.0416666666666666,0.0,0.2862385321100917,0.3009174311926605,0.446685878962536,0.1621212121212121,0.0673829444377253
U_15306348,C_1992929,1.0,辽宁对外经贸学院,2020-08-28 12:09:48,4,E,781,81,0.0416666666666666,0.0,0.0752293577981651,0.0752293577981651,0.0518731988472622,0.0378787878787878,0.1284874793245374
U_30348621,C_1829948,1.0,华南理工大学,2020-06-04 10:41:07,3,D,211,61,0.3194444444444444,0.0,0.4770642201834862,0.4770642201834862,0.6109510086455331,0.1606060606060606,0.0728360374510258
U_32753703,C_735164,0.0,昆明理工大学,2020-11-28 16:16:21,4,E,476,138,0.0416666666666666,0.0,0.0110091743119266,0.0146788990825688,0.0144092219020172,0.0075757575757575,0.0612804310199925
U_17623320,C_1912004,0.0,辽宁对外经贸学院,2020-10-29 15:32:36,4,E,781,74,0.0416666666666666,0.0,0.0678899082568807,0.0678899082568807,0.0461095100864553,0.034090909090909,0.0631831703064244
U_32099312,C_1992917,2.0,辽宁对外经贸学院,2020-09-07 09:45:16,4,E,781,80,0.0277777777777777,0.0,0.1229357798165137,0.1229357798165137,0.0489913544668587,0.0265151515151515,0.0650494009282729
U_1022796,C_735164,1.0,昆明理工大学,2020-09-16 17:04:28,0,A,476,138,0.0138888888888888,0.0,0.0678899082568807,0.0972477064220183,0.0806916426512968,0.0386363636363636,0.0150094241643266
U_5442552,C_2141845,0.0,宝鸡文理学院,2020-09-11 13:45:03,0,A,356,86,0.0833333333333333,0.0,0.055045871559633,0.055045871559633,0.0806916426512968,0.0212121212121212,0.0693772129073951
U_34698153,C_697076,2.0,辽宁对外经贸学院,2020-10-11 14:48:44,4,E,781,121,0.0416666666666666,0.0,0.0091743119266055,0.0091743119266055,0.0086455331412103,0.0022727272727272,0.0607180678340505
U_9046805,C_786631,2.0,中国传媒大学,2020-03-12 10:55:18,4,E,66,154,0.0555555555555555,0.0,0.0844036697247706,0.0844036697247706,0.0547550432276657,0.0325757575757575,0.0648656888526646
U_2096001,C_735164,2.0,昆明理工大学,2020-12-07 09:32:29,0,A,476,138,0.125,0.0,0.2862385321100917,0.3211009174311927,0.4293948126801152,0.153030303030303,0.0704558924041711
U_14750031,C_1918363,0.0,新乡医学院三全学院,2020-10-30 07:54:12,4,E,461,76,0.0416666666666666,0.0,0.0770642201834862,0.0770642201834862,0.0605187319884726,0.0318181818181818,0.0609903079736974
U_5828838,C_1918363,0.0,信阳职业技术学院,2020-11-12 09:45:44,0,A,130,76,0.0277777777777777,0.0,0.0422018348623853,0.0422018348623853,0.0605187319884726,0.0409090909090909,0.0703806564258273
U_16636110,C_1844112,1.0,内蒙古大学,2020-08-19 08:10:58,0,A,145,63,0.1527777777777777,0.0,0.3211009174311927,0.3229357798165138,0.4956772334293948,0.5189393939393939,0.1111705196753471
U_32102693,C_1992917,1.0,辽宁对外经贸学院,2020-09-07 10:10:36,4,E,781,80,0.0277777777777777,0.0,0.0844036697247706,0.0844036697247706,0.0518731988472622,0.0325757575757575,0.0659787722687109
U_30325739,C_766175,1.0,昆明理工大学,2020-06-02 18:24:23,0,A,476,151,0.0833333333333333,0.0,0.1834862385321101,0.1834862385321101,0.2824207492795388,0.0757575757575757,0.0673099667272939
U_18089761,C_786631,1.0,北华航天工业学院,2020-04-29 19:56:36,2,C,186,154,0.1388888888888889,0.0,0.1779816513761468,0.1779816513761468,0.1815561959654178,0.0704545454545454,0.0787804671625506
U_4740880,C_682392,0.0,陕西工业职业技术学院,2020-09-14 23:16:29,0,A,876,108,0.0972222222222222,0.0,0.1431192660550458,0.2532110091743119,0.170028818443804,0.0492424242424242,0.059716065447115
U_14801049,C_682392,0.0,日照职业技术学院,2020-07-30 16:02:42,3,D,468,108,0.1666666666666666,0.0,0.1706422018348624,0.3119266055045872,0.0922190201729106,0.1621212121212121,0.073849965077288
U_5200046,C_674920,0.0,西昌民族幼儿师专,2020-06-07 21:05:10,4,E,746,87,0.0277777777777777,0.0,0.110091743119266,0.110091743119266,0.1729106628242074,0.0477272727272727,0.0618499850063923
U_32578288,C_735164,2.0,昆明理工大学,2020-10-31 22:59:45,4,E,476,138,0.0416666666666666,0.0,0.0715596330275229,0.0715596330275229,0.0489913544668587,0.028030303030303,0.0622959334909831
U_30027532,C_747056,1.0,辽宁对外经贸学院,2020-05-17 23:17:50,4,E,781,147,0.0416666666666666,0.0,0.0275229357798165,0.0275229357798165,0.0201729106628242,0.0053030303030303,0.0621546481285443
U_33333701,C_697076,1.0,辽宁对外经贸学院,2020-11-12 15:27:28,4,E,781,121,0.0277777777777777,0.0,0.0862385321100917,0.0862385321100917,0.0605187319884726,0.0242424242424242,0.0619566733082262
U_14768583,C_1736024,0.0,辽宁对外经贸学院,2020-04-14 10:28:33,4,E,781,14,0.0277777777777777,0.0,0.1027522935779816,0.1027522935779816,0.0576368876080691,0.0265151515151515,0.0653472248662429
U_28351837,C_1750795,1.0,中国政法大学,2020-06-13 08:06:22,4,E,72,18,0.0416666666666666,0.0,0.0055045871559633,0.0055045871559633,0.0086455331412103,0.0045454545454545,0.0612757659139103
U_16116217,C_786631,1.0,北华航天工业学院,2020-04-05 17:32:45,2,C,186,154,0.0277777777777777,0.0,0.1963302752293578,0.1963302752293578,0.1556195965417867,0.0621212121212121,0.0793405374141868
U_14757861,C_680719,1.0,辽宁对外经贸学院,2020-05-12 16:42:56,4,E,781,94,0.0416666666666666,0.0,0.0091743119266055,0.0091743119266055,0.0115273775216138,0.003030303030303,0.0612554712167505
U_4661816,C_682392,0.0,陕西工业职业技术学院,2019-11-01 21:26:09,0,A,876,108,0.1805555555555555,0.0,0.1889908256880734,0.291743119266055,0.2305475504322766,0.0568181818181818,0.0656438305281022
U_12979541,C_1755893,1.0,辽宁对外经贸学院,2020-11-01 10:02:13,4,E,781,19,0.0277777777777777,0.0,0.0073394495412844,0.0073394495412844,0.0057636887608069,0.0015151515151515,0.0612521382906429
U_14036124,C_1829948,0.0,北方民族大学,2020-06-19 16:46:48,4,E,190,61,0.0416666666666666,0.0,0.0073394495412844,0.0073394495412844,0.0028818443804034,0.0007575757575757,0.061157647606941
U_5076020,C_1864065,0.0,湖北理工学院,2020-07-03 10:44:36,4,E,631,67,0.0277777777777777,0.0,0.1541284403669724,0.1541284403669724,0.1037463976945244,0.053030303030303,0.0645291029345408
U_26594163,C_747056,1.0,辽宁对外经贸学院,2020-04-16 10:47:51,4,E,781,147,0.0416666666666666,0.0,0.0697247706422018,0.0697247706422018,0.0461095100864553,0.031060606060606,0.0628443558344397
U_30813406,C_735283,2.0,辽宁对外经贸学院,2020-07-19 00:12:35,4,E,781,143,0.0277777777777777,0.0,0.0018348623853211,0.0018348623853211,0.0,0.0,0.0617184508051804
U_29911884,C_766175,2.0,华南理工大学,2020-05-10 20:16:12,3,D,211,151,0.125,0.0,0.0055045871559633,0.0055045871559633,0.0086455331412103,0.0022727272727272,0.0822740274323597
U_20240354,C_801420,0.0,辽宁对外经贸学院,2020-09-01 09:37:26,4,E,781,155,0.0277777777777777,0.0,0.0018348623853211,0.0018348623853211,0.0028818443804034,0.0007575757575757,0.0612456853891302
U_18245784,C_697062,0.0,湖北科技学院,2020-04-30 19:18:42,4,E,633,120,0.0416666666666666,0.0,0.0752293577981651,0.0752293577981651,0.0432276657060518,0.0272727272727272,0.0627579919438171
U_30609557,C_1829948,1.0,辽宁对外经贸学院,2020-06-19 09:11:07,4,E,781,61,0.0138888888888888,0.0,0.0220183486238532,0.0220183486238532,0.0201729106628242,0.0053030303030303,0.0610561196453805
U_31025479,C_682750,1.0,辽宁对外经贸学院,2020-07-20 14:45:24,4,E,781,115,0.0277777777777777,0.0,0.0036697247706422,0.0036697247706422,0.0,0.0,0.0612424515098609
U_29059307,C_756642,1.0,辽宁对外经贸学院,2020-03-28 10:57:58,4,E,781,149,0.0138888888888888,0.0,0.0605504587155963,0.0605504587155963,0.0403458213256484,0.0287878787878787,0.0621141676857466
U_10529898,C_735115,2.0,宁夏师范学院,2020-06-09 15:16:33,4,E,335,136,0.0416666666666666,0.0,0.055045871559633,0.055045871559633,0.0374639769452449,0.0128787878787878,0.0628003889429352
U_33383564,C_697076,1.0,辽宁对外经贸学院,2020-11-13 10:17:56,4,E,781,121,0.0416666666666666,0.0,0.0036697247706422,0.0036697247706422,0.0028818443804034,0.0007575757575757,0.0609768078896423
U_30674832,C_1828106,1.0,华中科技大学,2020-08-31 23:35:51,4,E,200,59,0.0277777777777777,0.0,0.055045871559633,0.055045871559633,0.031700288184438,0.0257575757575757,0.0492595299457629
U_23147513,C_1864065,0.0,辽宁对外经贸学院,2020-06-20 19:07:02,4,E,781,67,0.0277777777777777,0.0,0.0055045871559633,0.0055045871559633,0.0086455331412103,0.0045454545454545,0.0614110242762409
U_30469760,C_1829948,0.0,中国医科大学,2020-06-12 12:07:02,2,C,69,61,0.5277777777777778,0.0,0.2477064220183486,0.2477064220183486,0.2103746397694524,0.0553030303030303,0.0765223478204347
U_30551649,C_1829948,0.0,辽宁对外经贸学院,2020-06-16 10:39:36,4,E,781,61,0.0833333333333333,0.0,0.0825688073394495,0.0825688073394495,0.0547550432276657,0.0143939393939393,0.0635919663219831
U_30887544,C_1410126,1.0,辽宁对外经贸学院,2020-07-06 22:37:15,4,E,781,2,0.0138888888888888,0.0,0.0440366972477064,0.0440366972477064,0.0547550432276657,0.0257575757575757,0.0605030421005256
U_30609481,C_680979,2.0,辽宁对外经贸学院,2020-06-19 09:57:05,4,E,781,100,0.0277777777777777,0.0,0.0055045871559633,0.0055045871559633,0.0,0.0,0.0613989999900759
U_30851201,C_801420,0.0,辽宁对外经贸学院,2020-07-06 21:22:18,4,E,781,155,0.0277777777777777,0.0,0.0036697247706422,0.0036697247706422,0.0,0.0,0.0613551222407258
U_26605682,C_1829948,1.0,北方民族大学,2020-06-16 14:32:15,4,E,190,61,0.0277777777777777,0.0,0.0311926605504587,0.0311926605504587,0.0230547550432276,0.006060606060606,0.0614177743182685
U_32966142,C_697076,1.0,辽宁对外经贸学院,2020-09-16 21:42:57,4,E,781,121,0.0416666666666666,0.0,0.073394495412844,0.073394495412844,0.0374639769452449,0.0106060606060606,0.0630140973535112
U_18328585,C_948113,2.0,西安思源学院,2020-02-21 13:35:17,4,E,721,166,0.0833333333333333,0.0,0.0770642201834862,0.0770642201834862,0.0576368876080691,0.0318181818181818,0.0622418935360273
U_33748914,C_697076,2.0,辽宁对外经贸学院,2020-11-19 21:51:02,2,C,781,121,0.1666666666666666,0.0,0.0623853211009174,0.0623853211009174,0.0835734870317002,0.025,0.0744911101183836
U_32311564,C_2027893,0.0,辽宁对外经贸学院,2020-09-09 19:02:32,4,E,781,84,0.0416666666666666,0.0,0.0697247706422018,0.0697247706422018,0.0461095100864553,0.0318181818181818,0.0624761987366199
U_32577471,C_735164,1.0,昆明理工大学,2020-09-16 09:04:22,0,A,476,138,0.1111111111111111,0.0,0.1853211009174312,0.273394495412844,0.2103746397694524,0.0568181818181818,0.0190107904988793
U_14654741,C_786631,2.0,北华航天工业学院,2020-04-13 21:39:55,0,A,186,154,0.0972222222222222,0.0,0.1908256880733945,0.2642201834862385,0.2190201729106628,0.078030303030303,0.070732406414889
U_23864277,C_1829948,1.0,北方民族大学,2020-06-05 13:32:01,2,C,190,61,0.0833333333333333,0.0,0.0073394495412844,0.0073394495412844,0.0057636887608069,0.0015151515151515,0.0695924020682031
U_14078544,C_1736024,2.0,中国地质大学(北京),2020-06-28 08:28:09,4,E,70,14,0.0416666666666666,0.0,0.0587155963302752,0.0587155963302752,0.0576368876080691,0.031060606060606,0.0604005088135568
U_22253382,C_735115,1.0,昆明理工大学,2020-05-11 07:52:00,0,A,476,136,0.1388888888888889,0.0,0.5211009174311927,0.5211009174311927,0.8155619596541787,0.2818181818181818,0.0712340390319507
U_15201928,C_735197,1.0,辽宁石油化工大学,2020-09-09 10:15:33,4,E,790,141,0.0416666666666666,0.0,0.055045871559633,0.055045871559633,0.0518731988472622,0.0295454545454545,0.0630511557280469
U_4683512,C_682392,1.0,陕西工业职业技术学院,2020-08-24 17:32:35,2,C,876,108,0.1527777777777777,0.0,0.4495412844036697,0.4495412844036697,0.2968299711815562,0.1053030303030303,0.0764118610723534
U_33343369,C_697076,2.0,辽宁对外经贸学院,2020-11-23 14:53:03,4,E,781,121,0.0416666666666666,0.0,0.0715596330275229,0.0715596330275229,0.0230547550432276,0.0204545454545454,0.0639898968993844
U_12156509,C_682392,0.0,陕西工业职业技术学院,2020-09-01 08:17:16,0,A,876,108,0.1111111111111111,0.0,0.1963302752293578,0.2807339449541284,0.2190201729106628,0.05,0.0666276281061651
U_9774802,C_735197,0.0,华南理工大学,2020-09-24 22:24:46,4,E,211,141,0.0416666666666666,0.0,0.0623853211009174,0.0623853211009174,0.031700288184438,0.0409090909090909,0.0617285238686316
U_10272620,C_1918363,2.0,新乡医学院三全学院,2020-11-15 21:13:48,4,E,461,76,0.0277777777777777,0.0,0.0073394495412844,0.0073394495412844,0.0,0.0,0.0616774553188237
U_8934412,C_735197,0.0,华南理工大学,2020-10-06 19:27:20,3,D,211,141,0.1666666666666666,0.0,0.1522935779816513,0.2403669724770642,0.0835734870317002,0.1606060606060606,0.0807067498824374
U_30605605,C_1829948,0.0,中国医科大学,2020-06-18 19:40:17,2,C,69,61,0.4444444444444444,0.0,0.2990825688073394,0.2990825688073394,0.3804034582132564,0.1,0.0713803708307989
U_29794242,C_697766,2.0,昆明理工大学,2020-05-06 12:43:45,0,A,476,128,0.0972222222222222,0.0,0.1045871559633027,0.1045871559633027,0.1613832853025936,0.0446969696969697,0.0683280988918403
U_15765425,C_1829948,1.0,辽宁对外经贸学院,2020-06-17 15:36:24,4,E,781,61,0.0416666666666666,0.0,0.0073394495412844,0.0073394495412844,0.0028818443804034,0.0007575757575757,0.0612713880436592
U_5152398,C_735197,2.0,华南理工大学,2020-09-15 21:39:21,3,D,211,141,0.1527777777777777,0.0,0.2330275229357798,0.291743119266055,0.1066282420749279,0.153030303030303,0.088222364541654
U_11246278,C_1992929,1.0,北京体育大学,2020-12-03 15:15:54,0,A,159,81,0.1111111111111111,0.0,0.1669724770642202,0.1669724770642202,0.2622478386167147,0.0689393939393939,0.066539075280417
U_32721097,C_735164,1.0,昆明理工大学,2020-12-01 08:04:52,4,E,476,138,0.0416666666666666,0.0,0.055045871559633,0.055045871559633,0.0864553314121037,0.0401515151515151,0.0620573593716614
U_6758631,C_1824911,2.0,重庆三峡高等医药专科学校,2020-06-10 18:13:31,4,E,828,57,0.0555555555555555,0.0,0.0256880733944954,0.0256880733944954,0.0345821325648414,0.009090909090909,0.0614771727071742
U_10909652,C_1750793,1.0,北京体育大学,2020-06-04 11:15:27,0,A,159,17,0.1111111111111111,0.0,0.036697247706422,0.036697247706422,0.0518731988472622,0.0272727272727272,0.0702596112847873
U_10785669,C_756642,0.0,贵州医科大学,2020-05-11 12:03:01,4,E,762,149,0.0416666666666666,0.0,0.0091743119266055,0.0091743119266055,0.0115273775216138,0.0037878787878787,0.0599687487885471
U_12918108,C_1829948,0.0,北方民族大学,2020-06-13 06:21:42,3,D,190,61,0.8472222222222222,0.0,0.4752293577981651,0.4752293577981651,0.5907780979827089,0.1553030303030303,0.0807586157592932
U_29489924,C_676676,2.0,辽宁对外经贸学院,2020-04-20 21:03:35,4,E,781,91,0.0138888888888888,0.0,0.0660550458715596,0.0660550458715596,0.0518731988472622,0.031060606060606,0.0614674809740502
U_28565030,C_825821,1.0,辽宁对外经贸学院,2020-08-23 14:07:03,4,E,781,159,0.0416666666666666,0.0,0.0018348623853211,0.0018348623853211,0.0,0.0,0.0619475324075854
U_12061767,C_801420,1.0,南京邮电大学,2020-09-04 13:56:48,4,E,228,155,0.0277777777777777,0.0,0.0036697247706422,0.0036697247706422,0.0,0.0,0.0613417707269281
U_32416613,C_735197,1.0,辽宁对外经贸学院,2020-09-11 09:38:24,4,E,781,141,0.0416666666666666,0.0,0.055045871559633,0.055045871559633,0.0547550432276657,0.0257575757575757,0.0625547527840455
U_8867895,C_948078,1.0,辽宁对外经贸学院,2020-02-17 08:56:45,4,E,781,164,0.0277777777777777,0.0,0.0972477064220183,0.0972477064220183,0.0547550432276657,0.0272727272727272,0.0665907678253059
U_30333665,C_1750793,1.0,昆明理工大学,2020-06-03 11:07:50,0,A,476,17,0.0277777777777777,0.0,0.0165137614678899,0.0165137614678899,0.0259365994236311,0.0136363636363636,0.0675387599713372
U_11808134,C_1829948,0.0,北方民族大学,2020-06-04 12:18:15,2,C,190,61,0.2222222222222222,0.0,0.1045871559633027,0.2128440366972477,0.100864553314121,0.0515151515151515,0.0442672992296465
U_33526070,C_2027893,0.0,辽宁对外经贸学院,2020-09-23 22:20:13,4,E,781,84,0.0416666666666666,0.0,0.0256880733944954,0.0256880733944954,0.0172910662824207,0.0053030303030303,0.0619570298768439
U_3805424,C_1017355,1.0,广州中医药大学,2020-04-17 17:23:45,3,D,423,0,0.1527777777777777,0.0,0.181651376146789,0.2073394495412844,0.1296829971181556,0.1386363636363636,0.0806417949659051
U_22755872,C_676646,2.0,天津财经大学,2020-06-10 08:45:16,4,E,327,90,0.0416666666666666,0.0,0.0036697247706422,0.0036697247706422,0.0028818443804034,0.0007575757575757,0.061195716259227
U_14513316,C_1750793,2.0,北京体育大学,2020-06-10 21:40:41,0,A,159,17,0.0972222222222222,0.0,0.036697247706422,0.036697247706422,0.0547550432276657,0.0287878787878787,0.0700897211954585
U_5314549,C_1750793,0.0,农大职院,2020-05-20 20:57:21,0,A,152,17,0.0694444444444444,0.0,0.036697247706422,0.036697247706422,0.0518731988472622,0.0272727272727272,0.0698069771386139
U_30351694,C_1829948,0.0,华南理工大学,2020-06-04 14:41:59,3,D,211,61,0.0833333333333333,0.0,0.0422018348623853,0.0422018348623853,0.0662824207492795,0.0174242424242424,0.0592660213757621
U_30562473,C_1829948,1.0,辽宁对外经贸学院,2020-06-16 16:24:53,4,E,781,61,0.0416666666666666,0.0,0.091743119266055,0.091743119266055,0.0979827089337175,0.0257575757575757,0.0636183424950122
U_30118593,C_766175,2.0,中国医科大学,2020-05-26 16:02:38,2,C,69,151,0.1111111111111111,0.0,0.1834862385321101,0.1834862385321101,0.2449567723342939,0.0659090909090909,0.076921303532612
U_33333602,C_697076,2.0,辽宁对外经贸学院,2020-09-28 14:21:53,4,E,781,121,0.0416666666666666,0.0,0.0825688073394495,0.0825688073394495,0.0691642651296829,0.0318181818181818,0.0614807879167707
U_27419637,C_948113,0.0,西安思源学院,2020-06-22 17:47:45,3,D,721,166,0.0138888888888888,0.0,0.2642201834862385,0.2642201834862385,0.2766570605187319,0.0757575757575757,0.0789845630774732
U_32578720,C_735164,1.0,材料学院,2020-11-19 11:08:19,0,A,493,138,0.1111111111111111,0.0,0.1779816513761468,0.2220183486238532,0.1527377521613832,0.0462121212121212,0.0665247877739977
U_29457150,C_1017355,2.0,中国医科大学,2020-04-18 18:51:59,2,C,69,0,0.1388888888888889,0.0,0.1798165137614679,0.1798165137614679,0.1844380403458213,0.0696969696969697,0.0798413132760975
U_29791810,C_948136,2.0,辽宁对外经贸学院,2020-05-06 10:46:48,4,E,781,168,0.0416666666666666,0.0,0.018348623853211,0.018348623853211,0.0230547550432276,0.006060606060606,0.0616907325474928
U_1593403,C_1750793,0.0,北京体育大学,2020-06-15 10:53:12,0,A,159,17,0.0555555555555555,0.0,0.036697247706422,0.036697247706422,0.0518731988472622,0.0272727272727272,0.0697304089802954
U_31276866,C_735130,1.0,昆明理工大学,2020-08-21 16:16:57,0,A,476,137,0.1111111111111111,0.2,0.1064220183486238,0.2880733944954128,0.0864553314121037,0.0446969696969697,0.0681326596705818
U_5581723,C_1824911,2.0,重庆三峡医药高等专科学校,2020-06-02 17:49:26,2,C,822,57,0.0138888888888888,0.0,0.0623853211009174,0.0623853211009174,0.0893371757925072,0.0234848484848484,0.0801097153507617
U_33220042,C_697076,2.0,辽宁对外经贸学院,2020-09-21 20:48:52,4,E,781,121,0.0416666666666666,0.0,0.0825688073394495,0.0825688073394495,0.0662824207492795,0.034090909090909,0.0617780076690273
U_33060134,C_735164,2.0,昆明理工大学,2020-09-17 17:30:10,0,A,476,138,0.0138888888888888,0.0,0.0330275229357798,0.0348623853211009,0.0518731988472622,0.0242424242424242,0.044376004923645
U_33329295,C_697076,2.0,辽宁对外经贸学院,2020-11-28 16:56:34,4,E,781,121,0.0416666666666666,0.0,0.0091743119266055,0.0091743119266055,0.0028818443804034,0.0007575757575757,0.0628639770130994
U_6131323,C_1017355,1.0,广州中医药大学,2020-03-11 15:14:57,2,C,423,0,0.0138888888888888,0.0,0.1908256880733945,0.1908256880733945,0.1556195965417867,0.0613636363636363,0.075994215221796
U_6911951,C_707035,0.0,河北工业大学,2020-07-22 17:19:15,4,E,552,130,0.0416666666666666,0.0,0.0330275229357798,0.0330275229357798,0.0461095100864553,0.0151515151515151,0.061812500730452
U_32028429,C_1992917,1.0,辽宁对外经贸学院,2020-09-04 22:34:55,4,E,781,80,0.0416666666666666,0.0,0.0055045871559633,0.0055045871559633,0.0028818443804034,0.0007575757575757,0.0611942305566531
U_30969587,C_735283,1.0,辽宁对外经贸学院,2020-07-15 22:23:13,4,E,781,143,0.0416666666666666,0.0,0.0055045871559633,0.0055045871559633,0.0086455331412103,0.0022727272727272,0.0611052518295004
U_12061878,C_801420,0.0,南京邮电大学,2020-09-04 13:58:21,4,E,228,155,0.0277777777777777,0.0,0.0036697247706422,0.0036697247706422,0.0028818443804034,0.0007575757575757,0.061307758042669
U_8397474,C_1771156,1.0,苏州百年职业学院,2020-12-04 13:59:26,0,A,692,36,0.0972222222222222,0.0,0.1009174311926605,0.1082568807339449,0.1585014409221901,0.0416666666666666,0.0681255382029107
U_33546694,C_697076,2.0,辽宁对外经贸学院,2020-12-01 20:35:56,4,E,781,121,0.0555555555555555,0.0,0.1834862385321101,0.1834862385321101,0.2795389048991354,0.0901515151515151,0.0646071468907493
U_33554528,C_697076,2.0,辽宁对外经贸学院,2020-11-19 11:47:16,4,E,781,121,0.0416666666666666,0.0,0.0623853211009174,0.0623853211009174,0.0461095100864553,0.0295454545454545,0.0604253101418576
U_12408143,C_735197,2.0,华南理工大学,2020-09-10 19:57:34,4,E,211,141,0.0138888888888888,0.0,0.0091743119266055,0.0091743119266055,0.0115273775216138,0.003030303030303,0.0611556220990986
U_33139413,C_735385,2.0,辽宁对外经贸学院,2020-09-20 16:17:39,4,E,781,146,0.0416666666666666,0.0,0.0678899082568807,0.0678899082568807,0.0432276657060518,0.0333333333333333,0.062169024777118
U_20290029,C_948395,2.0,西安美术学院,2020-05-26 10:58:11,2,C,727,170,0.1944444444444444,0.0,0.110091743119266,0.110091743119266,0.1095100864553314,0.0606060606060606,0.0744442906779371
U_2031705,C_735164,0.0,昆明理工大学,2020-10-29 10:52:04,4,E,476,138,0.0555555555555555,0.0,0.0091743119266055,0.0091743119266055,0.0144092219020172,0.0075757575757575,0.0608689161687235
U_30497534,C_813262,1.0,辽宁对外经贸学院,2020-06-14 15:08:16,4,E,781,157,0.0277777777777777,0.0,0.0660550458715596,0.0660550458715596,0.0461095100864553,0.0212121212121212,0.0605560668253892
U_6765359,C_1824911,2.0,重庆三峡医药高等专科学校,2020-06-02 19:28:55,4,E,822,57,0.0277777777777777,0.0,0.018348623853211,0.018348623853211,0.0172910662824207,0.0045454545454545,0.0654130563472937
U_29700404,C_676635,2.0,广州中医药大学,2020-04-28 10:15:39,1,B,423,89,0.2222222222222222,0.0,0.0091743119266055,0.0091743119266055,0.0086455331412103,0.0022727272727272,0.1133860358908693
U_29496312,C_825821,0.0,辽宁对外经贸学院,2020-08-02 12:02:39,4,E,781,159,0.0138888888888888,0.0,0.0110091743119266,0.0110091743119266,0.0086455331412103,0.0037878787878787,0.0611321975218496
U_30502162,C_1750793,1.0,昆明理工大学,2020-06-15 02:49:43,0,A,476,17,0.0972222222222222,0.0,0.036697247706422,0.036697247706422,0.0518731988472622,0.0272727272727272,0.0701832709341969
U_32717228,C_735164,2.0,昆明理工大学,2020-09-24 13:51:52,0,A,476,138,0.125,0.0,0.1889908256880734,0.2715596330275229,0.2247838616714697,0.0666666666666666,0.0669177412477764
U_30641509,C_948436,0.0,辽宁对外经贸学院,2020-06-22 09:20:01,4,E,781,171,0.0416666666666666,0.0,0.0495412844036697,0.0495412844036697,0.0489913544668587,0.0015151515151515,0.0626803590319874
U_16125351,C_747056,0.0,河南大学,2020-05-02 17:15:01,4,E,568,147,0.0416666666666666,0.0,0.0146788990825688,0.0146788990825688,0.0057636887608069,0.0022727272727272,0.0615822316885186
U_9776920,C_735197,0.0,华南理工大学,2020-09-18 17:42:46,3,D,211,141,0.1527777777777777,0.0,0.1743119266055046,0.2477064220183486,0.0864553314121037,0.1553030303030303,0.0843385795384602
U_772076,C_735164,0.0,广西科技大学鹿山学院,2020-12-05 17:35:29,0,A,440,138,0.125,0.0,0.2862385321100917,0.2880733944954128,0.446685878962536,0.1628787878787878,0.0667920706193896
U_6350062,C_1017355,2.0,广州中医药大学,2020-03-14 18:50:22,0,A,423,0,0.0416666666666666,0.0,0.1981651376146789,0.2660550458715596,0.1988472622478386,0.0643939393939393,0.0687485477679205
U_30777925,C_674959,0.0,辽宁对外经贸学院,2020-07-26 19:08:49,4,E,781,88,0.0416666666666666,0.0,0.0568807339449541,0.0568807339449541,0.0806916426512968,0.006060606060606,0.0649662164411586
U_13816510,C_674920,2.0,西安美术学院,2020-06-23 17:40:51,4,E,727,87,0.0555555555555555,0.0,0.1302752293577981,0.1302752293577981,0.0893371757925072,0.0234848484848484,0.0640345521664148
U_12606457,C_682392,2.0,昆明理工大学,2020-09-04 10:47:08,0,A,476,108,0.0138888888888888,0.0,0.0623853211009174,0.0623853211009174,0.0951008645533141,0.028030303030303,0.0532177658160292
U_30665099,C_676646,2.0,广州中医药大学,2020-07-03 15:51:06,1,B,423,90,0.2222222222222222,0.0,0.0660550458715596,0.0660550458715596,0.0489913544668587,0.0128787878787878,0.1153417751404552
U_30570740,C_1714448,0.0,中国医科大学,2020-06-16 21:20:44,2,C,69,8,0.0138888888888888,0.0,0.0293577981651376,0.0293577981651376,0.0144092219020172,0.0037878787878787,0.0699492282077257
U_28347880,C_747056,0.0,辽宁对外经贸学院,2020-07-17 14:08:39,4,E,781,147,0.0416666666666666,0.0,0.0238532110091743,0.0238532110091743,0.0259365994236311,0.0075757575757575,0.0619322037868336
U_16094082,C_786631,1.0,北华航天工业学院,2020-03-31 17:18:59,0,A,186,154,0.0277777777777777,0.0,0.1706422018348624,0.2568807339449541,0.2046109510086455,0.0818181818181818,0.0688861040168988
U_16344053,C_674959,0.0,辽宁对外经贸学院,2020-08-03 09:20:22,4,E,781,88,0.0277777777777777,0.0,0.0018348623853211,0.0018348623853211,0.0028818443804034,0.0007575757575757,0.0615247151895399
U_33343353,C_697076,2.0,辽宁对外经贸学院,2020-11-19 11:41:53,4,E,781,121,0.0416666666666666,0.0,0.0715596330275229,0.0715596330275229,0.0230547550432276,0.0196969696969696,0.0639450088722841
U_7592340,C_1732845,2.0,铜仁学院,2020-06-18 23:06:24,3,D,850,13,0.0694444444444444,0.0,0.2660550458715596,0.2660550458715596,0.2824207492795388,0.0742424242424242,0.0795639870813059
U_32312581,C_697076,2.0,中国医科大学,2020-09-27 19:31:01,2,C,69,121,0.1944444444444444,0.0,0.1045871559633027,0.1064220183486238,0.1440922190201729,0.0727272727272727,0.0840420134953362
U_8923724,C_674920,1.0,北二外,2020-06-22 17:12:52,4,E,154,87,0.0277777777777777,0.0,0.0018348623853211,0.0018348623853211,0.0,0.0,0.0612535893268235
U_16293362,C_676646,0.0,辽宁对外经贸学院,2020-07-10 12:19:27,4,E,781,90,0.0277777777777777,0.0,0.0091743119266055,0.0091743119266055,0.0057636887608069,0.0015151515151515,0.0613318165196828
U_15455254,C_735197,0.0,辽宁对外经贸学院,2020-10-23 09:36:30,4,E,781,141,0.0416666666666666,0.0,0.1174311926605504,0.1174311926605504,0.0893371757925072,0.0234848484848484,0.0646886475816132
U_31060235,C_735115,1.0,昆明理工大学,2020-07-25 14:02:28,0,A,476,136,0.125,0.0,0.5211009174311927,0.5211009174311927,0.5273775216138328,0.1742424242424242,0.0747856110349299
U_31133367,C_735050,1.0,辽宁对外经贸学院,2020-08-11 18:05:24,4,E,781,135,0.0277777777777777,0.0,0.0091743119266055,0.0091743119266055,0.0,0.0,0.061823044266385
U_30016598,C_697062,1.0,辽宁对外经贸学院,2020-05-16 20:59:15,4,E,781,120,0.0416666666666666,0.0,0.0055045871559633,0.0055045871559633,0.0057636887608069,0.0015151515151515,0.0607403632773432
U_11903058,C_707358,0.0,深圳职业技术学院,2020-05-09 21:02:42,0,A,611,134,0.0416666666666666,0.0,0.0458715596330275,0.0587155963302752,0.0691642651296829,0.0181818181818181,0.0615127305221102
U_31081098,C_682392,0.0,昆明理工大学,2020-08-14 11:42:49,0,A,476,108,0.0972222222222222,0.0,0.4495412844036697,0.4495412844036697,0.7060518731988472,0.2469696969696969,0.0624367780949916
U_30627504,C_674920,0.0,辽宁对外经贸学院,2020-06-21 12:08:20,4,E,781,87,0.0416666666666666,0.0,0.018348623853211,0.018348623853211,0.0230547550432276,0.006060606060606,0.0609710433636554
U_32578708,C_735164,1.0,昆明理工大学,2020-11-19 10:48:51,0,A,476,138,0.125,0.0,0.2862385321100917,0.2880733944954128,0.4495677233429394,0.1636363636363636,0.0691268423096365
U_11839969,C_674920,0.0,内蒙古农业大学,2020-07-15 06:10:19,4,E,141,87,0.0416666666666666,0.0,0.018348623853211,0.018348623853211,0.0230547550432276,0.006060606060606,0.0615373486137602
U_3699270,C_1017355,2.0,广州中医药大学,2020-03-05 11:01:01,3,D,423,0,0.1388888888888889,0.0,0.1853211009174312,0.2165137614678899,0.1210374639769452,0.1378787878787878,0.0865516523785346
U_645485,C_735164,0.0,西南林业大学,2020-10-24 15:36:03,0,A,711,138,0.1111111111111111,0.0,0.2091743119266055,0.2880733944954128,0.2132564841498559,0.0446969696969697,0.069574514209213
U_20627249,C_948395,1.0,西安美术学院,2020-02-20 19:59:49,1,B,727,170,0.0138888888888888,0.0,0.0220183486238532,0.0385321100917431,0.0345821325648414,0.0219696969696969,0.1121554680676186
U_14781569,C_697076,2.0,长沙理工大学,2020-09-10 19:34:58,4,E,862,121,0.0416666666666666,0.0,0.0752293577981651,0.0752293577981651,0.0489913544668587,0.0325757575757575,0.0627204086210386
U_33863124,C_1912004,2.0,辽宁对外经贸学院,2020-10-03 12:00:02,4,E,781,74,0.0277777777777777,0.0,0.0055045871559633,0.0055045871559633,0.0057636887608069,0.0015151515151515,0.0268146324575912
U_14452850,C_697076,0.0,昆明理工大学,2020-09-21 10:33:02,0,A,476,121,0.0972222222222222,0.0,0.0275229357798165,0.0275229357798165,0.0432276657060518,0.0136363636363636,0.0570552464223354
U_1009244,C_735164,0.0,昆明理工大学,2020-10-20 10:14:31,4,E,476,138,0.0138888888888888,0.0,0.0330275229357798,0.0422018348623853,0.0489913544668587,0.0234848484848484,0.0612893105690427
U_14633039,C_1732845,2.0,铜仁学院,2020-03-25 16:54:26,0,A,850,13,0.1666666666666666,0.0,0.1944954128440367,0.2862385321100917,0.2247838616714697,0.0575757575757575,0.0674934856615676
U_31082331,C_1912004,0.0,中国医科大学,2020-08-26 08:34:14,2,C,69,74,0.1666666666666666,0.0,0.1871559633027523,0.1871559633027523,0.1354466858789625,0.0356060606060606,0.0767262456416808
U_30076183,C_735283,2.0,辽宁对外经贸学院,2020-05-19 19:32:38,4,E,781,143,0.0277777777777777,0.0,0.0201834862385321,0.0201834862385321,0.0115273775216138,0.003030303030303,0.0623366120274573
U_32745307,C_735164,1.0,昆明理工大学,2020-09-15 13:50:03,0,A,476,138,0.1111111111111111,0.0,0.2146788990825688,0.2770642201834862,0.2334293948126801,0.0613636363636363,0.0697733259753144
U_30697085,C_676646,0.0,中国医科大学,2020-06-27 14:30:32,2,C,69,90,0.125,0.0,0.0660550458715596,0.0660550458715596,0.0691642651296829,0.0181818181818181,0.0761213121246538
U_33224569,C_697076,2.0,辽宁对外经贸学院,2020-09-27 16:21:32,0,A,781,121,0.1111111111111111,0.0,0.0275229357798165,0.0275229357798165,0.0403458213256484,0.0121212121212121,0.0634605460246351
U_30932872,C_735115,2.0,辽宁对外经贸学院,2020-07-11 14:44:09,4,E,781,136,0.0416666666666666,0.0,0.055045871559633,0.055045871559633,0.0345821325648414,0.0106060606060606,0.0620252137203035
U_2175094,C_735164,1.0,曲靖师范学院,2020-09-18 08:33:33,0,A,489,138,0.1111111111111111,1.0000000000000002,0.418348623853211,0.8678899082568807,0.6570605187319885,0.0121212121212121,0.1826312850786043
U_33271855,C_2059281,2.0,辽宁对外经贸学院,2020-09-21 15:34:24,4,E,781,85,0.0416666666666666,0.0,0.0091743119266055,0.0091743119266055,0.0086455331412103,0.003030303030303,0.0618372872017271
U_33841959,C_735164,2.0,昆明理工大学,2020-10-19 21:09:39,0,A,476,138,0.0138888888888888,0.0,0.0293577981651376,0.0311926605504587,0.0461095100864553,0.0219696969696969,0.0595459772641096
U_14654872,C_786631,2.0,北华航天工业学院,2020-05-06 18:43:17,0,A,186,154,0.0555555555555555,0.0,0.0605504587155963,0.0605504587155963,0.0749279538904899,0.0227272727272727,0.0726592091306767
U_18567573,C_676646,0.0,辽宁对外经贸学院,2020-06-10 08:28:33,4,E,781,90,0.0416666666666666,0.0,0.018348623853211,0.018348623853211,0.0259365994236311,0.0068181818181818,0.0614708386618673
U_8378617,C_735385,1.0,辽宁对外经贸学院,2020-08-08 14:18:48,4,E,781,146,0.0277777777777777,0.0,0.018348623853211,0.018348623853211,0.0288184438040345,0.0325757575757575,0.0704106379037692
U_30440973,C_1750793,0.0,昆明理工大学,2020-06-10 18:50:46,0,A,476,17,0.0277777777777777,0.0,0.036697247706422,0.036697247706422,0.0374639769452449,0.0196969696969696,0.0697097230481244
U_20217964,C_948120,1.0,中国农业大学,2020-10-04 15:44:02,1,B,67,167,0.0138888888888888,0.0,0.0440366972477064,0.0440366972477064,0.0576368876080691,0.0159090909090909,0.0009077970535061
U_19894186,C_948395,2.0,西安美术学院,2020-05-31 11:03:32,3,D,727,170,0.1666666666666666,0.0,0.0440366972477064,0.0440366972477064,0.0461095100864553,0.0257575757575757,0.0795654282128026
U_21241916,C_948078,0.0,重庆大学,2020-02-23 12:57:17,4,E,835,164,0.0277777777777777,0.0,0.0678899082568807,0.0678899082568807,0.0576368876080691,0.0333333333333333,0.062276733261386
U_15135006,C_697076,2.0,大连职业技术学院,2020-10-07 08:24:42,0,A,311,121,0.0833333333333333,0.0,0.0825688073394495,0.0825688073394495,0.1239193083573487,0.0401515151515151,0.080974844911903
U_24863546,C_948395,2.0,西安美术学院,2020-02-19 20:26:19,1,B,727,170,0.0972222222222222,0.0,0.0293577981651376,0.0513761467889908,0.0461095100864553,0.0234848484848484,0.1125561026237045
U_4361182,C_735164,1.0,华北科技学院,2020-11-15 10:19:51,0,A,208,138,0.125,0.0,0.1944954128440367,0.2623853211009174,0.2449567723342939,0.0651515151515151,0.0614822092388998
U_33200358,C_697076,2.0,辽宁对外贸易学院,2020-11-24 15:37:23,4,E,783,121,0.0555555555555555,0.0,0.2495412844036697,0.2495412844036697,0.170028818443804,0.0454545454545454,0.0672182543074052
U_31070199,C_1912004,0.0,辽宁对外经贸学院,2020-08-08 12:54:32,4,E,781,74,0.0277777777777777,0.0,0.0073394495412844,0.0073394495412844,0.0115273775216138,0.003030303030303,0.0630923047370028
U_8236198,C_801420,0.0,辽宁对外经贸学院,2020-08-18 00:33:04,4,E,781,155,0.0277777777777777,0.0,0.0055045871559633,0.0055045871559633,0.0,0.0,0.0614305414557204
U_30326314,C_676635,2.0,中国医科大学,2020-06-02 19:07:00,2,C,69,89,0.125,0.0,0.0275229357798165,0.0275229357798165,0.0201729106628242,0.0053030303030303,0.0755943631357324
U_1705301,C_735195,0.0,西安交通大学,2020-04-29 22:07:44,4,E,715,140,0.0416666666666666,0.0,0.0385321100917431,0.0385321100917431,0.0461095100864553,0.0136363636363636,0.062027234275804
U_11970522,C_948488,0.0,合肥工业大学,2020-03-06 14:39:00,0,A,248,172,0.1111111111111111,0.0,0.1963302752293578,0.273394495412844,0.2190201729106628,0.059090909090909,0.0708185325930997
U_33554627,C_697076,2.0,辽宁对外经贸学院,2020-11-19 16:53:10,4,E,781,121,0.0416666666666666,0.0,0.0715596330275229,0.0715596330275229,0.0230547550432276,0.0204545454545454,0.0640264402303612
U_11602409,C_1829948,0.0,北方民族大学,2020-06-18 15:23:03,4,E,190,61,0.0416666666666666,0.0,0.0018348623853211,0.0018348623853211,0.0,0.0,0.0609653976938745
U_4661918,C_682392,0.0,陕西工业职业技术学院,2019-10-31 13:48:54,0,A,876,108,0.0138888888888888,0.0,0.1798165137614679,0.2697247706422018,0.2132564841498559,0.0522727272727272,0.0640562137099427
U_4124866,C_707013,2.0,昆明理工大学,2020-09-02 17:34:37,4,E,476,129,0.0416666666666666,0.0,0.0146788990825688,0.0146788990825688,0.0115273775216138,0.003030303030303,0.0615283155421107
U_4096890,C_786631,0.0,西昌学院,2020-03-01 19:27:29,0,A,736,154,0.0277777777777777,0.0,0.1834862385321101,0.2660550458715596,0.2132564841498559,0.0598484848484848,0.0672337452329094
U_6758232,C_1824911,0.0,重庆三峡医药高等专科学校,2020-06-05 22:31:38,4,E,822,57,0.1388888888888889,0.0,0.0623853211009174,0.0623853211009174,0.0979827089337175,0.0257575757575757,0.0633644309727857
U_30002263,C_1714448,2.0,辽宁对外经贸学院,2020-05-20 09:38:25,4,E,781,8,0.0416666666666666,0.0,0.055045871559633,0.055045871559633,0.0489913544668587,0.0128787878787878,0.0634160987559651
U_11044779,C_676646,2.0,天津商业大学,2020-08-11 07:04:49,4,E,316,90,0.0277777777777777,0.0,0.0091743119266055,0.0091743119266055,0.0086455331412103,0.0022727272727272,0.066460719326668
U_3712411,C_1017355,1.0,广州中医药大学,2020-04-17 17:43:02,2,C,423,0,0.1527777777777777,0.0,0.1834862385321101,0.1834862385321101,0.1671469740634005,0.0651515151515151,0.0737170046016051
U_8004908,C_735164,0.0,辽宁工程技术大学,2020-09-18 16:26:14,0,A,785,138,0.0138888888888888,0.0,0.0440366972477064,0.0440366972477064,0.0691642651296829,0.031060606060606,0.0267172750702004
U_774821,C_735164,2.0,济南大学泉城学院,2020-10-30 08:22:43,0,A,593,138,0.0138888888888888,0.0,0.1302752293577981,0.2385321100917431,0.1469740634005763,0.0416666666666666,0.0665507479503062
U_30776219,C_823315,2.0,辽宁对外经贸学院,2020-06-30 14:39:34,4,E,781,158,0.0138888888888888,0.0,0.0862385321100917,0.0862385321100917,0.1037463976945244,0.0287878787878787,0.0625654646996035
U_32753821,C_735164,1.0,昆明理工大学,2020-10-25 12:16:05,0,A,476,138,0.0972222222222222,0.0,0.0091743119266055,0.0110091743119266,0.0144092219020172,0.006060606060606,0.0630781757055247
U_15326414,C_676646,1.0,辽宁对外经贸学院,2020-07-02 20:16:17,4,E,781,90,0.0416666666666666,0.0,0.0165137614678899,0.0165137614678899,0.0230547550432276,0.006060606060606,0.06142942717879
U_31683522,C_682392,0.0,昆明理工大学,2020-10-14 12:05:08,0,A,476,108,0.1388888888888889,0.0,0.4495412844036697,0.4495412844036697,0.7002881844380403,0.2446969696969697,0.0623273164816864
U_12023051,C_948488,1.0,合肥工业大学,2020-03-02 16:35:21,0,A,248,172,0.0277777777777777,0.0,0.1853211009174312,0.2660550458715596,0.2132564841498559,0.0598484848484848,0.067499047141536
U_30491958,C_823315,2.0,辽宁对外经贸学院,2020-06-13 19:47:33,4,E,781,158,0.0416666666666666,0.0,0.0788990825688073,0.0788990825688073,0.0461095100864553,0.0303030303030303,0.0630168161892214
U_32580023,C_1944729,1.0,辽宁对外经贸学院,2020-09-17 07:33:16,4,E,781,79,0.0416666666666666,0.0,0.055045871559633,0.055045871559633,0.0576368876080691,0.0151515151515151,0.3038273646959264
U_31073761,C_682392,0.0,昆明理工大学,2020-07-31 18:33:12,0,A,476,108,0.0694444444444444,0.0,0.4495412844036697,0.4495412844036697,0.547550432276657,0.1863636363636363,0.0641323411098309
U_30267100,C_766175,0.0,华南理工大学,2020-05-29 10:19:43,3,D,211,151,0.0694444444444444,0.0,0.1834862385321101,0.1834862385321101,0.2190201729106628,0.0583333333333333,0.0826879639788242
U_2088044,C_735164,1.0,四川理工学院,2020-10-31 15:35:10,0,A,291,138,0.0555555555555555,0.0,0.2862385321100917,0.2862385321100917,0.4495677233429394,0.1636363636363636,0.0696428614799557
U_12942968,C_1992950,0.0,华南农大,2020-10-20 16:47:16,4,E,210,83,0.0416666666666666,0.0,0.0091743119266055,0.0091743119266055,0.0057636887608069,0.0303030303030303,0.061225975068316
U_3889365,C_697076,0.0,辽宁师范大学,2020-11-30 20:21:46,4,E,786,121,0.0416666666666666,0.0,0.0715596330275229,0.0715596330275229,0.0489913544668587,0.0303030303030303,0.0624524423524627
U_30564172,C_1750793,0.0,中国医科大学,2020-06-16 17:45:04,2,C,69,17,0.0833333333333333,0.0,0.036697247706422,0.036697247706422,0.0461095100864553,0.0242424242424242,0.0764769298927496
U_15536729,C_1776290,2.0,河北农业大学,2020-04-27 19:17:20,2,C,545,48,0.125,0.0,0.0091743119266055,0.0091743119266055,0.0144092219020172,0.0075757575757575,0.0763902936233219
U_8291923,C_1824911,2.0,重庆三峡医药高等专科学校,2020-06-10 19:02:05,4,E,822,57,0.2916666666666666,0.0,0.0623853211009174,0.0623853211009174,0.0922190201729106,0.0242424242424242,0.0647776461181335
U_30593812,C_1829948,0.0,辽宁对外经贸学院,2020-06-18 09:08:37,4,E,781,61,0.2083333333333333,0.0,0.4403669724770642,0.4403669724770642,0.4293948126801152,0.1128787878787878,0.0752745458473263
U_29319395,C_801420,0.0,辽宁对外经贸学院,2020-08-17 07:05:11,4,E,781,155,0.0277777777777777,0.0,0.0055045871559633,0.0055045871559633,0.0,0.0,0.0614305414557204
U_23982467,C_948395,1.0,西安美术学院,2020-02-18 12:14:38,2,C,727,170,0.1666666666666666,0.0,0.1981651376146789,0.1981651376146789,0.1729106628242074,0.0598484848484848,0.0777576500825543
U_9476736,C_756642,2.0,辽宁对外经贸学院,2020-05-11 19:29:24,4,E,781,149,0.0138888888888888,0.0,0.0623853211009174,0.0623853211009174,0.0432276657060518,0.028030303030303,0.0613091694601142
U_4537320,C_735197,0.0,华南理工大学,2020-09-24 12:58:03,3,D,211,141,0.0416666666666666,0.0,0.128440366972477,0.128440366972477,0.1988472622478386,0.059090909090909,0.094763818902181
U_33459839,C_2027893,1.0,辽宁对外经贸学院,2020-09-23 10:47:51,4,E,781,84,0.0138888888888888,0.0,0.0110091743119266,0.0110091743119266,0.0086455331412103,0.003030303030303,0.0608411384829329
U_25364407,C_948436,1.0,西美,2020-05-21 12:30:23,4,E,758,171,0.0416666666666666,0.0,0.0532110091743119,0.0532110091743119,0.0662824207492795,0.0113636363636363,0.0624090746943297
U_21349620,C_823315,2.0,西安石油大学,2020-04-26 16:38:45,4,E,725,158,0.0416666666666666,0.0,0.073394495412844,0.073394495412844,0.0605187319884726,0.0318181818181818,0.0613995992234474
U_7751167,C_1017355,1.0,广州中医药大学,2020-04-30 15:26:45,0,A,423,0,0.0972222222222222,0.0,0.0825688073394495,0.0825688073394495,0.1123919308357348,0.0363636363636363,0.0677867930637128
U_27104869,C_948120,0.0,辽宁对外经贸学院,2020-09-26 14:38:55,4,E,781,167,0.0416666666666666,0.0,0.018348623853211,0.018348623853211,0.0230547550432276,0.006060606060606,0.061595716915548
U_4602364,C_735197,0.0,华南理工大学,2020-10-24 22:42:04,4,E,211,141,0.0277777777777777,0.0,0.0091743119266055,0.0091743119266055,0.0115273775216138,0.003030303030303,0.0615720793875968
U_12984066,C_1829948,0.0,北方民族大学,2020-06-17 09:31:48,4,E,190,61,0.0416666666666666,0.0,0.0311926605504587,0.0311926605504587,0.0374639769452449,0.0098484848484848,0.0613800127111811
U_30463990,C_674959,2.0,辽宁对外经贸学院,2020-06-12 05:27:12,4,E,781,88,0.0277777777777777,0.0,0.0073394495412844,0.0073394495412844,0.0057636887608069,0.0015151515151515,0.0617169651026064
U_16369014,C_735115,1.0,辽宁对外经贸学院,2020-05-14 23:10:31,4,E,781,136,0.0416666666666666,0.0,0.0110091743119266,0.0110091743119266,0.0086455331412103,0.0022727272727272,0.0605283832340949
U_293154,C_735164,0.0,华北理工大学,2020-11-28 15:44:33,0,A,204,138,0.1111111111111111,0.0,0.1779816513761468,0.2697247706422018,0.1585014409221901,0.0537878787878787,0.0735012112550837
U_32881229,C_735164,1.0,昆明理工大学,2020-09-16 10:00:57,0,A,476,138,0.1111111111111111,0.0,0.1853211009174312,0.273394495412844,0.2103746397694524,0.0568181818181818,0.0188382697193632
U_30853016,C_697107,0.0,辽宁对外经贸学院,2020-07-05 22:20:42,4,E,781,122,0.0416666666666666,0.0,0.0660550458715596,0.0660550458715596,0.0403458213256484,0.0121212121212121,0.0633971560481475
U_6220258,C_1829948,0.0,北方民族大学,2020-06-05 15:47:28,4,E,190,61,0.3194444444444444,0.0,0.146788990825688,0.146788990825688,0.1786743515850144,0.0469696969696969,0.0671109519151741
U_6758883,C_1824911,2.0,重庆三峡医药高等专科学校,2020-06-10 18:54:34,4,E,822,57,0.0277777777777777,0.0,0.0862385321100917,0.0862385321100917,0.1210374639769452,0.0318181818181818,0.0603339047671675
U_10782647,C_948120,2.0,中国农业大学,2020-09-26 21:33:04,4,E,67,167,0.0277777777777777,0.0,0.0605504587155963,0.0605504587155963,0.0403458213256484,0.0196969696969696,0.0624880595955017
U_33200355,C_697076,2.0,辽宁对外经贸学院,2020-11-16 10:32:22,4,E,781,121,0.0416666666666666,0.0,0.0458715596330275,0.0458715596330275,0.0374639769452449,0.0128787878787878,0.0618720427372732
U_30828166,C_680979,2.0,辽宁对外经贸学院,2020-07-03 09:20:57,4,E,781,100,0.0277777777777777,0.0,0.0275229357798165,0.0275229357798165,0.0230547550432276,0.0075757575757575,0.064963854174066
U_33319904,C_2059281,2.0,辽宁对外经贸学院,2020-09-21 22:30:19,4,E,781,85,0.0416666666666666,0.0,0.018348623853211,0.018348623853211,0.0201729106628242,0.0098484848484848,0.0376788283263453
U_29724438,C_735115,0.0,华南理工大学,2020-06-04 09:24:56,3,D,211,136,0.1666666666666666,0.0,0.0330275229357798,0.0330275229357798,0.0345821325648414,0.009090909090909,0.0702633503029317
U_33554783,C_697076,2.0,辽宁对外经贸学院,2020-11-18 19:16:07,4,E,781,121,0.0416666666666666,0.0,0.036697247706422,0.036697247706422,0.0576368876080691,0.0181818181818181,0.0630674291235733
U_6117200,C_1017355,2.0,广州中医药大学,2020-05-02 19:44:12,0,A,423,0,0.1111111111111111,0.0,0.0825688073394495,0.0825688073394495,0.1066282420749279,0.0371212121212121,0.0679763786168301
U_11163945,C_676646,2.0,天津商业大学,2020-08-11 00:39:34,4,E,316,90,0.0416666666666666,0.0,0.0605504587155963,0.0605504587155963,0.0432276657060518,0.0303030303030303,0.0178135938762164
U_28937945,C_735306,1.0,辽宁对外经贸学院,2020-10-16 19:56:25,4,E,781,144,0.0555555555555555,0.0,0.055045871559633,0.0605504587155963,0.0749279538904899,0.1287878787878787,0.0642344237336856
U_30253399,C_948395,1.0,中国医科大学,2020-05-28 11:35:51,2,C,69,170,0.1111111111111111,0.0,0.110091743119266,0.110091743119266,0.0922190201729106,0.0515151515151515,0.0750414143517672
U_30579957,C_1829948,2.0,辽宁对外经贸学院,2020-06-17 12:59:54,4,E,781,61,0.0138888888888888,0.0,0.3284403669724771,0.3284403669724771,0.2939481268011527,0.0772727272727272,0.0704202355423968
U_32351004,C_735195,1.0,辽宁对外经贸学院,2020-11-05 12:52:35,4,E,781,140,0.0416666666666666,0.0,0.0422018348623853,0.0422018348623853,0.0576368876080691,0.0166666666666666,0.0622324246582895
U_30881131,C_735197,0.0,广州中医药大学,2020-10-24 11:46:23,1,B,423,141,0.2083333333333333,0.0,0.0513761467889908,0.0513761467889908,0.0288184438040345,0.0075757575757575,0.1082716038269542
U_33219911,C_697076,2.0,辽宁对外经贸学院,2020-09-21 10:33:56,0,A,781,121,0.125,0.0,0.1577981651376147,0.2660550458715596,0.2478386167146974,0.0696969696969697,0.0713728927945101
U_31106078,C_801420,2.0,辽宁对外经贸学院,2020-07-30 22:16:15,4,E,781,155,0.0277777777777777,0.0,0.0073394495412844,0.0073394495412844,0.0,0.0,0.061505960670715
U_31085612,C_682392,0.0,华南理工大学,2020-08-25 18:19:39,3,D,211,108,0.1666666666666666,0.0,0.4495412844036697,0.4495412844036697,0.1786743515850144,0.0469696969696969,0.0834237037028019
U_33140410,C_735164,1.0,昆明理工大学,2020-11-05 10:59:08,0,A,476,138,0.0138888888888888,0.0,0.0091743119266055,0.0091743119266055,0.0144092219020172,0.006060606060606,0.0636217695156161
U_22114869,C_823315,2.0,西安石油大学,2020-05-18 13:22:09,4,E,725,158,0.0416666666666666,0.0,0.0330275229357798,0.0330275229357798,0.0518731988472622,0.0159090909090909,0.0618134664371251
U_5094677,C_674920,0.0,西昌民族幼儿师范高等专科学校,2020-06-29 19:44:59,4,E,751,87,0.1944444444444444,0.0,0.018348623853211,0.018348623853211,0.0288184438040345,0.0075757575757575,0.0613921112824748
U_12154480,C_948488,0.0,合肥工业大学,2020-03-06 14:40:53,2,C,248,172,0.0138888888888888,0.0,0.1889908256880734,0.1889908256880734,0.1642651296829971,0.0537878787878787,0.0723462260741107
U_29680638,C_1017355,0.0,昆明理工大学,2020-05-03 12:54:58,0,A,476,0,0.1388888888888889,0.0,0.0825688073394495,0.0825688073394495,0.1152737752161383,0.0393939393939393,0.0686999157703339
U_20232507,C_948120,0.0,昆明理工大学,2020-09-23 21:45:55,0,A,476,167,0.0972222222222222,0.0,0.2293577981651376,0.2825688073394495,0.2103746397694524,0.0886363636363636,0.063643089347552
U_30327706,C_1738818,1.0,辽宁对外经贸学院,2020-08-22 16:35:42,4,E,781,15,0.0277777777777777,0.0,0.0055045871559633,0.0055045871559633,0.0028818443804034,0.0015151515151515,0.0615708660638281
U_5314631,C_1750793,0.0,昆明理工大学,2020-05-20 20:45:31,0,A,476,17,0.0694444444444444,0.0,0.036697247706422,0.036697247706422,0.0518731988472622,0.0272727272727272,0.06991866730578
U_22712401,C_735115,2.0,辽宁对外经贸学院,2020-05-11 11:15:08,4,E,781,136,0.0416666666666666,0.0,0.0275229357798165,0.0275229357798165,0.0230547550432276,0.0075757575757575,0.0610299514707117
U_34499257,C_697076,2.0,辽宁对外经贸学院,2020-11-20 19:21:40,4,E,781,121,0.0555555555555555,0.0,0.1853211009174312,0.1853211009174312,0.1988472622478386,0.0583333333333333,0.0656850241081354
U_30557873,C_1829948,2.0,辽宁对外经贸学院,2020-06-16 13:40:45,4,E,781,61,0.0416666666666666,0.0,0.0990825688073394,0.0990825688073394,0.0893371757925072,0.0234848484848484,0.0636721051188208
U_24175084,C_948078,1.0,辽宁对外经贸学院,2020-07-12 11:43:25,4,E,781,164,0.0416666666666666,0.0,0.0018348623853211,0.0018348623853211,0.0,0.0,0.0609806509069668
U_33951118,C_1912004,2.0,辽宁对外经贸学院,2020-11-01 22:00:13,4,E,781,74,0.0277777777777777,0.0,0.0073394495412844,0.0073394495412844,0.0057636887608069,0.0015151515151515,0.0619057978997529
U_11065160,C_676646,2.0,天津商业大学,2020-08-11 08:18:55,0,A,316,90,0.0833333333333333,0.0,0.018348623853211,0.018348623853211,0.0259365994236311,0.0068181818181818,0.0807427335987779
U_9046778,C_786631,0.0,中国传媒大学,2020-03-12 15:39:33,4,E,66,154,0.0138888888888888,0.0,0.0752293577981651,0.0752293577981651,0.0489913544668587,0.031060606060606,0.061544029323001
U_30908996,C_735283,1.0,辽宁对外经贸学院,2020-07-09 15:02:14,4,E,781,143,0.0277777777777777,0.0,0.0055045871559633,0.0055045871559633,0.0057636887608069,0.0015151515151515,0.0618012688189931
U_16112769,C_786631,1.0,北华航天工业学院,2020-04-18 15:55:03,0,A,186,154,0.1111111111111111,0.0,0.2091743119266055,0.2752293577981651,0.2305475504322766,0.0818181818181818,0.0743369288576031
U_31060257,C_735115,2.0,中国医科大学,2020-07-25 14:09:23,2,C,69,136,0.2222222222222222,0.0,0.5211009174311927,0.5211009174311927,0.6253602305475504,0.2128787878787879,0.0717867154371106
U_29277420,C_1714448,1.0,辽宁对外经贸学院,2020-04-12 10:33:43,4,E,781,8,0.0416666666666666,0.0,0.0788990825688073,0.0788990825688073,0.0374639769452449,0.031060606060606,0.0629873497548385
U_13139852,C_801420,0.0,南京邮电大学通达学院,2020-09-01 09:39:51,4,E,229,155,0.0416666666666666,0.0,0.0055045871559633,0.0055045871559633,0.0086455331412103,0.0022727272727272,0.06127783599283
U_30550133,C_735283,2.0,辽宁对外经贸学院,2020-07-31 09:06:59,4,E,781,143,0.0277777777777777,0.0,0.0036697247706422,0.0036697247706422,0.0028818443804034,0.0007575757575757,0.0617598573359158
U_1629658,C_735164,0.0,昆明理工大学,2020-11-17 10:19:37,4,E,476,138,0.0416666666666666,0.0,0.0165137614678899,0.0293577981651376,0.0115273775216138,0.0045454545454545,0.0628488674179225
U_12480072,C_697062,0.0,湖北科技学院,2020-04-27 10:17:50,4,E,633,120,0.0416666666666666,0.0,0.0770642201834862,0.0770642201834862,0.0432276657060518,0.0303030303030303,0.0635222224908209
U_33282449,C_735164,1.0,昆明理工大学,2020-10-27 23:18:16,0,A,476,138,0.0972222222222222,0.0,0.1743119266055046,0.2587155963302752,0.1930835734870317,0.0575757575757575,0.0641619016387102
U_30460875,C_1732845,0.0,辽宁对外经贸学院,2020-06-11 19:29:14,4,E,781,13,0.0138888888888888,0.0,0.0220183486238532,0.0220183486238532,0.0259365994236311,0.0068181818181818,0.0608657813362925
U_18328510,C_948113,1.0,西安思源学院,2020-02-20 21:31:50,0,A,721,166,0.0416666666666666,0.0,0.1908256880733945,0.2678899082568807,0.2103746397694524,0.059090909090909,0.0667841666816963
U_23147338,C_823315,0.0,西安石油大学,2020-07-04 15:57:21,4,E,725,158,0.0138888888888888,0.0,0.0880733944954128,0.0880733944954128,0.1095100864553314,0.0303030303030303,0.062745462518777
U_14529769,C_1714448,1.0,钟醇谚,2020-05-15 09:34:59,0,A,848,8,0.1111111111111111,0.0,0.1779816513761468,0.2807339449541284,0.201729106628242,0.0507575757575757,0.0658365608183343
U_18328752,C_948113,2.0,西安思源学院,2020-02-20 21:23:07,0,A,721,166,0.0555555555555555,0.0,0.1908256880733945,0.2678899082568807,0.2103746397694524,0.0598484848484848,0.0669164684959047
U_32212477,C_801420,1.0,辽宁对外经贸学院,2020-09-08 15:47:35,4,E,781,155,0.0277777777777777,0.0,0.0036697247706422,0.0036697247706422,0.0,0.0,0.0613551222407258
U_11398792,C_697076,0.0,辽宁对外经贸学院,2020-10-02 10:51:23,4,E,781,121,0.0138888888888888,0.0,0.0091743119266055,0.0091743119266055,0.0086455331412103,0.0022727272727272,0.0601035069643444
U_30356412,C_1829948,2.0,华南理工大学,2020-06-04 18:10:17,3,D,211,61,0.5694444444444444,0.0,0.4770642201834862,0.4770642201834862,0.6397694524495677,0.1681818181818181,0.0748773383118443
U_14410594,C_735115,2.0,昆明理工大学,2020-05-11 21:31:32,0,A,476,136,0.0138888888888888,0.0,0.4055045871559633,0.4055045871559633,0.6282420749279538,0.2166666666666666,0.067620032854473
U_12291568,C_1907852,0.0,合肥工业大学,2020-11-12 16:50:14,4,E,248,71,0.0416666666666666,0.0,0.0128440366972477,0.0128440366972477,0.0201729106628242,0.0053030303030303,0.0610715560951237
U_5249112,C_1778562,0.0,北京航空航天大学,2020-09-21 10:14:52,4,E,183,49,0.0277777777777777,0.0,0.0036697247706422,0.0036697247706422,0.0028818443804034,0.0007575757575757,0.0203234988652536
U_6984808,C_756642,2.0,玉林市第一人民医院,2020-05-11 19:07:18,1,B,658,149,0.2361111111111111,0.0,0.0165137614678899,0.0165137614678899,0.0259365994236311,0.0287878787878787,0.1185199108491353
U_26106130,C_1017355,0.0,广州中医药大学,2020-03-08 19:31:30,2,C,423,0,0.1388888888888889,0.0,0.2018348623853211,0.2018348623853211,0.1671469740634005,0.0613636363636363,0.0797392256999009
U_31067552,C_682392,0.0,华南理工大学,2020-08-24 13:49:44,3,D,211,108,0.1388888888888889,0.0,0.4495412844036697,0.4495412844036697,0.2622478386167147,0.0856060606060606,0.0820939949467928
U_30424037,C_1829948,0.0,中国医科大学,2020-06-09 18:35:09,2,C,69,61,0.5972222222222222,0.0,0.4770642201834862,0.4770642201834862,0.3198847262247838,0.084090909090909,0.0808657745336089
U_33224883,C_697076,2.0,辽宁对外经贸学院,2020-09-26 15:07:56,0,A,781,121,0.1111111111111111,0.0,0.055045871559633,0.055045871559633,0.0749279538904899,0.0234848484848484,0.0075419086817709
U_5135310,C_1017355,0.0,广州中医药大学,2020-05-07 15:06:10,3,D,423,0,0.1527777777777777,0.0,0.0825688073394495,0.0825688073394495,0.0547550432276657,0.0166666666666666,0.0808319896570777
U_30610914,C_1829948,1.0,辽宁对外经贸学院,2020-06-19 10:18:01,4,E,781,61,0.0416666666666666,0.0,0.0073394495412844,0.0073394495412844,0.0028818443804034,0.0007575757575757,0.0612713880436592
U_30819798,C_676635,1.0,辽宁对外经贸学院,2020-07-04 07:39:44,4,E,781,89,0.0416666666666666,0.0,0.0091743119266055,0.0091743119266055,0.0086455331412103,0.0022727272727272,0.061832107052086
U_16089633,C_948113,2.0,辽宁对外经贸学院,2020-06-25 10:29:54,4,E,781,166,0.0416666666666666,0.0,0.0055045871559633,0.0055045871559633,0.0086455331412103,0.0022727272727272,0.0611230208322846
U_22292742,C_674920,2.0,辽宁对外经贸学院,2020-04-17 12:52:33,4,E,781,87,0.0416666666666666,0.0,0.0770642201834862,0.0770642201834862,0.0605187319884726,0.0333333333333333,0.0617875854982872
U_30844550,C_682486,0.0,辽宁对外经贸学院,2020-07-04 21:12:27,4,E,781,111,0.0277777777777777,0.0,0.0018348623853211,0.0018348623853211,0.0028818443804034,0.0007575757575757,0.0611133043374511
U_30271748,C_735283,1.0,辽宁对外经贸学院,2020-05-29 14:49:38,4,E,781,143,0.0416666666666666,0.0,0.0440366972477064,0.0440366972477064,0.0403458213256484,0.0106060606060606,0.0629769597415048
U_4661778,C_682392,0.0,陕西工业职业技术学院,2019-12-28 23:08:58,3,D,876,108,0.4166666666666666,0.0,0.1541284403669724,0.3192660550458716,0.0864553314121037,0.1613636363636363,0.0788746904197892
U_5256546,C_674920,2.0,西昌民族幼儿师范高等专科学校,2020-06-12 16:07:39,4,E,751,87,0.0555555555555555,0.0,0.018348623853211,0.018348623853211,0.0288184438040345,0.0075757575757575,0.0584996068459747
U_8193854,C_1724288,1.0,保山学院,2020-05-31 10:17:31,4,E,127,9,0.0416666666666666,0.0,0.0275229357798165,0.0275229357798165,0.0144092219020172,0.0037878787878787,0.0620154427497089
U_6159291,C_735197,0.0,华南理工大学,2020-10-13 16:56:18,4,E,211,141,0.0416666666666666,0.0,0.0,0.0,0.0,0.0295454545454545,0.0554134262219371
U_6758879,C_1824911,2.0,重庆三峡医药高等专科学校,2020-06-02 10:25:04,4,E,822,57,0.0277777777777777,0.0,0.091743119266055,0.091743119266055,0.0576368876080691,0.0257575757575757,0.0672960011230989
U_12696002,C_948387,2.0,辽宁对外经贸学院,2020-10-20 09:03:23,4,E,781,169,0.0416666666666666,0.0,0.073394495412844,0.073394495412844,0.0489913544668587,0.0128787878787878,0.0637094160627941
U_6509981,C_1824911,2.0,重庆三峡医药高等专科学校,2020-06-10 19:38:56,4,E,822,57,0.2361111111111111,0.0,0.0605504587155963,0.0605504587155963,0.0951008645533141,0.025,0.0641390069620459
U_30194681,C_1714448,2.0,辽宁对外经贸学院,2020-05-26 20:30:02,4,E,781,8,0.0416666666666666,0.0,0.0844036697247706,0.0844036697247706,0.0605187319884726,0.0159090909090909,0.0644867851728933
U_20343326,C_948120,0.0,昆明理工大学,2020-09-23 22:33:22,0,A,476,167,0.0833333333333333,0.0,0.0275229357798165,0.0275229357798165,0.0403458213256484,0.0113636363636363,0.0691836011003025
U_1337838,C_1750793,2.0,北京体育大学,2020-06-19 12:27:25,4,E,159,17,0.0416666666666666,0.0,0.0073394495412844,0.0073394495412844,0.0086455331412103,0.0045454545454545,0.0614213201950782
U_31400511,C_676646,1.0,辽宁对外经贸学院,2020-08-27 20:06:16,4,E,781,90,0.0277777777777777,0.0,0.0091743119266055,0.0091743119266055,0.0115273775216138,0.003030303030303,0.0612637961035064
U_14245471,C_1714448,2.0,中国医科大学,2020-05-15 17:37:45,4,E,69,8,0.1666666666666666,0.0,0.0642201834862385,0.0642201834862385,0.0806916426512968,0.0212121212121212,0.0660584752594603
U_29752526,C_735115,1.0,辽宁对外经贸学院,2020-05-01 13:59:10,4,E,781,136,0.0138888888888888,0.0,0.1082568807339449,0.1082568807339449,0.0605187319884726,0.0174242424242424,0.0632917504028691
U_29786061,C_1017355,0.0,华南理工大学,2020-05-05 22:34:20,3,D,211,0,0.1388888888888889,0.0,0.036697247706422,0.036697247706422,0.0115273775216138,0.003030303030303,0.0797503090411024
U_30595581,C_1829948,0.0,辽宁对外经贸学院,2020-06-18 10:40:26,4,E,781,61,0.3194444444444444,0.0,0.0220183486238532,0.0220183486238532,0.0172910662824207,0.0045454545454545,0.0640007623375418
U_30418123,C_1736024,2.0,辽宁对外经贸学院,2020-06-09 13:18:01,4,E,781,14,0.0416666666666666,0.0,0.1045871559633027,0.1321100917431192,0.1556195965417867,0.0575757575757575,0.0642623202756821
U_33713616,C_697076,0.0,辽宁对外经贸学院,2020-11-18 21:36:47,4,E,781,121,0.0416666666666666,0.0,0.018348623853211,0.018348623853211,0.0230547550432276,0.0068181818181818,0.0605432303551504
U_30113144,C_1750793,1.0,内蒙古农业大学职业技术学院,2020-05-22 08:03:29,0,A,142,17,0.0833333333333333,0.0,0.036697247706422,0.036697247706422,0.0518731988472622,0.0272727272727272,0.0700627854077931
U_6988414,C_756642,2.0,辽宁对外经贸学院,2020-05-11 19:25:28,4,E,781,149,0.0277777777777777,0.0,0.018348623853211,0.018348623853211,0.0057636887608069,0.0015151515151515,0.0621286136671071
U_33329585,C_697076,2.0,辽宁对外经贸学院,2020-11-03 10:03:48,4,E,781,121,0.0277777777777777,0.0,0.0715596330275229,0.0715596330275229,0.0893371757925072,0.0333333333333333,0.0610035208219215
U_33708490,C_697076,2.0,辽宁对外经贸学院,2020-11-06 08:07:32,4,E,781,121,0.0277777777777777,0.0,0.0770642201834862,0.0770642201834862,0.0720461095100864,0.0272727272727272,0.0615572322665413
U_31090859,C_697076,1.0,华南理工大学,2020-07-29 09:37:07,3,D,211,121,0.1944444444444444,0.0,0.3981651376146789,0.3981651376146789,0.4870317002881844,0.1621212121212121,0.08804490232154
U_31465010,C_801420,1.0,辽宁对外经贸学院,2020-08-25 23:28:29,4,E,781,155,0.0277777777777777,0.0,0.0036697247706422,0.0036697247706422,0.0028818443804034,0.0007575757575757,0.0613211095564667
U_21404648,C_823315,1.0,西安石油大学,2020-07-04 15:26:46,4,E,725,158,0.0416666666666666,0.0,0.0770642201834862,0.0770642201834862,0.1181556195965417,0.034090909090909,0.0627982990546479
U_33366209,C_697076,2.0,辽宁对外经贸学院,2020-09-25 14:18:29,4,E,781,121,0.0416666666666666,0.0,0.0844036697247706,0.0844036697247706,0.0749279538904899,0.0356060606060606,0.0615340255923365
U_33189582,C_735164,2.0,昆明理工大学,2020-09-20 23:22:53,0,A,476,138,0.1111111111111111,0.0,0.1908256880733945,0.2605504587155963,0.2132564841498559,0.0606060606060606,0.0651620320404025
U_29893793,C_786631,1.0,中国医科大学,2020-05-09 12:44:21,2,C,69,154,0.1527777777777777,0.0,0.1229357798165137,0.1229357798165137,0.1556195965417867,0.059090909090909,0.070414753299899
U_30053095,C_948109,0.0,辽宁对外经贸学院,2020-10-08 17:46:59,4,E,781,165,0.0416666666666666,0.0,0.073394495412844,0.073394495412844,0.0259365994236311,0.034090909090909,0.0624886786382409
U_12156404,C_682392,1.0,陕西工业职业技术学院,2020-09-09 08:19:04,0,A,876,108,0.125,0.0,0.1871559633027523,0.2862385321100917,0.2247838616714697,0.0545454545454545,0.0668621561621438
U_20255648,C_948120,0.0,辽宁对外经贸学院,2020-09-25 22:12:23,4,E,781,167,0.0277777777777777,0.0,0.0862385321100917,0.0862385321100917,0.0518731988472622,0.0234848484848484,0.0653541531925793
U_32719328,C_735164,2.0,昆明理工大学,2020-11-30 20:42:54,4,E,476,138,0.0416666666666666,0.0,0.055045871559633,0.0587155963302752,0.0835734870317002,0.0386363636363636,0.0622133829036336
U_5794868,C_1875539,2.0,辽宁对外经贸学院,2020-07-17 13:49:07,4,E,781,69,0.0416666666666666,0.0,0.018348623853211,0.018348623853211,0.0201729106628242,0.053030303030303,0.059664318426465
U_30718443,C_1776290,1.0,辽宁对外经贸学院,2020-06-29 08:34:57,4,E,781,48,0.0277777777777777,0.0,0.0091743119266055,0.0091743119266055,0.0086455331412103,0.0045454545454545,0.0615349813943258
U_1115960,C_735164,0.0,昆明理工大学,2020-10-18 18:50:37,2,C,476,138,0.1527777777777777,0.0,0.2678899082568807,0.4587155963302752,0.2334293948126801,0.0757575757575757,0.0842811719910036
U_6170123,C_735164,0.0,昆明学院,2020-09-23 16:41:02,0,A,473,138,0.0972222222222222,0.0,0.0091743119266055,0.0110091743119266,0.0144092219020172,0.006060606060606,0.0605813485308555
U_5277614,C_674920,0.0,西昌民族幼儿师范高等专科学校,2020-07-18 21:07:49,4,E,751,87,0.0138888888888888,0.0,0.2201834862385321,0.2201834862385321,0.3371757925072046,0.0909090909090909,0.0632402163329214
U_1004792,C_735164,2.0,昆明理工大学,2019-10-17 22:16:19,3,D,476,138,0.1527777777777777,0.0,0.1779816513761468,0.2293577981651376,0.1354466858789625,0.1227272727272727,0.0797559101398061
U_14654611,C_786631,1.0,北华航天工业学院,2020-05-08 15:31:51,3,D,186,154,0.0833333333333333,0.0,0.0880733944954128,0.0880733944954128,0.1066282420749279,0.0333333333333333,0.0778815972959554
U_10434187,C_1750793,1.0,北京体育大学,2020-06-05 15:40:15,0,A,159,17,0.0555555555555555,0.0,0.036697247706422,0.036697247706422,0.0518731988472622,0.0272727272727272,0.0697304089802954
U_30403609,C_786631,0.0,辽宁对外经贸学院,2020-06-09 17:21:04,4,E,781,154,0.0416666666666666,0.0,0.0770642201834862,0.0770642201834862,0.0576368876080691,0.0181818181818181,0.0635340932543866
U_12685670,C_948387,0.0,深圳信息职业技术学院,2020-10-28 11:35:38,4,E,610,169,0.0416666666666666,0.0,0.0091743119266055,0.0091743119266055,0.0086455331412103,0.0022727272727272,0.0613257944719165
U_32158995,C_2027893,1.0,辽宁对外经贸学院,2020-09-08 09:05:48,4,E,781,84,0.0277777777777777,0.0,0.0055045871559633,0.0055045871559633,0.0057636887608069,0.0015151515151515,0.0620846863943379
U_19878111,C_948395,2.0,西安美术学院,2020-05-25 12:01:00,2,C,727,170,0.6944444444444444,0.0,0.110091743119266,0.110091743119266,0.1268011527377521,0.0712121212121212,0.078974430585919
U_5639646,C_707035,0.0,哈尔滨学院,2020-07-12 22:13:06,4,E,269,130,0.0416666666666666,0.0,0.0348623853211009,0.0348623853211009,0.0432276657060518,0.0136363636363636,0.0617328868818571
U_4750605,C_735197,1.0,华南理工大学,2020-09-23 19:36:05,3,D,211,141,0.1527777777777777,0.0,0.1669724770642202,0.2422018348623853,0.0893371757925072,0.1522727272727272,0.0846128501382915
U_11456064,C_674920,0.0,辽宁对外经贸学院,2020-05-21 17:16:18,4,E,781,87,0.0416666666666666,0.0,0.091743119266055,0.091743119266055,0.1210374639769452,0.0318181818181818,0.062831459936098
U_28934310,C_773985,1.0,华南理工大学,2020-08-07 12:00:16,3,D,211,153,0.1666666666666666,0.0,0.2495412844036697,0.2495412844036697,0.0951008645533141,0.0265151515151515,0.0867659005943791
U_30888254,C_674920,1.0,辽宁对外经贸学院,2020-07-10 02:09:05,4,E,781,87,0.0416666666666666,0.0,0.0844036697247706,0.0844036697247706,0.0662824207492795,0.0318181818181818,0.0621252460746062
U_7057937,C_677087,0.0,2,2020-08-01 17:15:07,0,A,5,92,0.125,0.0,0.3614678899082569,0.3614678899082569,0.5677233429394812,0.1492424242424242,0.0672760085187958
U_14919588,C_735130,0.0,辽宁对外经贸学院,2020-11-18 19:14:30,4,E,781,137,0.0416666666666666,0.0,0.0091743119266055,0.0091743119266055,0.0086455331412103,0.0022727272727272,0.0612978335494751
U_33158197,C_735164,1.0,昆明理工大学,2020-09-20 08:24:17,0,A,476,138,0.0138888888888888,0.0,0.2018348623853211,0.218348623853211,0.2507204610951008,0.0424242424242424,0.0634133353491776
U_30786371,C_674920,0.0,辽宁对外经贸学院,2020-07-02 09:37:53,4,E,781,87,0.0555555555555555,0.0,0.2201834862385321,0.2201834862385321,0.100864553314121,0.0265151515151515,0.0683490076793974
U_31183244,C_735385,2.0,辽宁对外经贸学院,2020-09-09 12:47:46,4,E,781,146,0.0416666666666666,0.0,0.0201834862385321,0.0201834862385321,0.031700288184438,0.0083333333333333,0.0600452377093949
U_33384267,C_735164,2.0,昆明理工大学,2020-11-10 16:44:52,2,C,476,138,0.0277777777777777,0.0,0.2862385321100917,0.4403669724770642,0.3371757925072046,0.1204545454545454,0.0817212767420711
U_25005345,C_948395,1.0,西安美术学院,2020-05-11 13:47:11,0,A,727,170,0.125,0.0,0.018348623853211,0.018348623853211,0.0259365994236311,0.0181818181818181,0.0558543282701184
U_30186295,C_1714448,0.0,辽宁对外经贸学院,2020-05-26 11:50:30,4,E,781,8,0.0416666666666666,0.0,0.1064220183486238,0.1064220183486238,0.0720461095100864,0.0189393939393939,0.0652557848251594
U_30670071,C_1472684,1.0,辽宁对外经贸学院,2020-09-25 22:26:59,4,E,781,3,0.0277777777777777,0.0,0.0091743119266055,0.0091743119266055,0.0115273775216138,0.003030303030303,0.0613810626076666
U_30463196,C_735115,1.0,辽宁对外经贸学院,2020-07-28 11:17:41,4,E,781,136,0.0416666666666666,0.0,0.0018348623853211,0.0018348623853211,0.0028818443804034,0.0007575757575757,0.0602193026229565
U_31509833,C_677087,1.0,河南科技大学,2020-08-29 17:14:52,4,E,577,92,0.0694444444444444,0.0,0.0678899082568807,0.0678899082568807,0.0922190201729106,0.0242424242424242,0.1260857021964072
U_14257705,C_1829948,0.0,北方民族大学,2020-06-05 11:25:59,4,E,190,61,0.0833333333333333,0.0,0.1211009174311926,0.1211009174311926,0.1210374639769452,0.0318181818181818,0.0751157143374894
U_12149910,C_948488,1.0,合肥工业大学宣城校区,2020-03-06 14:31:12,0,A,249,172,0.1111111111111111,0.0,0.1871559633027523,0.2660550458715596,0.2132564841498559,0.056060606060606,0.0692515076126149
U_34324782,C_1472684,1.0,辽宁对外经贸学院,2020-10-06 14:23:49,4,E,781,3,0.0416666666666666,0.0,0.018348623853211,0.018348623853211,0.0230547550432276,0.006060606060606,0.0616221178502867
U_5245207,C_674920,0.0,辽宁对外经贸学院,2020-07-19 19:24:31,4,E,781,87,0.0555555555555555,0.0,0.2201834862385321,0.2201834862385321,0.340057636887608,0.0916666666666666,0.0655152479226705
U_31030202,C_707035,0.0,辽宁对外经贸学院,2020-07-20 23:10:25,4,E,781,130,0.0416666666666666,0.0,0.0715596330275229,0.0715596330275229,0.0518731988472622,0.0333333333333333,0.0633871671745088
U_29931541,C_1714448,1.0,辽宁对外经贸学院,2020-05-11 21:07:43,4,E,781,8,0.0416666666666666,0.0,0.0422018348623853,0.0422018348623853,0.0230547550432276,0.006060606060606,0.0631942635523097
U_30540108,C_948436,2.0,辽宁对外经贸学院,2020-06-15 16:24:42,4,E,781,171,0.0416666666666666,0.0,0.0238532110091743,0.0238532110091743,0.0230547550432276,0.0,0.0619055205686058
U_893410,C_735164,1.0,云南农业大学,2020-10-19 21:00:18,0,A,105,138,0.0833333333333333,0.0,0.2825688073394495,0.3376146788990826,0.4265129682997118,0.1545454545454545,0.0032388352502211
U_29934380,C_697062,1.0,昆明理工大学,2020-05-12 08:25:53,0,A,476,120,0.0138888888888888,0.0,0.1889908256880734,0.1889908256880734,0.2219020172910662,0.0606060606060606,0.0671233525793245
U_5643252,C_1824911,2.0,辽宁对外经贸学院,2020-06-03 20:01:29,4,E,781,57,0.1111111111111111,0.0,0.0678899082568807,0.0678899082568807,0.0432276657060518,0.028030303030303,0.06461690795666
U_8294459,C_1017355,0.0,广州中医药大学,2020-04-20 12:02:22,4,E,423,0,0.0416666666666666,0.0,0.073394495412844,0.073394495412844,0.0605187319884726,0.0318181818181818,0.0626932202639357
U_13143650,C_682392,1.0,陕西工业职业技术学院,2020-09-04 15:46:55,0,A,876,108,0.0277777777777777,0.0,0.018348623853211,0.018348623853211,0.0115273775216138,0.003030303030303,0.056673673430273
U_6131281,C_1017355,0.0,广州中医药大学,2020-03-13 13:54:52,4,E,423,0,0.0138888888888888,0.0,0.0807339449541284,0.0807339449541284,0.0403458213256484,0.0287878787878787,0.0646909454682609
U_12060957,C_801420,0.0,南京邮电大学,2020-09-04 13:54:57,4,E,228,155,0.0277777777777777,0.0,0.0055045871559633,0.0055045871559633,0.0,0.0,0.0614171899419227
U_33221384,C_697076,1.0,辽宁对外经贸学院,2020-09-21 10:05:49,4,E,781,121,0.0555555555555555,0.0,0.1779816513761468,0.1779816513761468,0.201729106628242,0.0598484848484848,0.0653457490683528
U_33543426,C_697076,2.0,辽宁对外经贸学院,2020-10-14 10:12:26,4,E,781,121,0.0416666666666666,0.0,0.0642201834862385,0.0642201834862385,0.0432276657060518,0.0121212121212121,0.0623972187877898
U_30111611,C_1750793,2.0,昆明理工大学,2020-05-21 21:36:25,0,A,476,17,0.0833333333333333,0.0,0.036697247706422,0.036697247706422,0.0547550432276657,0.0287878787878787,0.0700133758925261
U_14265030,C_697062,2.0,大连理工大学,2020-05-12 00:24:22,0,A,309,120,0.1111111111111111,0.0,0.1908256880733945,0.273394495412844,0.2161383285302593,0.053030303030303,0.0671410869157153
U_12156324,C_682392,2.0,陕西工业职业技术学院,2020-09-09 08:18:44,4,E,876,108,0.0416666666666666,0.0,0.1064220183486238,0.1064220183486238,0.0518731988472622,0.0295454545454545,0.0569609587846519
U_11129668,C_1410126,0.0,昆明理工大学,2020-05-28 19:10:34,0,A,476,2,0.0972222222222222,0.0,0.2091743119266055,0.2587155963302752,0.1988472622478386,0.0795454545454545,0.0736340033511416
U_20963098,C_1750795,1.0,陆工大,2020-06-13 07:56:15,4,E,870,18,0.0416666666666666,0.0,0.0055045871559633,0.0055045871559633,0.0086455331412103,0.0045454545454545,0.0612757659139103
U_28287689,C_735115,1.0,辽宁对外经贸学院,2020-06-27 17:58:19,4,E,781,136,0.0416666666666666,0.0,0.0055045871559633,0.0055045871559633,0.0028818443804034,0.0007575757575757,0.0603701460052876
U_32314477,C_1944729,2.0,辽宁对外经贸学院,2020-09-18 16:44:29,4,E,781,79,0.0416666666666666,0.0,0.0660550458715596,0.0660550458715596,0.0432276657060518,0.0287878787878787,0.0253980651613647
U_28934310,C_735197,1.0,中国医科大学,2020-11-27 21:18:50,2,C,69,141,0.1805555555555555,0.0,0.3376146788990826,0.3376146788990826,0.2190201729106628,0.0583333333333333,0.0808602625770596
U_33499456,C_2027893,1.0,辽宁对外经贸学院,2020-09-23 14:33:00,4,E,781,84,0.0416666666666666,0.0,0.0110091743119266,0.0110091743119266,0.0172910662824207,0.006060606060606,0.0613500807566583
U_29949447,C_697076,2.0,泽大教育,2020-09-30 14:29:48,0,A,590,121,0.1111111111111111,0.0,0.1944954128440367,0.2660550458715596,0.2103746397694524,0.0795454545454545,0.0682140365528978
U_2008643,C_756642,1.0,清华大学,2020-05-12 10:08:49,3,D,612,149,0.1111111111111111,0.0,0.0091743119266055,0.0091743119266055,0.0057636887608069,0.0022727272727272,0.0749331809192564
U_12300807,C_801420,0.0,西昌学院,2020-08-03 09:12:00,4,E,736,155,0.0277777777777777,0.0,0.0018348623853211,0.0018348623853211,0.0028818443804034,0.0007575757575757,0.0612276638169084
U_30459043,C_1829948,2.0,辽宁对外经贸学院,2020-06-11 18:21:27,4,E,781,61,0.4305555555555555,0.0,0.3192660550458716,0.3192660550458716,0.3890489913544668,0.1022727272727272,0.0735751942909235
U_7750983,C_1017355,0.0,广州中医药大学,2020-04-07 20:40:15,2,C,423,0,0.1388888888888889,0.0,0.1889908256880734,0.1889908256880734,0.1671469740634005,0.0666666666666666,0.0785530902882945
U_30427813,C_1829948,0.0,中国医科大学,2020-06-10 01:10:41,2,C,69,61,0.2222222222222222,0.0,0.1577981651376147,0.2293577981651376,0.1844380403458213,0.0598484848484848,0.0619454265397415
U_33554801,C_697076,2.0,辽宁对外经贸学院,2020-11-29 17:59:12,4,E,781,121,0.0555555555555555,0.0,0.1834862385321101,0.1834862385321101,0.2853025936599423,0.0916666666666666,0.064539121522231
U_14645482,C_697076,0.0,辽宁对外经贸学院,2020-11-29 12:30:58,4,E,781,121,0.0416666666666666,0.0,0.055045871559633,0.055045871559633,0.0461095100864553,0.0128787878787878,0.062157852293762
U_31399787,C_682392,0.0,曲靖师范学院,2020-08-23 16:48:41,4,E,489,108,0.0416666666666666,0.0,0.018348623853211,0.018348623853211,0.0086455331412103,0.0022727272727272,0.0616819817593323
U_1467439,C_735164,0.0,昆明理工大学,2020-10-27 19:03:15,0,A,476,138,0.1111111111111111,0.0,0.1926605504587156,0.2752293577981651,0.2161383285302593,0.0613636363636363,0.0671421566215685
U_1559670,C_1992945,1.0,北京交通大学,2020-10-06 09:01:02,4,E,157,82,0.0416666666666666,0.0,0.0660550458715596,0.0660550458715596,0.0489913544668587,0.034090909090909,0.0623786475056156
U_29763201,C_1714448,0.0,辽宁对外经贸学院,2020-05-02 17:33:21,4,E,781,8,0.0416666666666666,0.0,0.0275229357798165,0.0275229357798165,0.0259365994236311,0.0068181818181818,0.06255688724341
U_30786988,C_674959,1.0,辽宁对外经贸学院,2020-08-16 16:46:45,4,E,781,88,0.0277777777777777,0.0,0.0036697247706422,0.0036697247706422,0.0,0.0,0.0352386813863138
U_4602281,C_735197,1.0,华南理工大学,2020-10-22 22:26:21,4,E,211,141,0.0416666666666666,0.0,0.036697247706422,0.036697247706422,0.0345821325648414,0.025,0.0482728776397276
U_28565467,C_1736024,1.0,辽宁对外经贸学院,2020-05-24 16:53:50,4,E,781,14,0.0416666666666666,0.0,0.0018348623853211,0.0018348623853211,0.0028818443804034,0.0015151515151515,0.0610283171978804
U_30967786,C_735186,1.0,新疆农业职业技术学院,2020-07-15 19:02:25,4,E,464,139,0.0416666666666666,0.0,0.0036697247706422,0.0036697247706422,0.0028818443804034,0.0015151515151515,0.0612768356197635
U_6766246,C_1824911,1.0,重庆三峡医药高等专科学校,2020-06-11 10:15:41,4,E,822,57,0.0138888888888888,0.0,0.0623853211009174,0.0623853211009174,0.0979827089337175,0.0257575757575757,0.06206359437013
U_5421144,C_1824911,2.0,重庆三峡医药高等专科学校,2020-06-10 18:09:50,4,E,822,57,0.0416666666666666,0.0,0.0660550458715596,0.0660550458715596,0.0605187319884726,0.0303030303030303,0.0622600290121131
U_2934841,C_1806527,2.0,广州正修堂医药科技有限公司,2020-06-23 14:43:23,0,A,432,53,0.0138888888888888,0.0,0.0036697247706422,0.0036697247706422,0.0028818443804034,0.0075757575757575,0.0676014863340085
U_15323741,C_1844112,0.0,辽宁对外经贸学院,2020-08-16 21:39:11,4,E,781,63,0.0555555555555555,0.0,0.0146788990825688,0.0165137614678899,0.0201729106628242,0.0227272727272727,0.0547046718090439
U_32593094,C_735164,2.0,昆明理工大学,2020-09-16 08:17:47,0,A,476,138,0.1111111111111111,0.0,0.2073394495412844,0.255045871559633,0.2190201729106628,0.0431818181818181,0.0687989923226474
U_30329813,C_749807,1.0,中国医科大学,2020-06-02 23:14:18,2,C,69,148,0.1666666666666666,0.0,0.3724770642201835,0.3724770642201835,0.340057636887608,0.0893939393939394,0.0791046078454468
U_3360069,C_735195,0.0,贵州医科大学,2020-10-05 23:26:55,4,E,762,140,0.0416666666666666,0.0,0.0678899082568807,0.0678899082568807,0.0518731988472622,0.034090909090909,0.0634586641347082
U_30596017,C_1829948,1.0,辽宁对外经贸学院,2020-06-18 11:07:55,4,E,781,61,0.0416666666666666,0.0,0.0899082568807339,0.0899082568807339,0.0461095100864553,0.0121212121212121,0.0641551416919988
U_33344226,C_697076,2.0,辽宁对外经贸学院,2020-10-28 20:10:53,4,E,781,121,0.0277777777777777,0.0,0.0091743119266055,0.0091743119266055,0.0086455331412103,0.0022727272727272,0.0588103811580474
U_30207454,C_696575,2.0,辽宁对外经贸学院,2020-08-20 00:29:03,4,E,781,116,0.0416666666666666,0.0,0.073394495412844,0.073394495412844,0.100864553314121,0.0265151515151515,0.0223525791437473
U_30041174,C_697062,0.0,辽宁对外经贸学院,2020-05-18 16:49:58,4,E,781,120,0.0416666666666666,0.0,0.0642201834862385,0.0642201834862385,0.0288184438040345,0.0075757575757575,0.0628817361111997
U_989781,C_735164,0.0,昆明理工大学,2020-11-27 22:18:16,0,A,476,138,0.125,0.0,0.2862385321100917,0.2862385321100917,0.446685878962536,0.1628787878787878,0.0691016398416407
U_30367091,C_1829948,1.0,辽宁对外经贸学院,2020-06-05 12:18:18,4,E,781,61,0.0277777777777777,0.0,0.0220183486238532,0.0220183486238532,0.031700288184438,0.0083333333333333,0.0632922159230089
U_6856454,C_756642,2.0,广州中医药大学,2020-05-11 18:57:14,1,B,423,149,0.2083333333333333,0.0,0.0091743119266055,0.0091743119266055,0.0028818443804034,0.0007575757575757,0.1158344043999189
U_24138484,C_948395,2.0,西安美术学院,2020-02-24 20:01:55,0,A,727,170,0.1111111111111111,0.0,0.2036697247706422,0.2807339449541284,0.2046109510086455,0.0583333333333333,0.0712778276391463
U_22130435,C_948113,0.0,昆明理工大学,2020-03-03 12:49:03,0,A,476,166,0.1111111111111111,0.0,0.1889908256880734,0.2678899082568807,0.2161383285302593,0.0553030303030303,0.0730456403701558
U_33224360,C_697076,0.0,辽宁对外经贸学院,2020-11-16 10:17:57,4,E,781,121,0.0416666666666666,0.0,0.0844036697247706,0.0844036697247706,0.0720461095100864,0.0333333333333333,0.0619112157618058
U_13818393,C_682340,1.0,辽宁对外经贸学院,2020-07-09 17:39:28,4,E,781,106,0.0416666666666666,0.0,0.0697247706422018,0.0697247706422018,0.0576368876080691,0.0318181818181818,0.0614460472382503
U_5076549,C_1864065,2.0,湖北理工学院,2020-06-20 15:29:28,4,E,631,67,0.0416666666666666,0.0,0.0972477064220183,0.0972477064220183,0.0922190201729106,0.0386363636363636,0.0571922381043356
U_32577231,C_735164,2.0,昆明理工大学,2020-09-30 14:53:44,0,A,476,138,0.1111111111111111,0.0,0.1889908256880734,0.2935779816513761,0.2074927953890489,0.0696969696969697,0.0660055149150416
U_28779805,C_948387,1.0,辽宁对外经贸学院,2020-09-15 14:52:30,4,E,781,169,0.0416666666666666,0.0,0.0091743119266055,0.0091743119266055,0.0115273775216138,0.003030303030303,0.0615118440529078
U_34079757,C_735385,1.0,辽宁对外经贸学院,2020-10-18 19:45:09,4,E,781,146,0.0416666666666666,0.0,0.018348623853211,0.018348623853211,0.0230547550432276,0.006060606060606,0.0615964052910739
U_7640825,C_756642,2.0,辽宁对外经贸学院,2020-05-11 17:44:16,4,E,781,149,0.0277777777777777,0.0,0.0091743119266055,0.0091743119266055,0.0057636887608069,0.0015151515151515,0.060500798689639
U_12408314,C_735197,0.0,华南理工大学,2020-09-10 22:13:05,4,E,211,141,0.0416666666666666,0.0,0.0697247706422018,0.0697247706422018,0.0489913544668587,0.0295454545454545,0.0626281563958814
U_31084833,C_682392,0.0,华南理工大学,2020-08-22 18:38:12,3,D,211,108,0.1388888888888889,0.0,0.4495412844036697,0.4495412844036697,0.2622478386167147,0.0856060606060606,0.1875264453590798
U_29078603,C_747056,2.0,辽宁对外经贸学院,2020-04-28 23:04:03,4,E,781,147,0.0416666666666666,0.0,0.0788990825688073,0.0788990825688073,0.0691642651296829,0.034090909090909,0.0621596598985603
U_21095742,C_948120,0.0,华南理工大学,2020-10-09 13:45:46,3,D,211,167,0.1388888888888889,0.0,0.018348623853211,0.018348623853211,0.0201729106628242,0.0053030303030303,0.0759225944530488
U_8798894,C_735164,0.0,齐鲁工业大学,2020-12-01 09:54:14,4,E,910,138,0.0694444444444444,0.0,0.018348623853211,0.0256880733944954,0.0259365994236311,0.0128787878787878,0.068355698293322
U_30715983,C_1824911,2.0,辽宁对外经贸学院,2020-06-28 20:39:39,4,E,781,57,0.0833333333333333,0.0,0.0862385321100917,0.0862385321100917,0.1296829971181556,0.034090909090909,0.0629812385649177
U_29979562,C_948395,1.0,辽宁对外经贸学院,2020-05-14 15:35:56,4,E,781,170,0.0277777777777777,0.0,0.018348623853211,0.018348623853211,0.0230547550432276,0.0151515151515151,0.060718780971286
U_30609384,C_1829948,0.0,华南理工大学,2020-06-19 08:54:20,3,D,211,61,0.3888888888888888,0.0,0.3357798165137615,0.3357798165137615,0.3688760806916426,0.0969696969696969,0.0705471739703134
U_29709339,C_747056,0.0,辽宁对外经贸学院,2020-04-28 16:50:47,4,E,781,147,0.0416666666666666,0.0,0.0715596330275229,0.0715596330275229,0.0518731988472622,0.0333333333333333,0.0630384183046464
U_20217712,C_1828108,2.0,辽宁对外经贸学院,2020-08-21 02:53:51,4,E,781,60,0.0416666666666666,0.0,0.0238532110091743,0.0238532110091743,0.0230547550432276,0.006060606060606,0.0306227641650959
U_30489568,C_786631,0.0,华南理工大学,2020-06-13 15:06:44,3,D,211,154,0.1527777777777777,0.0,0.218348623853211,0.218348623853211,0.1037463976945244,0.031060606060606,0.0865485621171808
U_5519753,C_697076,0.0,辽宁对外经贸学院,2020-08-27 03:29:00,4,E,781,121,0.0416666666666666,0.0,0.0788990825688073,0.0788990825688073,0.0662824207492795,0.0303030303030303,0.0072577412778397
U_30361360,C_1829948,2.0,辽宁对外经贸学院,2020-06-05 06:33:55,4,E,781,61,0.0277777777777777,0.0,0.0495412844036697,0.0495412844036697,0.0288184438040345,0.0075757575757575,0.0615900415317156
U_33320228,C_2059281,2.0,辽宁对外经贸学院,2020-09-22 08:54:50,4,E,781,85,0.0416666666666666,0.0,0.018348623853211,0.018348623853211,0.0201729106628242,0.0098484848484848,0.0620604446806733
U_6758150,C_1824911,2.0,重庆三峡医药高等专科学校,2020-06-10 18:21:09,4,E,822,57,0.3333333333333333,0.0,0.0862385321100917,0.0862385321100917,0.1354466858789625,0.0356060606060606,0.0668855510253413
U_26409973,C_735164,1.0,昆明理工大学,2020-11-27 18:07:18,0,A,476,138,0.125,0.0,0.2862385321100917,0.2880733944954128,0.4495677233429394,0.1636363636363636,0.0691268423096365
U_1242555,C_735164,0.0,昆明理工大学,2020-11-03 17:03:41,0,A,476,138,0.0972222222222222,0.0,0.1706422018348624,0.2568807339449541,0.1959654178674351,0.059090909090909,0.0646970071347625
U_34268597,C_697076,2.0,辽宁对外经贸学院,2020-11-18 22:53:27,4,E,781,121,0.0555555555555555,0.0,0.1192660550458715,0.1192660550458715,0.0806916426512968,0.0242424242424242,0.0650169828981098
U_12606287,C_682392,2.0,昆明理工大学,2020-11-19 09:42:46,0,A,476,108,0.0972222222222222,0.0,0.1321100917431192,0.2587155963302752,0.132564841498559,0.0204545454545454,0.0618237574036205
U_30737889,C_697107,1.0,辽宁对外经贸学院,2020-06-29 15:30:15,4,E,781,122,0.0277777777777777,0.0,0.0018348623853211,0.0018348623853211,0.0028818443804034,0.0007575757575757,0.0612067451246675
U_29016752,C_1732845,2.0,中国医科大学,2020-03-25 23:48:36,2,C,69,13,0.0972222222222222,0.0,0.1798165137614679,0.1798165137614679,0.170028818443804,0.0575757575757575,0.0708740731076551
U_5581718,C_1824911,0.0,重庆三峡医药高等专科学校,2020-06-08 14:53:40,4,E,822,57,0.1388888888888889,0.0,0.0073394495412844,0.0073394495412844,0.0028818443804034,0.0007575757575757,0.0644870030759375
U_15201653,C_735197,1.0,辽宁石油化工大学,2020-09-09 10:01:59,4,E,790,141,0.0416666666666666,0.0,0.018348623853211,0.018348623853211,0.0259365994236311,0.0068181818181818,0.060845352925901
U_15084787,C_674959,1.0,辽宁对外经贸学院,2020-08-07 22:03:55,4,E,781,88,0.0277777777777777,0.0,0.0055045871559633,0.0055045871559633,0.0,0.0,0.0617095712561302
U_24635526,C_801420,0.0,辽宁对外经贸学院,2020-08-14 22:48:08,4,E,781,155,0.0277777777777777,0.0,0.0128440366972477,0.0128440366972477,0.0086455331412103,0.0022727272727272,0.0616301852152632
U_28456368,C_681411,0.0,辽宁对外经贸学院,2020-06-07 20:58:37,4,E,781,103,0.0416666666666666,0.0,0.0275229357798165,0.0275229357798165,0.0374639769452449,0.0098484848484848,0.061902544211116
U_2813779,C_674920,1.0,广东省高新技术技工学校,2020-05-22 23:51:46,4,E,415,87,0.0416666666666666,0.0,0.110091743119266,0.110091743119266,0.1613832853025936,0.0439393939393939,0.0663463846089202
U_990095,C_735164,0.0,昆明理工大学,2020-09-24 14:48:24,0,A,476,138,0.0138888888888888,0.0,0.1889908256880734,0.2642201834862385,0.2132564841498559,0.0583333333333333,0.0660269288414738
U_33286460,C_735164,1.0,昆明理工大学,2020-11-02 19:06:49,4,E,476,138,0.0277777777777777,0.0,0.1192660550458715,0.1211009174311926,0.1873198847262247,0.075,0.0630442422587362
U_13761018,C_1912004,0.0,南京理工大学,2020-10-05 16:14:11,4,E,224,74,0.0416666666666666,0.0,0.0055045871559633,0.0055045871559633,0.0057636887608069,0.0015151515151515,0.0612951840465516
U_29814194,C_1017355,0.0,华南理工大学,2020-05-07 15:02:01,3,D,211,0,0.1388888888888889,0.0,0.0458715596330275,0.0458715596330275,0.0086455331412103,0.003030303030303,0.0801596399095877
U_10272655,C_1918363,0.0,新乡医学院三全学院,2020-11-02 08:54:05,2,C,461,76,0.125,0.0,0.1908256880733945,0.1908256880733945,0.1815561959654178,0.0613636363636363,0.0774586722489186
U_13776972,C_735283,2.0,辽宁对外经贸学院,2020-07-04 15:44:00,4,E,781,143,0.0277777777777777,0.0,0.0055045871559633,0.0055045871559633,0.0086455331412103,0.0022727272727272,0.061767256134734
U_29698868,C_1776290,2.0,辽宁对外经贸学院,2020-06-01 19:15:02,4,E,781,48,0.0277777777777777,0.0,0.0091743119266055,0.0091743119266055,0.0115273775216138,0.006060606060606,0.0614973881668634
U_32563132,C_735164,1.0,昆明理工大学,2020-11-26 21:54:01,0,A,476,138,0.125,0.0,0.2862385321100917,0.2862385321100917,0.4495677233429394,0.1636363636363636,0.0690676271573815
U_31066652,C_682392,0.0,辽宁对外经贸学院,2020-08-10 15:28:05,4,E,781,108,0.0138888888888888,0.0,0.055045871559633,0.055045871559633,0.0489913544668587,0.028030303030303,0.0545647037695539
U_33343279,C_697076,2.0,辽宁对外经贸学院,2020-11-17 14:56:12,4,E,781,121,0.0416666666666666,0.0,0.091743119266055,0.091743119266055,0.0518731988472622,0.0234848484848484,0.0621862737840013
U_1858457,C_735306,0.0,聚奎中学,2020-10-15 20:36:10,4,E,691,144,0.1666666666666666,0.0,0.0568807339449541,0.0715596330275229,0.0691642651296829,0.1174242424242424,0.0562674823465606
U_4663715,C_682392,0.0,陕西工业职业技术学院,2019-10-31 13:10:50,0,A,876,108,0.0138888888888888,0.0,0.1798165137614679,0.2697247706422018,0.2132564841498559,0.0522727272727272,0.0640562137099427
U_14919500,C_735283,1.0,辽宁对外经贸学院,2020-07-09 10:45:48,4,E,781,143,0.0277777777777777,0.0,0.0018348623853211,0.0018348623853211,0.0028818443804034,0.0007575757575757,0.0616844381209212
U_5732111,C_1824911,2.0,重庆三峡医药高等专科学校,2020-06-04 08:06:47,4,E,822,57,0.0694444444444444,0.0,0.0532110091743119,0.0532110091743119,0.031700288184438,0.0151515151515151,0.067291326112333
U_33343341,C_697076,2.0,辽宁对外经贸学院,2020-11-23 14:56:49,4,E,781,121,0.0555555555555555,0.0,0.1834862385321101,0.1834862385321101,0.2795389048991354,0.0901515151515151,0.0646071468907493
U_11138915,C_948120,0.0,中国农业大学,2020-10-06 08:52:19,4,E,67,167,0.0416666666666666,0.0,0.0477064220183486,0.0477064220183486,0.0691642651296829,0.0189393939393939,0.0611389327068514
U_32161040,C_1992917,1.0,辽宁对外经贸学院,2020-09-08 09:46:35,4,E,781,80,0.0416666666666666,0.0,0.0660550458715596,0.0660550458715596,0.0576368876080691,0.0348484848484848,0.0635926051740898
U_1414533,C_1750793,2.0,北京体育大学,2020-06-13 22:49:42,0,A,159,17,0.0694444444444444,0.0,0.036697247706422,0.036697247706422,0.0547550432276657,0.0287878787878787,0.0698251175670416
U_7878826,C_1824911,2.0,重庆,2020-06-11 09:12:53,4,E,813,57,0.1944444444444444,0.0,0.0036697247706422,0.0036697247706422,0.0,0.0,0.0640226714981653
U_32307541,C_1760297,1.0,辽宁对外经贸学院,2020-09-09 16:41:05,4,E,781,29,0.0416666666666666,0.0,0.0018348623853211,0.0018348623853211,0.0,0.0,0.0614135103518813
U_13061021,C_735164,0.0,佛山科学技术学院,2020-11-26 22:59:45,0,A,122,138,0.125,0.0,0.2862385321100917,0.2862385321100917,0.4495677233429394,0.1636363636363636,0.0667110057346141
U_493541,C_674920,2.0,华中师范大学,2020-07-14 11:10:07,4,E,199,87,0.0416666666666666,0.0,0.018348623853211,0.018348623853211,0.0259365994236311,0.0068181818181818,0.0615068273305498
U_30973915,C_766175,2.0,辽宁对外经贸学院,2020-07-16 15:00:15,4,E,781,151,0.0277777777777777,0.0,0.0073394495412844,0.0073394495412844,0.0028818443804034,0.0007575757575757,0.0614376431140238
U_6475808,C_735164,0.0,昆明理工大学,2020-09-15 10:59:15,0,A,476,138,0.1111111111111111,0.0,0.1981651376146789,0.273394495412844,0.2247838616714697,0.0621212121212121,0.1081251682886486
U_31065235,C_735115,2.0,昆明理工大学,2020-07-27 08:54:25,0,A,476,136,0.1388888888888889,0.0,0.5211009174311927,0.5211009174311927,0.7665706051873198,0.2621212121212121,0.0718444646961593
U_30834589,C_735195,1.0,华南理工大学,2020-09-03 08:29:23,3,D,211,140,0.125,0.0,0.0385321100917431,0.0385321100917431,0.0230547550432276,0.0068181818181818,0.079760248391322
U_33366230,C_697076,2.0,辽宁对外经贸学院,2020-11-21 21:13:06,4,E,781,121,0.0416666666666666,0.0,0.0091743119266055,0.0091743119266055,0.0115273775216138,0.0037878787878787,0.0646010555101962
U_31521727,C_697076,2.0,中国医科大学,2020-08-28 06:08:05,2,C,69,121,0.2638888888888889,0.0,0.5541284403669725,0.5541284403669725,0.7089337175792507,0.2287878787878788,0.9937164095857212
U_21039303,C_808528,2.0,昆明理工大学,2020-02-19 20:27:29,0,A,476,156,0.0416666666666666,0.0,0.1889908256880734,0.2715596330275229,0.2132564841498559,0.0621212121212121,0.0685013961924054
U_1576831,C_735164,0.0,贵州师范学院,2020-10-02 17:29:17,0,A,764,138,0.0833333333333333,0.0,0.2256880733944954,0.2752293577981651,0.0893371757925072,0.059090909090909,0.0629033431789666
U_8213693,C_756642,2.0,辽宁对外经贸学院,2020-05-11 19:03:52,4,E,781,149,0.0416666666666666,0.0,0.0697247706422018,0.0697247706422018,0.0576368876080691,0.0318181818181818,0.0626867673624229
U_32967351,C_735164,1.0,昆明理工大学,2020-09-17 00:44:29,0,A,476,138,0.1111111111111111,0.0,0.1926605504587156,0.273394495412844,0.2190201729106628,0.0598484848484848,0.0712880411201292
U_5074241,C_735197,0.0,华南理工大学,2020-10-15 15:28:34,3,D,211,141,0.1805555555555555,0.0,0.1027522935779816,0.1853211009174312,0.0115273775216138,0.1393939393939394,0.0365369081047813
U_19218462,C_1736024,2.0,辽宁对外经贸学院,2020-05-15 23:03:43,4,E,781,14,0.0416666666666666,0.0,0.0055045871559633,0.0055045871559633,0.0086455331412103,0.0022727272727272,0.0611147108025544
U_31113238,C_1912004,1.0,辽宁对外经贸学院,2020-09-11 20:01:19,4,E,781,74,0.0416666666666666,0.0,0.0055045871559633,0.0055045871559633,0.0086455331412103,0.0022727272727272,0.0714804923272561
U_30111717,C_1750793,2.0,昆明理工大学,2020-05-21 21:39:42,0,A,476,17,0.0555555555555555,0.0,0.036697247706422,0.036697247706422,0.0518731988472622,0.0272727272727272,0.0697863654915715
U_4897766,C_735164,0.0,青岛科技大学,2020-11-28 13:41:51,4,E,889,138,0.0416666666666666,0.0,0.0256880733944954,0.0293577981651376,0.0345821325648414,0.0143939393939393,0.0617954399125614
U_30716647,C_1824911,2.0,辽宁对外经贸学院,2020-06-28 21:41:03,4,E,781,57,0.1111111111111111,0.0,0.0532110091743119,0.0532110091743119,0.0432276657060518,0.0113636363636363,0.0629086372324717
U_30562348,C_1829948,1.0,辽宁对外经贸学院,2020-06-16 16:20:47,4,E,781,61,0.0416666666666666,0.0,0.0513761467889908,0.0513761467889908,0.0374639769452449,0.0098484848484848,0.0623233843222074
U_8934400,C_735197,0.0,华南理工大学,2020-10-02 09:05:10,4,E,211,141,0.0555555555555555,0.0,0.0293577981651376,0.0293577981651376,0.0259365994236311,0.0075757575757575,0.0559905028157029
U_29901028,C_696674,2.0,辽宁对外经贸学院,2020-05-15 21:54:55,4,E,781,118,0.0416666666666666,0.0,0.0495412844036697,0.0495412844036697,0.0489913544668587,0.0166666666666666,0.062693829401991
U_11064810,C_676646,0.0,天津商业大学,2020-08-11 00:22:28,4,E,316,90,0.0416666666666666,0.0,0.0642201834862385,0.0642201834862385,0.0489913544668587,0.0325757575757575,0.0630568608259308
U_31873424,C_697076,1.0,辽宁对外经贸学院,2020-09-03 14:04:47,4,E,781,121,0.0416666666666666,0.0,0.0091743119266055,0.0091743119266055,0.0115273775216138,0.003030303030303,0.0606840551497913
U_33358649,C_697076,2.0,辽宁对外经贸学院,2020-09-22 11:26:01,4,E,781,121,0.0416666666666666,0.0,0.0165137614678899,0.0165137614678899,0.0144092219020172,0.0045454545454545,0.0609481486869912
U_5094672,C_674920,1.0,西昌民族幼儿师范高等专科学校,2020-06-30 13:08:13,4,E,751,87,0.0694444444444444,0.0,0.0532110091743119,0.0532110091743119,0.0605187319884726,0.0159090909090909,0.0629981310031833
U_19948604,C_948395,2.0,西安美术学院,2020-03-16 12:18:18,0,A,727,170,0.0277777777777777,0.0,0.1889908256880734,0.2715596330275229,0.1988472622478386,0.0613636363636363,0.0688387150571323
U_6159324,C_735197,0.0,华南理工大学,2020-10-04 10:53:38,3,D,211,141,0.2083333333333333,0.0,0.0678899082568807,0.2220183486238532,0.0749279538904899,0.1878787878787878,0.0667584937412188
U_20521816,C_823315,0.0,西安石油大学,2020-07-03 10:13:27,4,E,725,158,0.0277777777777777,0.0,0.0807339449541284,0.0807339449541284,0.1095100864553314,0.0318181818181818,0.0625689164819169
U_19308147,C_682381,0.0,辽宁对外经贸学院,2020-03-05 08:49:22,4,E,781,107,0.0138888888888888,0.0,0.0715596330275229,0.0715596330275229,0.0489913544668587,0.0303030303030303,0.061561580422741
U_32612145,C_735164,2.0,昆明理工大学,2020-12-06 19:49:59,4,E,476,138,0.0555555555555555,0.0,0.1431192660550458,0.1559633027522936,0.2103746397694524,0.0916666666666666,0.0645400674195364
U_11435000,C_801420,2.0,南京邮电大学通达学院,2020-09-04 09:49:41,4,E,229,155,0.0277777777777777,0.0,0.0036697247706422,0.0036697247706422,0.0028818443804034,0.0007575757575757,0.0612704371940118
U_3046638,C_735164,2.0,华东交通大学,2020-09-16 13:55:36,4,E,195,138,0.0416666666666666,0.0,0.073394495412844,0.073394495412844,0.0605187319884726,0.0333333333333333,0.0620517681776415
U_19782070,C_1736024,0.0,集宁师范学院,2020-05-25 05:21:28,4,E,883,14,0.0416666666666666,0.0,0.0330275229357798,0.073394495412844,0.0288184438040345,0.0113636363636363,0.0632501061597218
U_12187011,C_1714448,1.0,中国医科大学,2020-05-12 22:47:36,2,C,69,8,0.1388888888888889,0.0,0.1449541284403669,0.1449541284403669,0.0893371757925072,0.0234848484848484,0.077444404551867
U_595535,C_756642,2.0,玉林市第一人民医院,2020-05-11 17:32:29,4,E,658,149,0.0416666666666666,0.0,0.0660550458715596,0.0660550458715596,0.0605187319884726,0.031060606060606,0.0611612875782471
U_4654326,C_1017355,0.0,云南中医学院,2020-04-16 19:46:51,4,E,103,0,0.0416666666666666,0.0,0.0715596330275229,0.0715596330275229,0.0547550432276657,0.0318181818181818,0.063046985856156
U_33248696,C_697076,2.0,辽宁对外经贸学院,2020-11-16 19:41:51,4,E,781,121,0.0416666666666666,0.0,0.0091743119266055,0.0091743119266055,0.0086455331412103,0.0022727272727272,0.0638305949170658
U_31111903,C_801420,1.0,辽宁对外经贸学院,2020-08-01 02:25:07,4,E,781,155,0.0277777777777777,0.0,0.0036697247706422,0.0036697247706422,0.0,0.0,0.0613551222407258
U_4537167,C_735197,0.0,华南理工大学,2020-09-19 23:53:21,4,E,211,141,0.0416666666666666,0.0,0.0201834862385321,0.0201834862385321,0.0288184438040345,0.0083333333333333,0.0619048420977637
U_29680456,C_735283,2.0,辽宁对外经贸学院,2020-05-14 22:48:30,4,E,781,143,0.0416666666666666,0.0,0.0201834862385321,0.0201834862385321,0.0201729106628242,0.0053030303030303,0.0622345739746798
U_28110370,C_735197,2.0,辽宁石油化工大学,2020-09-15 18:11:33,4,E,790,141,0.0138888888888888,0.0,0.0458715596330275,0.0458715596330275,0.0576368876080691,0.0196969696969696,0.0609509120937787
U_31073963,C_682392,0.0,昆明理工大学,2020-08-15 22:09:51,0,A,476,108,0.1527777777777777,0.0,0.4495412844036697,0.4495412844036697,0.7031700288184437,0.2462121212121212,0.0629999980360846
U_15144625,C_936971,2.0,辽宁对外经贸学院,2020-07-19 09:11:26,4,E,781,162,0.0416666666666666,0.0,0.0018348623853211,0.0018348623853211,0.0028818443804034,0.0007575757575757,0.0613599161076977
U_5643109,C_1824911,2.0,重庆三峡医药高等专科学校,2020-06-03 20:00:11,2,C,822,57,0.1111111111111111,0.0,0.0623853211009174,0.0623853211009174,0.0662824207492795,0.0174242424242424,0.0782489224003338
U_29928446,C_756642,2.0,内江二院,2020-05-11 17:26:17,0,A,139,149,0.0694444444444444,0.0,0.0091743119266055,0.0091743119266055,0.0144092219020172,0.0053030303030303,0.0759316572387498
U_492078,C_735164,1.0,沈阳师范大学,2020-09-19 19:51:34,2,C,538,138,0.0972222222222222,0.0,0.018348623853211,0.0293577981651376,0.0172910662824207,0.0083333333333333,0.0696039855959378
U_34334157,C_697076,1.0,辽宁对外经贸学院,2020-10-06 16:10:20,4,E,781,121,0.0416666666666666,0.0,0.0146788990825688,0.0146788990825688,0.0172910662824207,0.0045454545454545,0.0608422923785987
U_21234391,C_948120,2.0,中国农业大学,2020-09-23 22:00:56,0,A,67,167,0.0972222222222222,0.0,0.2293577981651376,0.273394495412844,0.2190201729106628,0.0818181818181818,0.0708493361597992
U_6985550,C_756642,2.0,广州中医药大学,2020-05-11 19:30:00,1,B,423,149,0.2222222222222222,0.0,0.0091743119266055,0.0091743119266055,0.0144092219020172,0.0053030303030303,0.1156995422249413
U_30587129,C_1829948,0.0,辽宁对外经贸学院,2020-06-17 18:28:34,4,E,781,61,0.0555555555555555,0.0,0.0458715596330275,0.0458715596330275,0.0461095100864553,0.0121212121212121,0.0621273854863126
U_11539664,C_735385,1.0,辽宁工程技术大学,2020-07-06 13:01:35,4,E,785,146,0.0416666666666666,0.0,0.018348623853211,0.018348623853211,0.0115273775216138,0.003030303030303,0.0617209319284788
U_30355885,C_756642,2.0,辽宁对外经贸学院,2020-06-04 17:36:08,4,E,781,149,0.0277777777777777,0.0,0.0091743119266055,0.0091743119266055,0.0057636887608069,0.0015151515151515,0.0617515076874503
U_18109149,C_697107,0.0,河北农业大学,2020-06-11 17:01:56,4,E,545,122,0.0277777777777777,0.0,0.0018348623853211,0.0018348623853211,0.0028818443804034,0.0007575757575757,0.0612276638169084
U_30185440,C_1714448,2.0,中国医科大学,2020-05-26 10:50:47,2,C,69,8,0.1388888888888889,0.0,0.1155963302752293,0.1155963302752293,0.0893371757925072,0.0234848484848484,0.076237672350244
U_32387618,C_2027893,0.0,长安大学,2020-09-21 18:06:54,4,E,854,84,0.0277777777777777,0.0,0.0165137614678899,0.0165137614678899,0.0172910662824207,0.0053030303030303,0.0446128399430703
U_33454588,C_697076,2.0,辽宁对外经贸学院,2020-10-07 10:13:54,4,E,781,121,0.0416666666666666,0.0,0.0697247706422018,0.0697247706422018,0.0576368876080691,0.0272727272727272,0.0036866946186098
U_31036676,C_697144,0.0,昆明理工大学,2020-07-21 21:52:37,0,A,476,123,0.125,0.0,0.3651376146788991,0.3651376146788991,0.1959654178674351,0.0537878787878787,0.0719957785509721
U_16318536,C_677087,1.0,广州中医药大学,2020-09-16 18:07:56,1,B,423,92,0.2083333333333333,0.0,0.0422018348623853,0.055045871559633,0.0662824207492795,0.0318181818181818,0.1214774395349543
U_12432231,C_697076,0.0,长沙理工大学,2020-11-05 19:33:06,2,C,862,121,0.0833333333333333,0.0,0.5541284403669725,0.5541284403669725,0.61671469740634,0.1992424242424242,0.075533637519194
U_12728990,C_813262,0.0,昆明理工大学,2019-10-10 20:21:45,0,A,476,157,0.1111111111111111,0.0,0.1981651376146789,0.2678899082568807,0.201729106628242,0.0507575757575757,0.0712876580378438
U_20543643,C_2027893,0.0,北京石油化工学院,2020-10-03 14:53:53,4,E,176,84,0.0277777777777777,0.0,0.0110091743119266,0.0110091743119266,0.0086455331412103,0.0022727272727272,0.061931550077701
U_32994557,C_735164,2.0,昆明理工大学,2020-09-17 08:27:11,0,A,476,138,0.1111111111111111,0.0,0.1889908256880734,0.2972477064220183,0.2046109510086455,0.0712121212121212,0.0658785863918089
U_11267732,C_1786221,1.0,北京体育大学,2020-12-07 22:17:41,4,E,159,51,0.0277777777777777,0.0,0.0091743119266055,0.0091743119266055,0.0057636887608069,0.0037878787878787,0.061467322499109
U_31639434,C_1912004,0.0,辽宁对外经贸学院,2020-08-29 15:53:54,4,E,781,74,0.0138888888888888,0.0,0.0403669724770642,0.0403669724770642,0.0461095100864553,0.0121212121212121,0.1763126514597837
U_5573437,C_735197,0.0,华南理工大学,2020-09-08 12:25:26,2,C,211,141,0.0972222222222222,0.0,0.0091743119266055,0.0091743119266055,0.0086455331412103,0.0022727272727272,0.0906376117879887
U_33543429,C_697076,1.0,辽宁对外经贸学院,2020-10-16 10:48:51,4,E,781,121,0.0416666666666666,0.0,0.0293577981651376,0.0293577981651376,0.0403458213256484,0.0121212121212121,0.0512361233988537
U_830829,C_756642,0.0,潍坊医学院,2020-05-07 20:54:46,4,E,651,149,0.0416666666666666,0.0,0.0091743119266055,0.0091743119266055,0.0115273775216138,0.0037878787878787,0.0613386854179163
U_33459880,C_2027893,1.0,辽宁对外经贸学院,2020-09-23 10:45:21,4,E,781,84,0.0416666666666666,0.0,0.0165137614678899,0.0165137614678899,0.0259365994236311,0.0083333333333333,0.0614743102535484
U_30497445,C_735115,1.0,辽宁对外经贸学院,2020-06-14 15:06:05,4,E,781,136,0.0416666666666666,0.0,0.055045871559633,0.055045871559633,0.0230547550432276,0.006060606060606,0.0621684255437465
U_30118505,C_1750793,0.0,中国医科大学,2020-05-22 13:31:37,2,C,69,17,0.1111111111111111,0.0,0.036697247706422,0.036697247706422,0.031700288184438,0.0166666666666666,0.0769586689523464
U_31066424,C_801420,0.0,辽宁对外经贸学院,2020-07-26 18:46:34,4,E,781,155,0.0277777777777777,0.0,0.0128440366972477,0.0128440366972477,0.0144092219020172,0.0037878787878787,0.0615621647990868
U_7101863,C_1017355,0.0,广州中医药大学,2020-03-25 10:23:26,3,D,423,0,0.0138888888888888,0.0,0.1706422018348624,0.1926605504587156,0.1066282420749279,0.1340909090909091,0.0822255192433209
U_5581719,C_1824911,0.0,重庆三峡医药高等专科学校,2020-06-02 09:49:25,4,E,822,57,0.0416666666666666,0.0,0.0770642201834862,0.0770642201834862,0.0345821325648414,0.0257575757575757,0.0666253104101498
U_29732262,C_756642,0.0,皖南医学院,2020-05-03 02:27:55,0,A,668,149,0.1111111111111111,0.0,0.2091743119266055,0.2642201834862385,0.2363112391930835,0.0719696969696969,0.0708781736467592
U_6987796,C_756642,2.0,玉林市第一人民医院,2020-05-11 18:34:09,0,A,658,149,0.0833333333333333,0.0,0.0091743119266055,0.0091743119266055,0.0028818443804034,0.0007575757575757,0.0809742258691639
U_23131943,C_936971,0.0,中国医科大学,2020-08-19 11:29:44,2,C,69,162,0.125,0.0,0.0623853211009174,0.0623853211009174,0.0979827089337175,0.034090909090909,0.077541965687555
U_23130690,C_823315,0.0,西安石油大学,2020-06-13 19:47:57,4,E,725,158,0.0416666666666666,0.0,0.0660550458715596,0.0660550458715596,0.0461095100864553,0.0303030303030303,0.0622037654556384
U_30331498,C_1714448,2.0,辽宁对外经贸学院,2020-06-03 08:39:04,4,E,781,8,0.0277777777777777,0.0,0.0018348623853211,0.0018348623853211,0.0,0.0,0.0618071026777668
U_30491828,C_823315,1.0,辽宁对外经贸学院,2020-06-13 19:29:22,4,E,781,158,0.0416666666666666,0.0,0.0678899082568807,0.0678899082568807,0.0461095100864553,0.0295454545454545,0.0619640721070444
U_15048842,C_1824911,0.0,辽宁对外经贸学院,2020-06-10 18:18:41,4,E,781,57,0.2361111111111111,0.0,0.0623853211009174,0.0623853211009174,0.0835734870317002,0.0219696969696969,0.0640002819603762
U_30680591,C_948436,2.0,辽宁对外经贸学院,2020-06-24 20:50:00,4,E,781,171,0.0416666666666666,0.0,0.0201834862385321,0.0201834862385321,0.0057636887608069,0.0,0.0619372749849526
U_28715040,C_1750793,0.0,昆明理工大学,2020-06-06 11:17:33,0,A,476,17,0.1111111111111111,0.0,0.036697247706422,0.036697247706422,0.0547550432276657,0.0287878787878787,0.070277979520943
U_25051266,C_676646,2.0,西安美术学院,2020-06-09 09:21:22,1,B,727,90,0.2222222222222222,0.0,0.0275229357798165,0.0440366972477064,0.0432276657060518,0.025,0.1195537716515977
U_30430190,C_948436,2.0,辽宁对外经贸学院,2020-06-29 15:32:50,4,E,781,171,0.0416666666666666,0.0,0.0440366972477064,0.0440366972477064,0.0518731988472622,0.0037878787878787,0.0624129226639962
U_4516935,C_735197,0.0,华南理工大学,2020-10-19 16:44:49,3,D,211,141,0.1527777777777777,0.0,0.0091743119266055,0.0091743119266055,0.0115273775216138,0.003030303030303,0.0395661037812055
U_30290239,C_948395,0.0,中国医科大学,2020-05-30 23:22:26,2,C,69,170,0.1388888888888889,0.0,0.091743119266055,0.091743119266055,0.0749279538904899,0.0393939393939393,0.0745562482715666
U_30443109,C_1824911,2.0,辽宁对外经贸学院,2020-06-10 20:53:44,4,E,781,57,0.0138888888888888,0.0,0.0623853211009174,0.0623853211009174,0.0806916426512968,0.0212121212121212,0.0656079656679675
U_9457719,C_1778562,1.0,辽宁对外经贸学院,2020-10-21 00:55:45,4,E,781,49,0.0277777777777777,0.0,0.0036697247706422,0.0036697247706422,0.0057636887608069,0.0015151515151515,0.0613672406213872
U_27946055,C_1829948,2.0,辽宁对外经贸学院,2020-06-18 09:02:11,4,E,781,61,0.3055555555555555,0.0,0.1596330275229358,0.1596330275229358,0.1498559077809798,0.0393939393939393,0.0679604568375795
U_30443972,C_735283,0.0,辽宁对外经贸学院,2020-06-10 22:20:25,4,E,781,143,0.0277777777777777,0.0,0.0018348623853211,0.0018348623853211,0.0028818443804034,0.0007575757575757,0.0616844381209212
U_26998346,C_948395,2.0,昆明理工大学,2020-02-24 15:47:34,0,A,476,170,0.1111111111111111,0.0,0.2055045871559633,0.2807339449541284,0.201729106628242,0.0613636363636363,0.0723614495731516
U_30717407,C_948436,1.0,辽宁对外经贸学院,2020-06-28 23:11:46,4,E,781,171,0.0416666666666666,0.0,0.0477064220183486,0.0477064220183486,0.0489913544668587,0.0007575757575757,0.0626085154078541
U_14916295,C_936971,1.0,汉江师范学院,2020-07-19 20:24:20,2,C,519,162,0.1805555555555555,0.0,0.1376146788990825,0.1376146788990825,0.1354466858789625,0.0878787878787878,0.0741255728094358
U_33459891,C_2027893,1.0,辽宁对外经贸学院,2020-09-23 10:45:27,4,E,781,84,0.0416666666666666,0.0,0.0110091743119266,0.0110091743119266,0.0086455331412103,0.003030303030303,0.061455699352639
U_33345573,C_697076,0.0,辽宁对外经贸学院,2020-12-05 17:49:30,4,E,781,121,0.0555555555555555,0.0,0.110091743119266,0.110091743119266,0.1095100864553314,0.031060606060606,0.0636650480315947
U_19118030,C_680814,2.0,南方科技大学,2020-05-16 14:01:03,4,E,232,96,0.0277777777777777,0.0,0.0055045871559633,0.0055045871559633,0.0,0.0,0.0613476194427275
U_6762152,C_1824911,2.0,重庆三峡医药高等专科学校,2020-06-02 10:24:50,4,E,822,57,0.0416666666666666,0.0,0.0899082568807339,0.0899082568807339,0.0547550432276657,0.0265151515151515,0.0702166249569816
U_32967052,C_735164,1.0,辽宁对外经贸学院,2020-12-07 18:15:22,4,E,781,138,0.0555555555555555,0.0,0.2055045871559633,0.2532110091743119,0.2853025936599423,0.109090909090909,0.0674799855775125
U_21383576,C_1774975,0.0,辽宁对外经贸学院,2020-08-18 20:47:02,4,E,781,44,0.0138888888888888,0.0,0.0807339449541284,0.1247706422018348,0.1123919308357348,0.1856060606060606,0.5963640035388698
U_15177582,C_674920,0.0,辽宁对外经贸学院,2020-06-06 21:00:34,4,E,781,87,0.0555555555555555,0.0,0.2201834862385321,0.2201834862385321,0.132564841498559,0.0348484848484848,0.0679748731048885
U_29902729,C_756642,2.0,辽宁对外经贸学院,2020-05-09 22:19:47,4,E,781,149,0.0416666666666666,0.0,0.0660550458715596,0.0660550458715596,0.0576368876080691,0.0318181818181818,0.0616929611013536
U_30054991,C_674920,1.0,辽宁对外经贸学院,2020-05-19 14:51:07,4,E,781,87,0.0416666666666666,0.0,0.036697247706422,0.036697247706422,0.031700288184438,0.0083333333333333,0.0616232172701915
U_31119112,C_1912004,2.0,辽宁对外经贸学院,2020-08-30 21:06:25,4,E,781,74,0.0277777777777777,0.0,0.0055045871559633,0.0055045871559633,0.0,0.0,0.0483363465015194
U_29473620,C_735283,0.0,辽宁对外经贸学院,2020-05-09 10:36:17,4,E,781,143,0.0416666666666666,0.0,0.0238532110091743,0.0238532110091743,0.0230547550432276,0.006060606060606,0.0623514046727517
U_33896362,C_697076,2.0,辽宁对外经贸学院,2020-11-16 17:17:57,4,E,781,121,0.0555555555555555,0.0,0.1559633027522936,0.1559633027522936,0.1498559077809798,0.0431818181818181,0.065067234311502
U_30326263,C_676635,2.0,中国医科大学,2020-06-02 18:56:06,2,C,69,89,0.125,0.0,0.036697247706422,0.036697247706422,0.0576368876080691,0.0151515151515151,0.0753100541388433
U_30390239,C_1755895,1.0,辽宁对外经贸学院,2020-06-07 12:06:47,4,E,781,20,0.0416666666666666,0.0,0.073394495412844,0.073394495412844,0.0893371757925072,0.0234848484848484,0.0627810946188417
U_21173692,C_948078,0.0,辽宁对外经贸学院,2020-02-14 17:15:46,4,E,781,164,0.0416666666666666,0.0,0.0807339449541284,0.0807339449541284,0.0547550432276657,0.0333333333333333,0.0640932027516917
U_17894212,C_786631,2.0,北华航天工业学院,2020-04-23 10:51:11,0,A,186,154,0.0277777777777777,0.0,0.2220183486238532,0.2752293577981651,0.2161383285302593,0.0689393939393939,0.0756838717634697
U_12205212,C_674920,2.0,西昌民族幼儿师范高等专科学校,2020-06-04 10:09:48,4,E,751,87,0.0416666666666666,0.0,0.0862385321100917,0.0862385321100917,0.0922190201729106,0.0219696969696969,0.0599795448939176
U_30180184,C_948395,0.0,中国医科大学,2020-05-25 22:10:26,2,C,69,170,0.1805555555555555,0.0,0.110091743119266,0.110091743119266,0.1268011527377521,0.0727272727272727,0.0752374973774745
U_33224713,C_697076,2.0,辽宁对外经贸学院,2020-09-27 16:57:37,3,D,781,121,0.1388888888888889,0.0,0.0275229357798165,0.0275229357798165,0.0432276657060518,0.0136363636363636,0.0232872639150671
U_995287,C_735164,1.0,昆明理工大学,2020-10-30 22:21:06,0,A,476,138,0.0416666666666666,0.0,0.0990825688073394,0.0990825688073394,0.1556195965417867,0.0742424242424242,0.0651415937253272
U_29463158,C_735283,2.0,辽宁对外经贸学院,2020-05-13 17:09:30,4,E,781,143,0.0416666666666666,0.0,0.0201834862385321,0.0201834862385321,0.0115273775216138,0.003030303030303,0.0627760135160389
U_33329077,C_697076,2.0,辽宁对外经贸学院,2020-11-16 15:55:13,4,E,781,121,0.0416666666666666,0.0,0.0770642201834862,0.0770642201834862,0.0345821325648414,0.0287878787878787,0.0647227642650525
U_6220284,C_1829948,0.0,辽宁对外经贸学院,2020-06-12 08:55:04,4,E,781,61,0.1388888888888889,0.0,0.2146788990825688,0.2146788990825688,0.1210374639769452,0.0318181818181818,0.0689755928352685
U_13059920,C_735385,0.0,湖北师范大学,2020-05-20 00:09:40,4,E,625,146,0.0416666666666666,0.0,0.0110091743119266,0.0110091743119266,0.0115273775216138,0.003030303030303,0.0613934979382104
U_12419476,C_697076,0.0,长沙理工大学,2020-09-07 19:31:02,0,A,862,121,0.0972222222222222,0.0,0.055045871559633,0.055045871559633,0.0864553314121037,0.0287878787878787,0.0671045980604996
U_30933566,C_674920,1.0,辽宁对外经贸学院,2020-07-15 00:22:56,4,E,781,87,0.0416666666666666,0.0,0.018348623853211,0.018348623853211,0.0115273775216138,0.003030303030303,0.0611070941006921
U_29794064,C_766175,2.0,昆明理工大学,2020-05-06 12:33:44,0,A,476,151,0.0138888888888888,0.0,0.1779816513761468,0.1779816513761468,0.2766570605187319,0.0734848484848484,0.0671079458436328
U_32312542,C_697076,1.0,辽宁对外经贸学院,2020-09-09 19:33:22,4,E,781,121,0.0416666666666666,0.0,0.018348623853211,0.018348623853211,0.0086455331412103,0.0022727272727272,0.0610951688613653
U_33009157,C_735164,1.0,昆明理工大学,2020-09-17 10:35:17,0,A,476,138,0.1111111111111111,0.0,0.2055045871559633,0.2623853211009174,0.2276657060518732,0.0522727272727272,0.0695842059423369
U_9040968,C_735197,0.0,湘潭大学,2020-12-01 23:16:11,4,E,647,141,0.0416666666666666,0.0,0.110091743119266,0.110091743119266,0.100864553314121,0.0318181818181818,0.063731191510186
U_15542389,C_735283,2.0,吉林师范大学,2020-06-28 20:20:09,4,E,257,143,0.0277777777777777,0.0,0.0018348623853211,0.0018348623853211,0.0,0.0,0.0612535893268235
U_32753746,C_735164,1.0,昆明理工大学,2020-11-29 23:51:34,4,E,476,138,0.0416666666666666,0.0,0.055045871559633,0.055045871559633,0.0864553314121037,0.0401515151515151,0.0620573593716614
U_29888124,C_756642,2.0,辽宁对外经贸学院,2020-05-26 21:15:23,4,E,781,149,0.0416666666666666,0.0,0.091743119266055,0.091743119266055,0.0489913544668587,0.025,0.0684672646519403
U_1545296,C_735164,0.0,山东师范大学,2020-09-23 12:16:08,4,E,371,138,0.0416666666666666,0.0,0.0678899082568807,0.0678899082568807,0.0576368876080691,0.0333333333333333,0.0633406448745771
U_15109325,C_786631,2.0,河北师范大学汇华学院,2020-05-29 08:57:34,0,A,557,154,0.25,0.0,0.255045871559633,0.255045871559633,0.3976945244956772,0.1401515151515151,0.0704492612183495
U_30387953,C_682340,2.0,辽宁对外经贸学院,2020-06-07 01:05:07,4,E,781,106,0.0416666666666666,0.0,0.018348623853211,0.018348623853211,0.0201729106628242,0.0068181818181818,0.0616961405048619
U_1951117,C_697076,0.0,辽宁装备制造职业技术学院,2020-09-21 11:44:09,2,C,795,121,0.1527777777777777,0.0,0.1724770642201835,0.1724770642201835,0.1815561959654178,0.0704545454545454,0.0760876609613543
U_31099633,C_735164,1.0,昆明理工大学,2020-09-15 08:32:26,0,A,476,138,0.125,0.0,0.2422018348623853,0.3155963302752294,0.2103746397694524,0.059090909090909,0.0595154114098219
U_30937488,C_1912004,2.0,辽宁对外经贸学院,2020-09-08 12:05:45,4,E,781,74,0.0416666666666666,0.0,0.0477064220183486,0.0477064220183486,0.0547550432276657,0.0272727272727272,0.0637902977109189
U_30559369,C_1829948,0.0,辽宁对外经贸学院,2020-06-16 14:35:41,4,E,781,61,0.0138888888888888,0.0,0.0073394495412844,0.0073394495412844,0.0057636887608069,0.0015151515151515,0.0606228144896939
U_15536023,C_1776290,0.0,河北农业大学,2020-05-04 12:08:13,4,E,545,48,0.0277777777777777,0.0,0.0091743119266055,0.0091743119266055,0.0115273775216138,0.006060606060606,0.0615785273367677
U_8934402,C_735197,1.0,华南理工大学,2020-09-08 21:16:21,3,D,211,141,0.0138888888888888,0.0,0.0091743119266055,0.0091743119266055,0.0144092219020172,0.0037878787878787,0.0826725721001583
U_33344073,C_697076,2.0,国际经贸学院,2020-11-16 18:17:01,3,D,298,121,0.0416666666666666,0.0,0.2568807339449541,0.2568807339449541,0.2564841498559078,0.078030303030303,0.0788785532464814
U_33062900,C_735164,1.0,昆明理工大学,2020-10-14 11:00:09,0,A,476,138,0.1111111111111111,0.0,0.181651376146789,0.2587155963302752,0.1585014409221901,0.0484848484848484,0.0712091832278888
U_33344070,C_697076,2.0,辽宁对外经贸学院,2020-11-16 18:18:22,4,E,781,121,0.0138888888888888,0.0,0.2513761467889908,0.2513761467889908,0.2824207492795388,0.0856060606060606,0.0667742025697672
U_7704273,C_1829948,0.0,北方民族大学,2020-06-15 10:53:24,3,D,190,61,0.2638888888888889,0.0,0.3339449541284404,0.3339449541284404,0.4582132564841498,0.1204545454545454,0.0709591196753288
U_30571447,C_786631,0.0,华南理工大学,2020-06-16 22:11:57,3,D,211,154,0.1527777777777777,0.0,0.2348623853211009,0.2348623853211009,0.1296829971181556,0.0363636363636363,0.0869283968372317
U_33043418,C_735164,2.0,昆明理工大学,2020-11-16 14:37:20,0,A,476,138,0.125,0.0,0.2862385321100917,0.3064220183486238,0.440922190201729,0.1598484848484848,0.0698282127807372
U_6762145,C_1824911,1.0,重庆三峡医药高等专科学校,2020-06-02 10:24:40,4,E,822,57,0.0416666666666666,0.0,0.0623853211009174,0.0623853211009174,0.0547550432276657,0.028030303030303,0.0584146296110878
U_396228,C_1806527,1.0,广东省培英职业技术学校,2020-06-25 20:47:08,0,A,412,53,0.0694444444444444,0.0,0.0018348623853211,0.0018348623853211,0.0,0.0,0.0743564757511341
U_31081999,C_697076,0.0,辽宁对外经贸学院,2020-07-28 09:07:15,4,E,781,121,0.0416666666666666,0.0,0.0458715596330275,0.0458715596330275,0.0518731988472622,0.0159090909090909,0.0617055598591806
U_18085883,C_786631,2.0,北华航天工业学院,2020-04-23 14:08:54,0,A,186,154,0.0833333333333333,0.0,0.1944954128440367,0.2678899082568807,0.2190201729106628,0.0803030303030303,0.071243710955707
U_8490494,C_735164,0.0,吕梁学院,2020-11-29 10:39:50,0,A,261,138,0.125,0.0,0.2862385321100917,0.291743119266055,0.446685878962536,0.1628787878787878,0.0668981151167748
U_12604991,C_682392,0.0,陕西工业职业技术学院,2020-11-26 07:55:40,0,A,876,108,0.1527777777777777,0.0,0.4495412844036697,0.4495412844036697,0.7060518731988472,0.2469696969696969,0.0707070999477131
U_18622165,C_801420,0.0,电子科技大学,2020-08-26 11:05:10,4,E,666,155,0.0277777777777777,0.0,0.0036697247706422,0.0036697247706422,0.0,0.0,0.0613007653358877
U_7751030,C_1017355,1.0,广州中医药大学,2020-03-08 10:35:42,0,A,423,0,0.0138888888888888,0.0,0.1944954128440367,0.2623853211009174,0.1959654178674351,0.0636363636363636,0.0687747605136666
U_12156176,C_682392,2.0,陕西工业职业技术学院,2020-09-02 09:02:54,4,E,876,108,0.0277777777777777,0.0,0.0862385321100917,0.0862385321100917,0.0518731988472622,0.0303030303030303,0.0654674281091576
U_4602321,C_735197,1.0,华南理工大学,2020-10-15 11:15:00,4,E,211,141,0.0694444444444444,0.0,0.0,0.0,0.0,0.0484848484848484,0.0504390067685891
U_11794171,C_735385,2.0,陕西科技大学,2020-09-08 08:33:49,4,E,881,146,0.0416666666666666,0.0,0.0532110091743119,0.0532110091743119,0.0518731988472622,0.0136363636363636,0.0628777098572244
U_30572796,C_1829948,2.0,辽宁对外经贸学院,2020-06-17 06:35:24,4,E,781,61,0.0277777777777777,0.0,0.0220183486238532,0.0220183486238532,0.0172910662824207,0.0045454545454545,0.0612224341438482
U_33248605,C_697076,2.0,辽宁对外经贸学院,2020-11-16 18:57:24,4,E,781,121,0.0555555555555555,0.0,0.2110091743119266,0.2110091743119266,0.3227665706051873,0.103030303030303,0.0652211134794258
U_31066330,C_682392,0.0,昆明理工大学,2020-09-21 21:28:50,0,A,476,108,0.0972222222222222,0.0,0.1706422018348624,0.2935779816513761,0.1296829971181556,0.0204545454545454,0.0707235450244258
U_22868375,C_801420,1.0,南京邮电大学,2020-09-08 15:38:53,4,E,228,155,0.0277777777777777,0.0,0.0036697247706422,0.0036697247706422,0.0028818443804034,0.0007575757575757,0.061307758042669
U_34261936,C_697076,1.0,辽宁对外经贸学院,2020-10-05 10:37:35,4,E,781,121,0.0555555555555555,0.0,0.1559633027522936,0.1559633027522936,0.0576368876080691,0.0151515151515151,0.0661735280667854
U_33585587,C_697076,2.0,辽宁对外经贸学院,2020-09-24 14:00:21,4,E,781,121,0.0416666666666666,0.0,0.1376146788990825,0.1376146788990825,0.1786743515850144,0.0545454545454545,0.0178004962111012
U_5503145,C_1017355,2.0,广州中医药大学,2020-03-09 15:01:30,0,A,423,0,0.1111111111111111,0.0,0.2,0.2715596330275229,0.201729106628242,0.0651515151515151,0.0690966825473857
U_30383973,C_696596,1.0,辽宁对外经贸学院,2020-06-06 23:50:59,4,E,781,117,0.0416666666666666,0.0,0.0036697247706422,0.0036697247706422,0.0057636887608069,0.0015151515151515,0.0608301145698343
U_33003684,C_735164,1.0,昆明理工大学,2020-09-18 09:58:17,0,A,476,138,0.0972222222222222,0.0,0.2256880733944954,0.2532110091743119,0.2536023054755043,0.0393939393939393,0.0663517826616055
U_11064865,C_676646,2.0,天津商业大学,2020-08-11 05:51:37,4,E,316,90,0.0416666666666666,0.0,0.018348623853211,0.018348623853211,0.0288184438040345,0.0075757575757575,0.0622969289117076
U_29752515,C_674920,2.0,辽宁对外经贸学院,2020-05-01 13:57:55,4,E,781,87,0.0416666666666666,0.0,0.018348623853211,0.018348623853211,0.0115273775216138,0.003030303030303,0.0611070941006921
U_12408015,C_735197,1.0,华南理工大学,2020-09-09 21:39:25,2,C,211,141,0.0277777777777777,0.0,0.0091743119266055,0.0091743119266055,0.0115273775216138,0.003030303030303,0.0662129041373364
U_31088089,C_682392,0.0,昆明理工大学,2020-08-24 13:10:16,0,A,476,108,0.2638888888888889,0.0,0.4165137614678899,0.4165137614678899,0.6541786743515849,0.2295454545454545,0.0632969355048521
U_32577483,C_735164,2.0,昆明理工大学,2020-11-12 11:32:46,0,A,476,138,0.0972222222222222,0.0,0.0073394495412844,0.0091743119266055,0.0057636887608069,0.0022727272727272,0.0561831984395416
U_30631788,C_676635,1.0,昆明理工大学,2020-06-21 11:07:32,0,A,476,89,0.0833333333333333,0.0,0.0642201834862385,0.0642201834862385,0.0893371757925072,0.0234848484848484,0.0700527816771287
U_31994049,C_801420,1.0,辽宁对外经贸学院,2020-09-04 13:55:13,4,E,781,155,0.0277777777777777,0.0,0.0055045871559633,0.0055045871559633,0.0028818443804034,0.0007575757575757,0.0613965287714613
U_12175323,C_948488,1.0,合肥工业大学,2020-03-06 14:56:55,1,B,248,172,0.0555555555555555,0.0,0.0642201834862385,0.0642201834862385,0.100864553314121,0.0204545454545454,0.1123156069957206
U_6510191,C_1824911,2.0,辽宁对外经贸学院,2020-06-05 18:31:09,4,E,781,57,0.1805555555555555,0.0,0.0623853211009174,0.0623853211009174,0.0951008645533141,0.025,0.0633350289188477
U_5152427,C_735197,2.0,华南理工大学,2020-09-15 19:44:32,4,E,211,141,0.0416666666666666,0.0,0.0293577981651376,0.0293577981651376,0.0461095100864553,0.0401515151515151,0.0652790360704414
U_32935230,C_735164,2.0,昆明理工大学,2020-09-16 16:48:53,0,A,476,138,0.1111111111111111,0.0,0.2018348623853211,0.2825688073394495,0.2190201729106628,0.0643939393939393,0.0685909642482457
U_29712537,C_1714448,0.0,辽宁对外经贸学院,2020-04-28 19:54:23,4,E,781,8,0.0416666666666666,0.0,0.0678899082568807,0.0678899082568807,0.0547550432276657,0.034090909090909,0.0634475114607199
U_12060913,C_801420,0.0,辽宁对外经贸学院,2020-09-04 13:55:11,4,E,781,155,0.0277777777777777,0.0,0.0055045871559633,0.0055045871559633,0.0028818443804034,0.0007575757575757,0.0613965287714613
U_7323729,C_758928,1.0,陕西工业职业技术学院,2020-02-25 00:37:17,4,E,876,150,0.0138888888888888,0.0,0.073394495412844,0.073394495412844,0.0489913544668587,0.031060606060606,0.0613453958412085
U_30916821,C_1472684,0.0,辽宁对外经贸学院,2020-10-30 22:37:50,4,E,781,3,0.0416666666666666,0.0,0.0715596330275229,0.0715596330275229,0.0605187319884726,0.031060606060606,0.0612161644789862
U_18516802,C_948113,2.0,西安思源学院,2020-02-22 17:43:24,2,C,721,166,0.0277777777777777,0.0,0.181651376146789,0.181651376146789,0.1671469740634005,0.0545454545454545,0.0706868250599208
U_30032252,C_735050,2.0,辽宁对外经贸学院,2020-08-03 20:58:42,4,E,781,135,0.0277777777777777,0.0,0.0036697247706422,0.0036697247706422,0.0,0.0,0.0615967816690593
U_20225783,C_1714448,2.0,昆明理工大学,2020-03-19 16:39:58,0,A,476,8,0.0138888888888888,0.0,0.2,0.2660550458715596,0.201729106628242,0.0613636363636363,0.0698353986288532
U_6324507,C_735164,0.0,宜宾学院,2020-12-07 15:52:56,4,E,354,138,0.1111111111111111,0.0,0.2788990825688073,0.2844036697247706,0.4380403458213256,0.1606060606060606,0.0702711750031544
U_14789076,C_1918363,2.0,昆明理工大学,2020-11-09 14:36:39,0,A,476,76,0.0138888888888888,0.0,0.2073394495412844,0.2862385321100917,0.201729106628242,0.0787878787878787,0.074956397498145
U_5256559,C_674920,1.0,西昌民族幼儿师范高等专科学校,2020-06-12 15:01:48,4,E,751,87,0.1388888888888889,0.0,0.0825688073394495,0.0825688073394495,0.0662824207492795,0.0378787878787878,0.0578279702357201
U_8071850,C_697107,2.0,昆明理工大学津桥学院,2020-07-01 15:05:19,4,E,480,122,0.0416666666666666,0.0,0.1027522935779816,0.1027522935779816,0.1095100864553314,0.031060606060606,0.0638688567106864
U_5277650,C_674920,0.0,西昌民族幼儿师范高等专科学校,2020-06-24 08:02:24,4,E,751,87,0.0416666666666666,0.0,0.091743119266055,0.091743119266055,0.0864553314121037,0.0204545454545454,0.0601786092294566
U_32904211,C_1774987,1.0,昆明理工大学,2020-10-14 15:09:54,0,A,476,47,0.1111111111111111,0.0,0.236697247706422,0.3027522935779816,0.239193083573487,0.0742424242424242,0.0649076351886685
U_32158241,C_1912004,2.0,辽宁对外经贸学院,2020-09-08 08:57:34,4,E,781,74,0.0416666666666666,0.0,0.0660550458715596,0.0660550458715596,0.0576368876080691,0.0325757575757575,0.0617848419008674
U_30111741,C_1750793,2.0,昆明理工大学,2020-05-21 21:41:36,0,A,476,17,0.0277777777777777,0.0,0.036697247706422,0.036697247706422,0.0489913544668587,0.0257575757575757,0.069559355090617
U_30629104,C_1410126,0.0,辽宁对外经贸学院,2020-06-21 07:47:41,4,E,781,2,0.0416666666666666,0.0,0.0073394495412844,0.0073394495412844,0.0086455331412103,0.003030303030303,0.0613572319383808
U_29442678,C_676646,2.0,天津商业大学,2020-08-11 12:21:49,4,E,316,90,0.0277777777777777,0.0,0.0091743119266055,0.0091743119266055,0.0144092219020172,0.0037878787878787,0.0620336475585815
U_20768894,C_697076,0.0,辽宁对外经贸学院,2020-12-03 18:28:42,4,E,781,121,0.0555555555555555,0.0,0.2018348623853211,0.2018348623853211,0.2276657060518732,0.0696969696969697,0.0660057922461887
U_30407188,C_735115,0.0,辽宁对外经贸学院,2020-06-08 18:40:50,4,E,781,136,0.0555555555555555,0.0,0.110091743119266,0.110091743119266,0.0835734870317002,0.0272727272727272,0.0636917362021644
U_30405828,C_1829948,1.0,辽宁对外经贸学院,2020-06-08 16:45:22,4,E,781,61,0.0138888888888888,0.0,0.0165137614678899,0.0165137614678899,0.0201729106628242,0.0053030303030303,0.0608298570480549
U_20359125,C_707013,1.0,合肥学院,2020-09-10 11:25:12,4,E,247,129,0.0694444444444444,0.0,0.073394495412844,0.073394495412844,0.0547550432276657,0.0143939393939393,0.0713528259050783
U_2365018,C_681031,2.0,云南师范大学,2020-05-22 11:35:32,4,E,110,101,0.0416666666666666,0.0,0.0055045871559633,0.0055045871559633,0.0086455331412103,0.003030303030303,0.0612712345210598
U_14257691,C_1829948,0.0,北方民族大学,2020-06-18 08:47:09,0,A,190,61,0.3472222222222222,0.0,0.4770642201834862,0.4770642201834862,0.2939481268011527,0.0772727272727272,0.0827588914197036
U_6765376,C_1824911,2.0,重庆三峡医药高等专科学校,2020-06-02 09:50:17,4,E,822,57,0.0416666666666666,0.0,0.0788990825688073,0.0788990825688073,0.0489913544668587,0.0242424242424242,0.0668834066612929
U_25704235,C_948120,2.0,中国农业大学,2020-09-24 16:48:25,0,A,67,167,0.0972222222222222,0.0,0.2238532110091743,0.2660550458715596,0.1988472622478386,0.075,0.0735519678073511
U_33499332,C_2027893,2.0,辽宁对外经贸学院,2020-09-23 14:31:33,4,E,781,84,0.0416666666666666,0.0,0.0110091743119266,0.0110091743119266,0.0086455331412103,0.003030303030303,0.061455699352639
U_30570925,C_1829948,0.0,辽宁对外经贸学院,2020-06-16 21:33:40,4,E,781,61,0.0138888888888888,0.0,0.0073394495412844,0.0073394495412844,0.0028818443804034,0.0007575757575757,0.0606568271739531
U_30369372,C_1829948,1.0,中国医科大学,2020-06-05 14:39:02,2,C,69,61,0.1944444444444444,0.0,0.0073394495412844,0.0073394495412844,0.0086455331412103,0.0022727272727272,0.0471222896761548
U_33230590,C_1992945,1.0,辽宁对外经贸学院,2020-10-02 11:02:54,4,E,781,82,0.0277777777777777,0.0,0.0128440366972477,0.0165137614678899,0.0115273775216138,0.003030303030303,0.012141785590645
U_1543339,C_677087,0.0,陕西工业职业技术学院,2020-06-09 14:37:55,4,E,876,92,0.0416666666666666,0.0,0.036697247706422,0.036697247706422,0.0374639769452449,0.0098484848484848,0.0617826034423227
U_10455618,C_697144,0.0,华南理工大学,2020-07-10 15:41:07,3,D,211,123,0.1666666666666666,0.0,0.0660550458715596,0.3155963302752294,0.0,0.0833333333333333,0.0570794831836581
U_33343316,C_697076,2.0,辽宁对外经贸学院,2020-11-17 21:07:49,4,E,781,121,0.0416666666666666,0.0,0.073394495412844,0.073394495412844,0.0230547550432276,0.0234848484848484,0.0645630710477227
U_16366888,C_948109,0.0,西京学院,2020-09-09 12:16:35,4,E,701,165,0.1666666666666666,0.0,0.2201834862385321,0.2201834862385321,0.132564841498559,0.1742424242424242,0.0671486095230813
U_8488532,C_735197,0.0,华南理工大学,2020-10-29 18:21:11,4,E,211,141,0.0416666666666666,0.0,0.0752293577981651,0.0752293577981651,0.031700288184438,0.0272727272727272,0.062382332047999
U_14654998,C_786631,1.0,北华航天工业学院,2020-04-29 21:42:19,0,A,186,154,0.0138888888888888,0.0,0.0275229357798165,0.0275229357798165,0.031700288184438,0.0098484848484848,0.0644296698136096
U_9798936,C_786631,1.0,北华航天工业学院,2020-04-22 18:26:21,0,A,186,154,0.0277777777777777,0.0,0.2,0.2697247706422018,0.2103746397694524,0.0704545454545454,0.0696717881090701
U_31100566,C_747056,0.0,中国医科大学,2020-07-30 13:57:15,2,C,69,147,0.2083333333333333,0.0,0.4899082568807339,0.4899082568807339,0.7406340057636888,0.253030303030303,0.0700296889067879
U_15218738,C_948120,0.0,中国农业大学,2020-09-26 16:50:34,1,B,67,167,0.1666666666666666,0.0,0.055045871559633,0.1174311926605504,0.0864553314121037,0.0606060606060606,0.1053756822745341
U_16764863,C_696596,2.0,辽宁对外经贸学院,2020-07-07 06:55:31,4,E,781,117,0.0416666666666666,0.0,0.0220183486238532,0.0220183486238532,0.0172910662824207,0.0053030303030303,0.0614446952489081
U_31105271,C_1774985,1.0,辽宁对外经贸学院,2020-08-12 00:15:08,4,E,781,46,0.0416666666666666,0.0,0.0165137614678899,0.0165137614678899,0.0144092219020172,0.0037878787878787,0.0302188714082394
U_22113443,C_1829948,0.0,北方民族大学,2020-06-15 10:41:38,4,E,190,61,0.0416666666666666,0.0,0.0220183486238532,0.0220183486238532,0.0086455331412103,0.0022727272727272,0.0616004364973912
U_3699447,C_1017355,1.0,广州中医药大学,2020-03-04 21:48:51,2,C,423,0,0.0138888888888888,0.0,0.1908256880733945,0.1908256880733945,0.1556195965417867,0.0628787878787878,0.0795445590439808
U_24524276,C_1017355,2.0,昆明理工大学,2020-05-07 09:11:45,0,A,476,0,0.1111111111111111,0.0,0.0825688073394495,0.0825688073394495,0.1123919308357348,0.0386363636363636,0.0684693248261762
U_30277965,C_766175,1.0,广州中医药大学,2020-05-29 19:51:19,1,B,423,151,0.2083333333333333,0.0,0.0587155963302752,0.0587155963302752,0.0576368876080691,0.0151515151515151,0.1084465403526926
U_28783384,C_1732845,2.0,中国医科大学,2020-05-14 12:10:34,2,C,69,13,0.0833333333333333,0.0,0.2660550458715596,0.2660550458715596,0.3429394812680115,0.0901515151515151,0.0734791040007837
U_29504028,C_735164,2.0,中国医科大学,2020-11-28 15:44:21,2,C,69,138,0.1388888888888889,0.0,0.2770642201834862,0.4788990825688073,0.1498559077809798,0.0454545454545454,0.0882913011410843
U_23384245,C_823315,1.0,西安石油大学,2020-06-15 17:47:52,4,E,725,158,0.0416666666666666,0.0,0.0715596330275229,0.0715596330275229,0.0432276657060518,0.0287878787878787,0.0609506149532639
U_3584159,C_697076,0.0,清华大学,2020-10-07 23:39:31,4,E,612,121,0.0416666666666666,0.0,0.0275229357798165,0.0275229357798165,0.0288184438040345,0.0075757575757575,0.0617959945748557
U_4044650,C_786631,1.0,西昌学院信息技术学院电子信息工程,2020-03-01 13:54:02,3,D,737,154,0.0694444444444444,0.0,0.1688073394495413,0.1743119266055046,0.1642651296829971,0.1068181818181818,0.0729308946080293
U_31073435,C_682392,0.0,昆明理工大学,2020-08-04 14:21:30,0,A,476,108,0.0972222222222222,0.0,0.4495412844036697,0.4495412844036697,0.7031700288184437,0.2462121212121212,0.0624707907792508
U_2441450,C_735164,0.0,扬州大学,2020-12-07 21:53:54,4,E,454,138,0.0416666666666666,0.0,0.0642201834862385,0.0660550458715596,0.100864553314121,0.0454545454545454,0.0622540614401078
U_5678632,C_735164,0.0,昆明理工大学,2020-10-26 11:19:15,0,A,476,138,0.0555555555555555,0.0,0.2862385321100917,0.3412844036697248,0.4351585014409221,0.1583333333333333,0.070805522790894
U_5072327,C_735197,0.0,华南理工大学,2020-10-15 18:55:36,3,D,211,141,0.2083333333333333,0.0,0.0146788990825688,0.2110091743119266,0.0230547550432276,0.1818181818181818,0.0618626481446641
U_29662841,C_1714448,1.0,辽宁对外经贸学院,2020-04-26 15:34:06,4,E,781,8,0.0416666666666666,0.0,0.0660550458715596,0.0660550458715596,0.0461095100864553,0.0333333333333333,0.0627356172630538
U_12696068,C_948387,2.0,中国医科大学,2020-09-01 17:06:43,2,C,69,169,0.0972222222222222,0.0,0.0091743119266055,0.0091743119266055,0.0057636887608069,0.0015151515151515,0.00061930222718
U_28305678,C_676635,2.0,鞍山师范学院,2020-08-21 06:46:18,4,E,893,89,0.0972222222222222,0.0,0.0,0.0,0.0,0.0363636363636363,0.1052913835104893
U_14794223,C_676646,1.0,辽宁对外经贸学院,2020-08-06 11:11:04,4,E,781,90,0.0555555555555555,0.0,0.1394495412844036,0.1394495412844036,0.0432276657060518,0.0545454545454545,0.060905474356726
U_33218372,C_697076,2.0,辽宁对外经贸学院,2020-10-08 18:31:04,3,D,781,121,0.0138888888888888,0.0,0.055045871559633,0.055045871559633,0.0864553314121037,0.028030303030303,0.0771061695038861
U_33748808,C_697076,2.0,辽宁对外经贸学院,2020-11-16 18:12:27,4,E,781,121,0.0416666666666666,0.0,0.0862385321100917,0.0862385321100917,0.0778097982708933,0.0363636363636363,0.0613961969645531
U_32744621,C_735164,0.0,昆明理工大学,2020-11-19 16:17:31,2,C,476,138,0.1527777777777777,0.0,0.2862385321100917,0.326605504587156,0.409221902017291,0.1492424242424242,0.0779759592187676
U_24154023,C_1025079,0.0,辽宁对外经贸学院,2020-04-17 10:59:50,4,E,781,1,0.0416666666666666,0.0,0.0715596330275229,0.0715596330275229,0.0576368876080691,0.0325757575757575,0.0633687642719597
U_31254800,C_936971,1.0,中国医科大学,2020-08-19 12:38:27,2,C,69,162,0.0833333333333333,0.0,0.0623853211009174,0.0623853211009174,0.0922190201729106,0.031060606060606,0.0773233643631689
U_9079665,C_735197,0.0,华南理工大学,2020-09-19 18:41:41,3,D,211,141,0.1527777777777777,0.0,0.1706422018348624,0.2678899082568807,0.0778097982708933,0.1643939393939394,0.0837333043098412
U_966422,C_735164,0.0,昆明理工大学,2020-09-16 13:52:43,0,A,476,138,0.0277777777777777,0.0,0.1394495412844036,0.2238532110091743,0.2190201729106628,0.0598484848484848,0.0653061314767088
U_12182191,C_948488,1.0,合肥工业大学,2020-03-06 14:38:50,0,A,248,172,0.0416666666666666,0.0,0.1853211009174312,0.2275229357798165,0.1729106628242074,0.0727272727272727,0.0676366875803268
U_28673928,C_735283,2.0,昆明理工大学,2020-04-25 19:15:58,0,A,476,143,0.1111111111111111,0.0,0.1963302752293578,0.2788990825688073,0.2219020172910662,0.0681818181818181,0.0716712218713553
U_34268575,C_697076,2.0,辽宁对外经贸学院,2020-11-16 17:40:11,0,A,781,121,0.1527777777777777,0.0,0.5541284403669725,0.5541284403669725,0.8703170028818443,0.2931818181818181,0.0764215924242127
U_33224342,C_697076,0.0,辽宁对外经贸学院,2020-11-02 11:08:42,4,E,781,121,0.0416666666666666,0.0,0.073394495412844,0.073394495412844,0.0432276657060518,0.0295454545454545,0.0605937888137412
U_16297028,C_747056,1.0,辽宁对外经贸学院,2020-07-17 02:13:40,4,E,781,147,0.0277777777777777,0.0,0.0036697247706422,0.0036697247706422,0.0,0.0,0.0614122623617192
U_16641803,C_735164,0.0,长江大学,2020-11-18 11:31:48,0,A,858,138,0.1111111111111111,0.0,0.2146788990825688,0.273394495412844,0.239193083573487,0.0765151515151515,0.0680578248319329
U_7692282,C_1918363,0.0,信阳职业技术学院,2020-11-12 09:44:31,4,E,130,76,0.0416666666666666,0.0,0.0697247706422018,0.0697247706422018,0.0461095100864553,0.0333333333333333,0.0637758764912679
U_33344198,C_697076,1.0,辽宁对外经贸学院,2020-11-17 11:37:40,4,E,781,121,0.0416666666666666,0.0,0.0091743119266055,0.0091743119266055,0.0057636887608069,0.0015151515151515,0.0607520805183096
U_12923087,C_1829948,0.0,北方民族大学,2020-06-16 16:06:28,4,E,190,61,0.0416666666666666,0.0,0.0862385321100917,0.0862385321100917,0.0547550432276657,0.0318181818181818,0.0652438348241231
U_31146982,C_707035,1.0,辽宁对外经贸学院,2020-08-06 21:02:35,4,E,781,130,0.0416666666666666,0.0,0.0018348623853211,0.0018348623853211,0.0028818443804034,0.0007575757575757,0.0620779908280714
U_29765912,C_674920,0.0,辽宁对外经贸学院,2020-05-03 00:10:58,4,E,781,87,0.0416666666666666,0.0,0.018348623853211,0.018348623853211,0.0115273775216138,0.003030303030303,0.0614190272607725
U_29921549,C_1776290,0.0,辽宁对外经贸学院,2020-05-19 18:06:31,4,E,781,48,0.0416666666666666,0.0,0.0220183486238532,0.0220183486238532,0.0288184438040345,0.0151515151515151,0.0617997831164192
U_20321127,C_735186,1.0,辽宁对外经贸学院,2020-07-01 23:46:26,4,E,781,139,0.0416666666666666,0.0,0.0256880733944954,0.0256880733944954,0.031700288184438,0.009090909090909,0.0617396666379361
U_31146240,C_1806527,2.0,昆明理工大学,2020-08-06 18:11:15,0,A,476,53,0.0138888888888888,0.0,0.0036697247706422,0.0036697247706422,0.0,0.0,4.231257452782936e-05
U_11452431,C_813262,0.0,辽宁对外经贸学院,2019-11-14 16:53:09,4,E,781,157,0.0138888888888888,0.0,0.0513761467889908,0.0513761467889908,0.0230547550432276,0.0416666666666666,0.0570541816688241
U_9810290,C_735197,0.0,华南理工大学,2020-10-01 11:54:04,4,E,211,141,0.0416666666666666,0.0,0.0513761467889908,0.0513761467889908,0.0461095100864553,0.0234848484848484,0.0012078316728853
U_31087930,C_801420,0.0,辽宁对外经贸学院,2020-07-28 23:01:01,4,E,781,155,0.0555555555555555,0.0,0.2146788990825688,0.2146788990825688,0.1959654178674351,0.0598484848484848,0.0676763112679735
U_2642158,C_1918363,2.0,信阳职业技术学院,2020-11-09 13:57:43,0,A,130,76,0.1111111111111111,0.0,0.2055045871559633,0.2770642201834862,0.2219020172910662,0.084090909090909,0.0745865367947071
U_31060047,C_735115,1.0,昆明理工大学,2020-07-25 13:08:11,0,A,476,136,0.1388888888888889,0.0,0.5211009174311927,0.5211009174311927,0.8126801152737751,0.2795454545454545,0.0712752128026162
U_1755564,C_2059281,2.0,中国石油大学(北京),2020-10-25 13:26:34,4,E,77,85,0.0416666666666666,0.0,0.0165137614678899,0.0165137614678899,0.0201729106628242,0.009090909090909,0.0615113488187165
U_7477014,C_735164,0.0,安徽科技学院,2020-11-27 15:16:20,0,A,350,138,0.1388888888888889,0.0,0.2862385321100917,0.2954128440366972,0.4495677233429394,0.1636363636363636,0.0709940237811323
U_4663582,C_682392,0.0,陕西工业职业技术学院,2019-10-31 18:14:48,0,A,876,108,0.0694444444444444,0.0,0.1834862385321101,0.2770642201834862,0.2190201729106628,0.0537878787878787,0.0645854209667765
U_14854057,C_682340,2.0,辽宁对外经贸学院,2020-07-04 15:31:13,4,E,781,106,0.0416666666666666,0.0,0.036697247706422,0.036697247706422,0.0345821325648414,0.0113636363636363,0.0622767084996764
U_8425737,C_676646,0.0,天津财经大学,2020-06-10 10:07:20,0,A,327,90,0.0833333333333333,0.0,0.0311926605504587,0.0311926605504587,0.0403458213256484,0.0106060606060606,0.0687645388799579
U_14632674,C_786631,0.0,北华航天工业学院,2020-03-30 19:52:18,0,A,186,154,0.0138888888888888,0.0,0.1908256880733945,0.2568807339449541,0.2046109510086455,0.0727272727272727,0.0727528826779629
U_32994549,C_735164,2.0,昆明理工大学,2020-09-17 08:26:51,4,E,476,138,0.0138888888888888,0.0,0.0697247706422018,0.0697247706422018,0.0461095100864553,0.0295454545454545,0.06156916245821
U_30613456,C_1806527,0.0,辽宁对外经贸学院,2020-06-23 20:01:02,4,E,781,53,0.0416666666666666,0.0,0.0715596330275229,0.0715596330275229,0.0662824207492795,0.0318181818181818,0.0641485798389639
U_19728992,C_674959,1.0,辽宁对外经贸学院,2020-09-20 14:25:51,4,E,781,88,0.0555555555555555,0.0,0.0073394495412844,0.0073394495412844,0.0057636887608069,0.0015151515151515,0.0590855778458164
U_34208069,C_735164,1.0,华南理工大学,2020-10-03 20:47:15,3,D,211,138,0.1388888888888889,0.0,0.036697247706422,0.0642201834862385,0.0086455331412103,0.0022727272727272,0.0769080708750202
U_32744456,C_735164,0.0,昆明理工大学,2020-11-28 11:34:17,4,E,476,138,0.0416666666666666,0.0,0.073394495412844,0.073394495412844,0.0489913544668587,0.0303030303030303,0.0630261067826504
U_30841932,C_948113,1.0,辽宁对外经贸学院,2020-07-09 23:44:49,4,E,781,166,0.0416666666666666,0.0,0.0348623853211009,0.0348623853211009,0.0489913544668587,0.0136363636363636,0.0618500048157599
U_14534258,C_1017355,0.0,北京中医药大学,2020-02-17 12:50:10,1,B,155,0,0.2083333333333333,0.0,0.0403669724770642,0.0513761467889908,0.063400576368876,0.0257575757575757,0.1116890466015591
U_12408131,C_735197,0.0,华南理工大学,2020-09-10 08:13:16,3,D,211,141,0.1527777777777777,0.0,0.181651376146789,0.1981651376146789,0.1123919308357348,0.1325757575757575,0.0858353159301724
U_32133998,C_697076,2.0,昆明理工大学,2020-09-07 19:30:29,0,A,476,121,0.1527777777777777,0.0,0.5541284403669725,0.5541284403669725,0.8703170028818443,0.2931818181818181,0.0686459897192422
U_5581739,C_1824911,2.0,重庆三峡医药高等专科学校,2020-06-02 09:51:39,0,A,822,57,0.125,0.0,0.1944954128440367,0.2660550458715596,0.2132564841498559,0.0727272727272727,0.0726667812614618
U_5643089,C_1824911,2.0,重庆三峡医药高等专科学校,2020-06-03 20:00:15,2,C,822,57,0.1388888888888889,0.0,0.0623853211009174,0.0623853211009174,0.0922190201729106,0.0242424242424242,0.0784570841879671
U_31762374,C_2027893,1.0,辽宁对外经贸学院,2020-09-01 14:46:29,4,E,781,84,0.0416666666666666,0.0,0.0348623853211009,0.0348623853211009,0.0345821325648414,0.0098484848484848,0.0376312651459783
U_24287748,C_948120,2.0,中国农业大学,2020-09-27 21:15:13,0,A,67,167,0.0833333333333333,0.0,0.055045871559633,0.055045871559633,0.0576368876080691,0.0166666666666666,0.0505289071815978
U_30313017,C_786631,2.0,华南理工大学,2020-06-01 19:32:46,3,D,211,154,0.1388888888888889,0.0,0.0330275229357798,0.0330275229357798,0.0201729106628242,0.0053030303030303,0.0799353087256081
U_33311543,C_1912004,2.0,辽宁对外经贸学院,2020-09-21 19:33:00,4,E,781,74,0.0277777777777777,0.0,0.0055045871559633,0.0055045871559633,0.0057636887608069,0.0015151515151515,0.0631568337521305
U_12667347,C_948387,0.0,深圳信息职业技术学院,2020-09-01 11:01:54,2,C,610,169,0.1666666666666666,0.0,0.1559633027522936,0.1559633027522936,0.170028818443804,0.0719696969696969,0.0825153302920755
U_30845263,C_1738818,2.0,辽宁对外经贸学院,2020-09-22 09:59:45,4,E,781,15,0.0277777777777777,0.0,0.0110091743119266,0.0110091743119266,0.0057636887608069,0.003030303030303,0.0617595354336915
U_32612181,C_735164,1.0,昆明理工大学,2020-11-28 10:06:52,0,A,476,138,0.125,0.0,0.2862385321100917,0.2990825688073394,0.4380403458213256,0.1575757575757575,0.0696325110853573
U_33650506,C_697076,2.0,辽宁对外经贸学院,2020-10-13 10:16:57,4,E,781,121,0.0416666666666666,0.0,0.0770642201834862,0.0770642201834862,0.0749279538904899,0.0363636363636363,0.0614911977394721
U_557935,C_735164,0.0,红河学院,2020-11-02 22:04:42,0,A,684,138,0.125,0.0,0.181651376146789,0.2568807339449541,0.1412103746397694,0.0545454545454545,0.078346533059441
U_15203852,C_674959,2.0,辽宁对外经贸学院,2020-06-28 16:23:35,4,E,781,88,0.0277777777777777,0.0,0.0091743119266055,0.0091743119266055,0.0086455331412103,0.003030303030303,0.0617547960424806
U_30440379,C_1824911,2.0,辽宁对外经贸学院,2020-06-10 18:18:39,4,E,781,57,0.0694444444444444,0.0,0.073394495412844,0.073394495412844,0.0605187319884726,0.0303030303030303,0.0639294684233608
U_14838784,C_674920,2.0,辽宁对外经贸学院,2020-05-29 07:08:04,4,E,781,87,0.0416666666666666,0.0,0.0899082568807339,0.0899082568807339,0.0662824207492795,0.0325757575757575,0.0658154390800749
U_21339886,C_948436,1.0,西安美术学院,2020-06-25 11:44:33,4,E,727,171,0.0416666666666666,0.0,0.0201834862385321,0.0201834862385321,0.0172910662824207,0.0045454545454545,0.062035158022865
U_15046815,C_1912002,2.0,辽宁对外经贸学院,2020-09-14 19:55:26,4,E,781,73,0.0416666666666666,0.0,0.0091743119266055,0.0091743119266055,0.0115273775216138,0.0121212121212121,0.0614345379956443
U_33224745,C_697076,2.0,辽宁对外经贸学院,2020-09-27 19:09:20,0,A,781,121,0.0972222222222222,0.0,0.055045871559633,0.055045871559633,0.0662824207492795,0.0219696969696969,0.0665175424977789
U_29088030,C_735197,0.0,辽宁对外经贸学院,2020-09-25 19:59:26,4,E,781,141,0.0416666666666666,0.0,0.0073394495412844,0.0073394495412844,0.0086455331412103,0.0022727272727272,0.0611157408896724
U_31277576,C_1774985,0.0,辽宁对外经贸学院,2020-08-21 18:08:29,4,E,781,46,0.0277777777777777,0.0,0.0073394495412844,0.0073394495412844,0.0086455331412103,0.003030303030303,0.0612777716123851
U_4785872,C_697144,2.0,石河子大学,2020-05-08 12:33:41,4,E,674,123,0.0416666666666666,0.0,0.1027522935779816,0.1027522935779816,0.0893371757925072,0.0242424242424242,0.0637112979527211
U_12542186,C_1944726,1.0,辽宁对外经贸学院,2020-10-21 16:28:37,4,E,781,78,0.0138888888888888,0.0,0.0055045871559633,0.0110091743119266,0.0086455331412103,0.0022727272727272,0.0366196099549948
U_33224545,C_697076,2.0,辽宁对外经贸学院,2020-11-29 10:53:13,4,E,781,121,0.0555555555555555,0.0,0.1192660550458715,0.1192660550458715,0.1123919308357348,0.0318181818181818,0.0640081363746504
U_29650645,C_674959,1.0,辽宁对外经贸学院,2020-05-21 21:36:25,4,E,781,88,0.0277777777777777,0.0,0.0091743119266055,0.0091743119266055,0.0057636887608069,0.0015151515151515,0.061792384317601
U_9816105,C_735197,1.0,华南理工大学,2020-11-02 22:26:38,4,E,211,141,0.1805555555555555,0.0,0.128440366972477,0.128440366972477,0.201729106628242,0.0598484848484848,0.0652583501382704
U_2104139,C_1828106,0.0,Hust,2020-08-26 19:18:24,4,E,20,59,0.0416666666666666,0.0,0.0091743119266055,0.0091743119266055,0.0057636887608069,0.0303030303030303,0.0682521060122321
U_30502153,C_677087,0.0,辽宁对外经贸学院,2020-06-15 02:40:15,4,E,781,92,0.0416666666666666,0.0,0.036697247706422,0.036697247706422,0.0547550432276657,0.0143939393939393,0.0619079373114594
U_6766450,C_1824911,2.0,重庆三峡医药高等专科学校,2020-06-02 10:24:49,4,E,822,57,0.0416666666666666,0.0,0.0788990825688073,0.0788990825688073,0.0432276657060518,0.0242424242424242,0.0571577103765174
U_30289990,C_1410126,1.0,辽宁对外经贸学院,2020-06-16 20:49:24,4,E,781,2,0.0416666666666666,0.0,0.0073394495412844,0.0073394495412844,0.0115273775216138,0.0053030303030303,0.0613160631200572
U_6902249,C_756642,2.0,华南理工大学,2020-05-11 17:15:43,3,D,211,149,0.1388888888888889,0.0,0.1798165137614679,0.1798165137614679,0.1527377521613832,0.1401515151515151,0.0825785667459639
U_30188525,C_1714448,2.0,中国医科大学,2020-05-26 14:37:52,2,C,69,8,0.1388888888888889,0.0,0.1449541284403669,0.1449541284403669,0.1066282420749279,0.028030303030303,0.0772403333986539
U_30350782,C_680719,2.0,辽宁对外经贸学院,2020-06-24 04:41:08,4,E,781,94,0.0416666666666666,0.0,0.0091743119266055,0.0091743119266055,0.0086455331412103,0.0022727272727272,0.0612894839010096
U_4614686,C_707079,2.0,山东华宇工学院,2020-04-24 20:16:20,4,E,366,132,0.0416666666666666,0.0,0.0513761467889908,0.0513761467889908,0.0662824207492795,0.0265151515151515,0.0621810837296764
U_7704471,C_1829948,0.0,北方民族大学,2020-06-10 15:30:43,2,C,190,61,0.3194444444444444,0.0,0.4770642201834862,0.4770642201834862,0.6628242074927954,0.1742424242424242,0.0734983289920903
U_18093545,C_948113,0.0,西安思源学院,2020-06-24 17:09:56,0,A,721,166,0.1111111111111111,0.0,0.1853211009174312,0.2678899082568807,0.2247838616714697,0.0651515151515151,0.0672497313926049
U_30001544,C_681031,2.0,辽宁对外经贸学院,2020-05-15 20:39:33,4,E,781,101,0.0416666666666666,0.0,0.0587155963302752,0.0587155963302752,0.0778097982708933,0.025,0.0626768874403063
U_20226172,C_697062,2.0,湖北科技学院,2020-04-25 21:57:35,0,A,633,120,0.1111111111111111,0.0,0.1761467889908257,0.2770642201834862,0.1988472622478386,0.0537878787878787,0.0661986166309172
U_30595077,C_1829948,0.0,辽宁对外经贸学院,2020-06-18 10:18:27,4,E,781,61,0.0138888888888888,0.0,0.0073394495412844,0.0073394495412844,0.0057636887608069,0.0015151515151515,0.0606228144896939
U_13816383,C_801420,2.0,辽宁对外经贸学院,2020-09-12 10:32:15,4,E,781,155,0.0277777777777777,0.0,0.0091743119266055,0.0091743119266055,0.0057636887608069,0.0015151515151515,0.0615133594695332
U_7751123,C_1017355,1.0,广州中医药大学,2020-05-07 12:03:33,4,E,423,0,0.0138888888888888,0.0,0.0256880733944954,0.0256880733944954,0.0115273775216138,0.003030303030303,0.061261651739458
U_34687444,C_1756077,2.0,辽宁对外经贸学院,2020-10-11 00:56:27,4,E,781,28,0.0277777777777777,0.0,0.0055045871559633,0.0055045871559633,0.0057636887608069,0.0015151515151515,0.0610906572778825
U_33257870,C_1912004,2.0,辽宁对外经贸学院,2020-09-21 14:22:02,4,E,781,74,0.0277777777777777,0.0,0.0036697247706422,0.0036697247706422,0.0028818443804034,0.0007575757575757,0.0578134400645471
U_12164917,C_948488,1.0,合肥工业大学,2020-03-06 14:35:05,2,C,248,172,0.1388888888888889,0.0,0.1963302752293578,0.1963302752293578,0.1671469740634005,0.0583333333333333,0.0751343698094761
U_5074856,C_735197,0.0,华南理工大学,2020-09-27 16:40:41,4,E,211,141,0.0416666666666666,0.0,0.0623853211009174,0.0623853211009174,0.0432276657060518,0.0295454545454545,0.0615065797134542
U_33337168,C_697076,0.0,辽宁对外经贸学院,2020-11-27 15:00:07,4,E,781,121,0.0555555555555555,0.0,0.1963302752293578,0.1963302752293578,0.2190201729106628,0.0674242424242424,0.0658815627492986
U_5877728,C_756642,2.0,辽宁对外经贸学院,2020-05-11 18:50:50,4,E,781,149,0.0138888888888888,0.0,0.0091743119266055,0.0091743119266055,0.0144092219020172,0.0053030303030303,0.0602227544052699
U_30436434,C_1824911,0.0,辽宁对外经贸学院,2020-06-13 12:32:21,4,E,781,57,0.1666666666666666,0.0,0.0825688073394495,0.0825688073394495,0.0489913544668587,0.0287878787878787,0.0672084189563658
U_29765886,C_674920,1.0,辽宁对外经贸学院,2020-05-02 23:58:08,4,E,781,87,0.0416666666666666,0.0,0.0770642201834862,0.0770642201834862,0.0662824207492795,0.0318181818181818,0.0621245477943964
U_16628457,C_735385,2.0,辽宁对外经贸学院,2020-07-07 22:58:59,4,E,781,146,0.0416666666666666,0.0,0.0201834862385321,0.0201834862385321,0.0201729106628242,0.0053030303030303,0.0617058371903277
U_5199975,C_674920,2.0,西昌民族幼儿师范高等专科学校,2020-06-07 09:55:59,4,E,751,87,0.0555555555555555,0.0,0.018348623853211,0.018348623853211,0.0259365994236311,0.0068181818181818,0.0587655921777853
U_11970400,C_948488,1.0,中国医科大学,2020-03-06 14:48:42,2,C,69,172,0.0277777777777777,0.0,0.1889908256880734,0.1889908256880734,0.1613832853025936,0.0583333333333333,0.0745099785410725
U_8236410,C_801420,1.0,辽宁对外经贸学院,2020-08-14 22:39:42,4,E,781,155,0.0416666666666666,0.0,0.0752293577981651,0.0752293577981651,0.0893371757925072,0.0068181818181818,0.0633208998873696
U_30642337,C_1829948,0.0,北方民族大学,2020-06-22 09:09:10,3,D,190,61,0.4444444444444444,0.0,0.4770642201834862,0.4770642201834862,0.5590778097982708,0.1469696969696969,0.0773714317937775
U_8097970,C_1017355,2.0,北京中医药大学,2020-03-28 13:39:47,3,D,155,0,0.2916666666666666,0.0,0.163302752293578,0.2807339449541284,0.0893371757925072,0.153030303030303,0.0795128987221303
U_13413523,C_1724289,1.0,辽宁对外经贸学院,2020-03-20 20:00:19,4,E,781,10,0.0416666666666666,0.0,0.073394495412844,0.073394495412844,0.0576368876080691,0.0333333333333333,0.0614029717682902
U_30503089,C_1864065,1.0,辽宁对外经贸学院,2020-08-21 17:47:39,4,E,781,67,0.0416666666666666,0.0,0.018348623853211,0.018348623853211,0.0201729106628242,0.009090909090909,0.0617957618147858
U_2803647,C_735164,0.0,Lanzhou Jiaotong University,2020-10-23 19:53:28,4,E,23,138,0.0555555555555555,0.0,0.0513761467889908,0.0623853211009174,0.0720461095100864,0.0371212121212121,0.0435069431088202
U_33222449,C_697076,1.0,辽宁对外经贸学院,2020-10-06 16:54:22,0,A,781,121,0.0972222222222222,0.0,0.0275229357798165,0.0275229357798165,0.0403458213256484,0.0136363636363636,0.0648612812683619
U_32226711,C_1912004,2.0,辽宁对外经贸学院,2020-10-02 10:20:46,4,E,781,74,0.0416666666666666,0.0,0.0587155963302752,0.0587155963302752,0.0547550432276657,0.0318181818181818,0.0633780102943114
U_15356130,C_735385,0.0,中国医科大学,2020-07-05 16:06:01,2,C,69,146,0.1944444444444444,0.0,0.4293577981651376,0.4293577981651376,0.2074927953890489,0.0545454545454545,0.0844631903656776
U_10322104,C_1761368,0.0,天津理工大学,2020-08-23 12:07:20,4,E,323,31,0.0277777777777777,0.0,0.0018348623853211,0.0018348623853211,0.0028818443804034,0.0007575757575757,0.0612276638169084
U_32744283,C_735164,2.0,昆明理工大学,2020-10-10 14:23:01,0,A,476,138,0.1111111111111111,0.0,0.2091743119266055,0.3027522935779816,0.2420749279538904,0.0515151515151515,0.0650628267271993
U_30318766,C_676635,0.0,辽宁对外经贸学院,2020-06-02 11:00:39,4,E,781,89,0.0416666666666666,0.0,0.0091743119266055,0.0091743119266055,0.0028818443804034,0.0007575757575757,0.0619001324206043
U_30047843,C_735115,0.0,华南理工大学,2020-05-19 08:57:35,3,D,211,136,0.2222222222222222,0.0,0.5211009174311927,0.5211009174311927,0.6253602305475504,0.2121212121212121,0.0787395509136646
U_34402787,C_697076,1.0,辽宁对外经贸学院,2020-10-07 18:53:17,4,E,781,121,0.0416666666666666,0.0,0.0825688073394495,0.0825688073394495,0.0720461095100864,0.0325757575757575,0.0620787138699907
U_33838227,C_1944726,1.0,华北电力大学,2020-09-30 15:18:49,3,D,205,78,0.2916666666666666,0.0,0.0,0.0,0.0,0.156060606060606,0.1384401416275993
U_24746090,C_1829948,0.0,北方民族大学,2020-06-20 17:25:31,1,B,190,61,0.3055555555555555,0.0,0.4770642201834862,0.4770642201834862,0.3688760806916426,0.0969696969696969,0.1012505003171282
U_22296900,C_707358,1.0,湖北文理学院理工学院,2020-05-14 16:09:59,0,A,626,134,0.0833333333333333,0.0,0.018348623853211,0.0238532110091743,0.0288184438040345,0.0075757575757575,0.0788825497864053
U_7970377,C_1918363,0.0,中国医科大学,2020-11-09 14:00:58,2,C,69,76,0.0277777777777777,0.0,0.0311926605504587,0.0311926605504587,0.0345821325648414,0.0227272727272727,0.0734678077088799
U_33344078,C_697076,2.0,辽宁对外经贸学院,2020-11-17 11:37:31,4,E,781,121,0.0555555555555555,0.0,0.1834862385321101,0.1834862385321101,0.2795389048991354,0.0878787878787878,0.0639225153353148
U_911387,C_936971,0.0,汉江师范学校,2020-08-19 12:21:28,2,C,518,162,0.1527777777777777,0.0,0.0623853211009174,0.0623853211009174,0.0951008645533141,0.0325757575757575,0.0750165337859958
U_17017462,C_674959,1.0,辽宁对外经贸学院,2020-07-14 10:19:29,4,E,781,88,0.0416666666666666,0.0,0.0110091743119266,0.0110091743119266,0.0086455331412103,0.0022727272727272,0.0618337958006784
U_30561827,C_1829948,1.0,辽宁对外经贸学院,2020-06-16 16:03:44,4,E,781,61,0.0416666666666666,0.0,0.0330275229357798,0.0330275229357798,0.0489913544668587,0.0128787878787878,0.0614331216258572
U_8934406,C_735197,0.0,华南理工大学,2020-09-13 08:57:03,3,D,211,141,0.1527777777777777,0.0,0.0091743119266055,0.0091743119266055,0.0144092219020172,0.0037878787878787,0.078149692325421
U_5176708,C_735197,0.0,华南理工大学,2020-09-18 02:13:34,4,E,211,141,0.0555555555555555,0.0,0.0256880733944954,0.0256880733944954,0.0345821325648414,0.0136363636363636,0.0808208639458398
U_33344225,C_697076,0.0,辽宁对外经贸学院,2020-11-19 11:20:18,4,E,781,121,0.0555555555555555,0.0,0.2110091743119266,0.2110091743119266,0.2190201729106628,0.0674242424242424,0.0664849313262811
U_30053810,C_756642,2.0,辽宁对外经贸学院,2020-05-19 14:04:26,4,E,781,149,0.0416666666666666,0.0,0.0678899082568807,0.0678899082568807,0.0547550432276657,0.0348484848484848,0.0625783407885775
U_4751560,C_735164,0.0,重庆交通大学,2020-09-15 10:22:22,2,C,830,138,0.1388888888888889,0.0,0.1761467889908257,0.1761467889908257,0.1671469740634005,0.0325757575757575,0.0138214024695157
U_34064721,C_735164,1.0,昆明理工大学,2020-11-02 22:02:00,0,A,476,138,0.1111111111111111,0.0,0.1963302752293578,0.2770642201834862,0.2074927953890489,0.0583333333333333,0.0676088801804847
U_6160521,C_735197,0.0,华南理工大学,2020-10-24 10:15:29,4,E,211,141,0.0416666666666666,0.0,0.0513761467889908,0.0513761467889908,0.0345821325648414,0.0265151515151515,0.0621287671897064
U_34293471,C_2027893,0.0,辽宁对外经贸学院,2020-10-05 20:05:28,4,E,781,84,0.0416666666666666,0.0,0.0165137614678899,0.0165137614678899,0.0057636887608069,0.0015151515151515,0.061719555177427
U_30577505,C_1829948,0.0,辽宁对外经贸学院,2020-06-17 11:07:23,4,E,781,61,0.0138888888888888,0.0,0.0220183486238532,0.0220183486238532,0.0115273775216138,0.003030303030303,0.0611581576981581
U_30260056,C_674920,0.0,辽宁对外经贸学院,2020-05-28 18:15:17,4,E,781,87,0.0555555555555555,0.0,0.2201834862385321,0.2201834862385321,0.3458213256484149,0.0931818181818181,0.0654472225541522
U_28402885,C_697076,1.0,丹东一中,2020-11-17 11:40:08,4,E,95,121,0.0416666666666666,0.0,0.018348623853211,0.018348623853211,0.0201729106628242,0.006060606060606,0.0633672686647019
U_30207200,C_674920,1.0,辽宁对外经贸学院,2020-05-27 16:57:14,4,E,781,87,0.0555555555555555,0.0,0.2201834862385321,0.2201834862385321,0.3371757925072046,0.0909090909090909,0.0655492606069297
U_33286686,C_735164,1.0,昆明理工大学,2020-10-25 09:44:41,4,E,476,138,0.0416666666666666,0.0,0.1486238532110091,0.1614678899082569,0.2305475504322766,0.0954545454545454,0.0571989075662576
U_6471551,C_1824911,2.0,重庆三峡医药高等专科学校,2020-06-05 11:31:35,4,E,822,57,0.1388888888888889,0.0,0.0770642201834862,0.0770642201834862,0.0691642651296829,0.0318181818181818,0.0619956581437661
U_5094777,C_674920,0.0,辽宁对外经贸学院,2020-06-29 22:34:20,4,E,781,87,0.0833333333333333,0.0,0.0,0.0,0.0,0.0196969696969696,0.0296121383752392
U_22818904,C_948387,1.0,辽宁对外经贸学院,2020-11-29 09:48:25,4,E,781,169,0.0416666666666666,0.0,0.0091743119266055,0.0091743119266055,0.0115273775216138,0.003030303030303,0.0615118440529078
U_12676230,C_697076,0.0,长沙师范学院,2020-09-22 23:01:03,3,D,861,121,0.1388888888888889,0.0,0.018348623853211,0.018348623853211,0.0144092219020172,0.0037878787878787,0.0702849969894339
U_12133284,C_1829948,1.0,北方民族大学,2020-06-18 16:16:54,4,E,190,61,0.0277777777777777,0.0,0.036697247706422,0.036697247706422,0.0144092219020172,0.0037878787878787,0.0617460749683716
U_29922543,C_735115,2.0,昆明理工大学,2020-05-11 13:27:41,0,A,476,136,0.1388888888888889,0.0,0.4587155963302752,0.4587155963302752,0.6974063400576368,0.2409090909090909,0.0685987295203655
U_29821938,C_756642,2.0,辽宁对外经贸学院,2020-05-07 21:32:39,4,E,781,149,0.0277777777777777,0.0,0.0091743119266055,0.0091743119266055,0.0086455331412103,0.003030303030303,0.061713914459988
U_7716156,C_1738818,0.0,哈尔滨工程大学,2020-09-23 18:41:26,0,A,273,15,0.125,0.0,0.1908256880733945,0.2660550458715596,0.2074927953890489,0.053030303030303,0.0711635771112111
U_30616553,C_1410126,0.0,昆明理工大学,2020-06-21 15:00:37,0,A,476,2,0.0555555555555555,0.0,0.0697247706422018,0.0697247706422018,0.1095100864553314,0.0507575757575757,0.0723024919426761
U_32756130,C_735164,1.0,中国医科大学,2020-09-15 15:31:40,2,C,69,138,0.1388888888888889,0.0,0.2403669724770642,0.2403669724770642,0.1642651296829971,0.0628787878787878,0.0705366948148252
U_14829664,C_749807,1.0,辽宁对外经贸学院,2020-07-03 11:53:56,4,E,781,148,0.0416666666666666,0.0,0.055045871559633,0.055045871559633,0.0749279538904899,0.0196969696969696,0.0625944804708723
U_33713468,C_697076,1.0,辽宁对外经贸学院,2020-11-16 16:44:53,4,E,781,121,0.0416666666666666,0.0,0.0825688073394495,0.0825688073394495,0.0691642651296829,0.0333333333333333,0.0617298312868967
U_11859619,C_735385,2.0,五邑大学,2020-08-25 21:49:01,4,E,119,146,0.0416666666666666,0.0,0.0055045871559633,0.0055045871559633,0.0028818443804034,0.0007575757575757,0.0613214017446395
U_20294845,C_801420,0.0,南京邮电大学通达学院,2020-09-01 09:36:44,4,E,229,155,0.0277777777777777,0.0,0.0018348623853211,0.0018348623853211,0.0028818443804034,0.0007575757575757,0.0611950179790172
U_32741842,C_735164,1.0,昆明理工大学,2020-10-31 16:15:58,0,A,476,138,0.0972222222222222,0.0,0.036697247706422,0.036697247706422,0.0576368876080691,0.0265151515151515,0.0635971365669403
U_29815770,C_674920,1.0,辽宁对外经贸学院,2020-05-07 16:15:44,4,E,781,87,0.0416666666666666,0.0,0.018348623853211,0.018348623853211,0.0201729106628242,0.0053030303030303,0.0610050560479146
U_30087021,C_948488,1.0,昆明理工大学,2020-05-20 13:43:08,0,A,476,172,0.1111111111111111,0.0,0.1834862385321101,0.1834862385321101,0.2853025936599423,0.075,0.0686247095060416
U_32312594,C_697076,2.0,辽宁对外经贸学院,2020-09-09 19:34:28,4,E,781,121,0.0416666666666666,0.0,0.0844036697247706,0.0844036697247706,0.0749279538904899,0.0333333333333333,0.0620509510412259
U_2902036,C_674920,1.0,辽宁对外经贸学院,2020-05-06 10:46:22,4,E,781,87,0.0555555555555555,0.0,0.2201834862385321,0.2201834862385321,0.1181556195965417,0.031060606060606,0.0681449365261843
U_31642244,C_1992917,1.0,辽宁对外经贸学院,2020-08-29 20:18:59,4,E,781,80,0.0416666666666666,0.0,0.0807339449541284,0.0807339449541284,0.0749279538904899,0.0121212121212121,0.0635677394653442
U_33329261,C_697076,1.0,辽宁对外经贸学院,2020-11-18 16:16:59,4,E,781,121,0.0555555555555555,0.0,0.1926605504587156,0.1926605504587156,0.2247838616714697,0.0681818181818181,0.0656662794939943
U_30596189,C_1829948,0.0,中国医科大学,2020-06-18 11:20:42,2,C,69,61,0.1944444444444444,0.0,0.4770642201834862,0.4770642201834862,0.2997118155619596,0.0787878787878787,0.0772671206160619
U_26603340,C_749807,0.0,华南理工大学,2020-06-24 07:31:06,3,D,211,148,0.1666666666666666,0.0,0.1504587155963302,0.1504587155963302,0.0951008645533141,0.025,0.0820867249088644
U_4537163,C_735197,2.0,华南理工大学,2020-09-15 21:26:35,4,E,211,141,0.0416666666666666,0.0,0.0678899082568807,0.0678899082568807,0.0489913544668587,0.031060606060606,0.0627684166235442
U_32256798,C_697076,1.0,长沙理工大学城南学院,2020-09-09 19:33:13,0,A,863,121,0.0833333333333333,0.0,0.146788990825688,0.146788990825688,0.2305475504322766,0.0734848484848484,0.0512508837971388
U_33543425,C_697076,2.0,辽宁对外经贸学院,2020-10-29 15:11:15,4,E,781,121,0.0416666666666666,0.0,0.0844036697247706,0.0844036697247706,0.0749279538904899,0.0333333333333333,0.0621349526647558
U_5223404,C_1472684,0.0,广东医科大学,2020-09-10 09:39:37,4,E,401,3,0.0416666666666666,0.0,0.0073394495412844,0.0073394495412844,0.0028818443804034,0.0007575757575757,0.0613682310897698
U_5799410,C_1824911,2.0,重庆三峡医专,2020-06-30 15:13:09,4,E,814,57,0.0833333333333333,0.0,0.0862385321100917,0.0862385321100917,0.1354466858789625,0.0356060606060606,0.0616276397115199
U_31063531,C_735115,2.0,昆明理工大学,2020-07-26 09:05:05,0,A,476,136,0.1388888888888889,0.0,0.5211009174311927,0.5211009174311927,0.8011527377521613,0.2765151515151515,0.0714112635396528
U_32906092,C_735164,1.0,昆明理工大学,2020-09-16 13:57:55,0,A,476,138,0.125,0.0,0.2256880733944954,0.3045871559633027,0.2478386167146974,0.0689393939393939,0.0611322222835591
U_32577800,C_735164,2.0,昆明理工大学,2020-09-26 13:26:04,2,C,476,138,0.0138888888888888,0.0,0.163302752293578,0.163302752293578,0.1354466858789625,0.053030303030303,0.0851811908009226
U_30551641,C_1829948,2.0,华南理工大学,2020-06-18 10:05:29,3,D,211,61,0.7638888888888888,0.0,0.4532110091743119,0.4532110091743119,0.5677233429394812,0.1492424242424242,0.0765993914035768
U_32887071,C_735164,1.0,昆明理工大学,2020-10-27 18:49:50,0,A,476,138,0.0416666666666666,0.0,0.0642201834862385,0.0752293577981651,0.0893371757925072,0.0401515151515151,0.0595012823783439
U_26384465,C_1829948,0.0,北方民族大学,2020-06-17 14:48:31,4,E,190,61,0.0416666666666666,0.0,0.0073394495412844,0.0073394495412844,0.0086455331412103,0.0022727272727272,0.0610896222384227
U_30111776,C_1750793,2.0,昆明理工大学,2020-05-21 21:45:33,0,A,476,17,0.0694444444444444,0.0,0.036697247706422,0.036697247706422,0.0432276657060518,0.0227272727272727,0.0700314420358251
U_32720717,C_735164,0.0,昆明理工大学,2020-11-30 17:51:31,4,E,476,138,0.0416666666666666,0.0,0.055045871559633,0.0568807339449541,0.0864553314121037,0.0401515151515151,0.0621165745239163
U_29952127,C_758928,1.0,辽宁对外经贸学院,2020-05-15 23:00:38,4,E,781,150,0.0416666666666666,0.0,0.0110091743119266,0.0110091743119266,0.0144092219020172,0.0037878787878787,0.0614423379341574
U_27256515,C_1829948,1.0,北方民族大学,2020-06-18 13:50:41,4,E,190,61,0.0416666666666666,0.0,0.0220183486238532,0.0220183486238532,0.0057636887608069,0.0015151515151515,0.0617270034996643
U_5314390,C_1750793,0.0,内蒙古农业大学职业技术学院,2020-05-20 20:39:03,0,A,142,17,0.0972222222222222,0.0,0.036697247706422,0.036697247706422,0.0461095100864553,0.0242424242424242,0.0702702687245843
U_31073692,C_801420,1.0,辽宁对外经贸学院,2020-07-27 19:09:35,4,E,781,155,0.0277777777777777,0.0,0.0036697247706422,0.0036697247706422,0.0,0.0,0.0613551222407258
U_32741108,C_948120,1.0,辽宁对外经贸学院,2020-09-15 11:42:41,4,E,781,167,0.0416666666666666,0.0,0.0275229357798165,0.0275229357798165,0.0403458213256484,0.0113636363636363,0.0618307104916665
U_13619520,C_735115,1.0,中国医科大学,2020-07-09 10:10:24,2,C,69,136,0.1944444444444444,0.0,0.3486238532110092,0.3486238532110092,0.3342939481268011,0.1113636363636363,0.0702616863160489
U_30036254,C_681031,2.0,辽宁对外经贸学院,2020-05-18 13:44:39,4,E,781,101,0.0277777777777777,0.0,0.0018348623853211,0.0018348623853211,0.0,0.0,0.0612192052169208
U_31215788,C_676635,2.0,广州中医药大学,2020-08-17 14:12:12,1,B,423,89,0.2222222222222222,0.0,0.0238532110091743,0.0311926605504587,0.0374639769452449,0.0242424242424242,0.1173925003079344
U_2904743,C_756642,1.0,辽宁对外经贸学院,2020-05-07 21:27:45,4,E,781,149,0.0277777777777777,0.0,0.0091743119266055,0.0091743119266055,0.0115273775216138,0.0045454545454545,0.0616763261848675
U_3970429,C_697107,2.0,广州工商学院,2020-05-25 23:31:31,4,E,431,122,0.0416666666666666,0.0,0.0036697247706422,0.0036697247706422,0.0057636887608069,0.0015151515151515,0.0612483497490794
U_7537311,C_1017355,2.0,广州中医药大学,2020-03-05 09:21:57,2,C,423,0,0.0138888888888888,0.0,0.1908256880733945,0.1908256880733945,0.1556195965417867,0.0613636363636363,0.075994215221796
U_11518669,C_735197,0.0,辽宁石油化工大学顺华能源学院,2020-11-09 13:39:12,3,D,791,141,0.4444444444444444,0.0,0.3376146788990826,0.3376146788990826,0.5302593659942363,0.1515151515151515,0.0645738176296741
U_10524743,C_1829948,0.0,北方民族大学,2020-06-17 17:52:16,4,E,190,61,0.0416666666666666,0.0,0.0220183486238532,0.0220183486238532,0.0115273775216138,0.003030303030303,0.061658978131146
U_29809851,C_1714448,2.0,辽宁对外经贸学院,2020-05-07 10:45:30,4,E,781,8,0.0277777777777777,0.0,0.018348623853211,0.018348623853211,0.0086455331412103,0.0022727272727272,0.0623838524169663
U_29032859,C_696917,1.0,辽宁对外经贸学院,2020-04-10 17:28:23,4,E,781,119,0.0416666666666666,0.0,0.0660550458715596,0.0660550458715596,0.0518731988472622,0.034090909090909,0.0627708185093721
U_3093340,C_735164,1.0,山东理工大学,2020-09-15 16:51:04,0,A,376,138,0.1111111111111111,0.0,0.1926605504587156,0.3119266055045872,0.201729106628242,0.075,0.0667916397656432
U_33014668,C_735164,0.0,昆明理工大学,2020-09-27 20:28:10,0,A,476,138,0.0138888888888888,0.0,0.2073394495412844,0.218348623853211,0.2507204610951008,0.0325757575757575,0.0697895250857121
U_4741512,C_682392,0.0,陕西工业职业技术学院,2020-07-30 15:39:48,3,D,876,108,0.2638888888888889,0.0,0.4495412844036697,0.4495412844036697,0.201729106628242,0.053030303030303,0.0958271609740417
U_29820807,C_948136,2.0,辽宁对外经贸学院,2020-05-08 15:55:26,4,E,781,168,0.0416666666666666,0.0,0.018348623853211,0.018348623853211,0.0201729106628242,0.0053030303030303,0.0617247452317519
U_29695691,C_1776290,1.0,辽宁对外经贸学院,2020-04-27 22:57:28,4,E,781,48,0.0138888888888888,0.0,0.0091743119266055,0.0091743119266055,0.0086455331412103,0.0045454545454545,0.0609204205246197
U_30593440,C_1829948,0.0,华南理工大学,2020-06-18 08:47:24,3,D,211,61,0.3611111111111111,0.0,0.0422018348623853,0.0422018348623853,0.0605187319884726,0.0159090909090909,0.0618545461132942
U_30002686,C_747056,2.0,华南理工大学,2020-05-15 21:27:13,3,D,211,147,0.1805555555555555,0.0,0.3724770642201835,0.3724770642201835,0.2046109510086455,0.059090909090909,0.0880520535032625
U_15201647,C_735197,0.0,辽宁石油化工大学,2020-09-09 10:06:22,4,E,790,141,0.0277777777777777,0.0,0.0110091743119266,0.0110091743119266,0.0172910662824207,0.031060606060606,0.0696649489248881
U_5094669,C_674920,0.0,西昌民族幼儿师范高等专科学校,2020-06-30 19:46:38,4,E,751,87,0.3472222222222222,0.0,0.1009174311926605,0.1009174311926605,0.1585014409221901,0.0439393939393939,0.0648235147089326
U_19910218,C_948395,2.0,西安美术学院,2020-03-16 08:55:08,2,C,727,170,0.0416666666666666,0.0,0.1761467889908257,0.1761467889908257,0.1613832853025936,0.0613636363636363,0.0748734012000234
U_30327312,C_676635,0.0,广州中医药大学,2020-06-02 19:32:14,1,B,423,89,0.2222222222222222,0.0,0.0458715596330275,0.0458715596330275,0.0691642651296829,0.0181818181818181,0.1138947602615506
U_33713524,C_697076,0.0,辽宁对外经贸学院,2020-11-20 09:54:46,4,E,781,121,0.0416666666666666,0.0,0.0660550458715596,0.0660550458715596,0.0576368876080691,0.0303030303030303,0.0594760105775613
U_30627957,C_1829948,2.0,华南理工大学,2020-06-20 16:10:31,3,D,211,61,0.1666666666666666,0.0,0.4770642201834862,0.4770642201834862,0.7492795389048991,0.1969696969696969,0.0697481334120024
U_30201902,C_674920,1.0,辽宁对外经贸学院,2020-05-27 11:57:52,4,E,781,87,0.0555555555555555,0.0,0.2201834862385321,0.2201834862385321,0.3429394812680115,0.0924242424242424,0.0654812352384113
U_10275663,C_735197,0.0,华南理工大学,2020-09-17 22:54:49,3,D,211,141,0.0277777777777777,0.0,0.0091743119266055,0.0091743119266055,0.0086455331412103,0.0022727272727272,0.0464957495095587
U_33333759,C_697076,2.0,辽宁对外经贸学院,2020-11-09 13:38:21,4,E,781,121,0.0416666666666666,0.0,0.0256880733944954,0.0256880733944954,0.0172910662824207,0.0045454545454545,0.0605962798417235
U_30717836,C_680814,1.0,辽宁对外经贸学院,2020-07-09 16:21:37,4,E,781,96,0.0416666666666666,0.0,0.0678899082568807,0.0678899082568807,0.0547550432276657,0.031060606060606,0.06286291721193
U_29823060,C_674959,2.0,辽宁对外经贸学院,2020-07-05 18:56:04,4,E,781,88,0.0277777777777777,0.0,0.0018348623853211,0.0018348623853211,0.0028818443804034,0.0007575757575757,0.0615247151895399
U_7010197,C_1025079,2.0,北京体育大学,2020-04-16 20:18:06,4,E,159,1,0.0416666666666666,0.0,0.0678899082568807,0.0678899082568807,0.0605187319884726,0.034090909090909,0.0632579556216541
U_12919995,C_1736024,1.0,西北工业大学,2020-04-13 16:10:35,0,A,703,14,0.1111111111111111,0.0,0.2073394495412844,0.2752293577981651,0.2161383285302593,0.081060606060606,0.0782131268729859
U_13135072,C_801420,0.0,南京邮电大学通达学院,2020-09-04 14:01:50,4,E,229,155,0.0277777777777777,0.0,0.0036697247706422,0.0036697247706422,0.0,0.0,0.061304449878271
U_33224361,C_697076,2.0,辽宁对外经贸学院,2020-10-30 08:29:17,3,D,781,121,0.1666666666666666,0.0,0.1853211009174312,0.2275229357798165,0.1095100864553314,0.1424242424242424,0.0830827547714527
U_30123225,C_766175,2.0,广州中医药大学,2020-05-29 18:27:58,1,B,423,151,0.0694444444444444,0.0,0.1834862385321101,0.1834862385321101,0.2334293948126801,0.0621212121212121,0.1108291120470847
U_7106158,C_1472684,2.0,甘肃中医药大学,2020-11-25 22:19:58,4,E,663,3,0.0416666666666666,0.0,0.018348623853211,0.018348623853211,0.0115273775216138,0.003030303030303,0.0617408948187305
U_30366750,C_1829948,2.0,辽宁对外经贸学院,2020-06-05 11:51:00,4,E,781,61,0.0416666666666666,0.0,0.0073394495412844,0.0073394495412844,0.0057636887608069,0.0015151515151515,0.0612373753594
U_30443664,C_1829948,2.0,辽宁对外经贸学院,2020-06-10 21:45:53,4,E,781,61,0.0277777777777777,0.0,0.0220183486238532,0.0220183486238532,0.0086455331412103,0.0022727272727272,0.0613244672442837
U_30272033,C_674920,1.0,辽宁对外经贸学院,2020-06-04 17:22:06,4,E,781,87,0.0416666666666666,0.0,0.0788990825688073,0.0788990825688073,0.063400576368876,0.0318181818181818,0.0613690333691597
U_30357401,C_1829948,2.0,辽宁对外经贸学院,2020-06-04 19:18:57,4,E,781,61,0.0138888888888888,0.0,0.0018348623853211,0.0018348623853211,0.0,0.0,0.0717083792927292
U_32558411,C_696575,0.0,辽宁对外经贸学院,2020-11-26 11:16:29,4,E,781,116,0.0416666666666666,0.0,0.0256880733944954,0.0256880733944954,0.031700288184438,0.0083333333333333,0.0615960388177724
U_34334533,C_1912004,0.0,辽宁对外经贸学院,2020-10-06 16:16:50,4,E,781,74,0.0277777777777777,0.0,0.0055045871559633,0.0055045871559633,0.0086455331412103,0.0022727272727272,0.0617963660004992
U_7767436,C_1017355,1.0,广州中医药大学,2020-05-01 22:19:05,3,D,423,0,0.1388888888888889,0.0,0.0825688073394495,0.0825688073394495,0.0461095100864553,0.0136363636363636,0.0808070942342806
U_33748735,C_697076,2.0,辽宁对外经贸学院,2020-11-19 21:53:21,4,E,781,121,0.0555555555555555,0.0,0.2018348623853211,0.2018348623853211,0.2881844380403458,0.0924242424242424,0.0652593158449434
U_30570115,C_1750793,0.0,昆明理工大学,2020-06-16 20:47:40,0,A,476,17,0.0138888888888888,0.0,0.036697247706422,0.036697247706422,0.0547550432276657,0.0287878787878787,0.0693518717738258
U_30903307,C_735385,0.0,辽宁对外经贸学院,2020-07-08 17:51:41,4,E,781,146,0.0416666666666666,0.0,0.036697247706422,0.036697247706422,0.0432276657060518,0.0113636363636363,0.0620236735419685
U_1036077,C_735164,0.0,攀枝花学院,2020-11-27 13:35:37,0,A,457,138,0.1111111111111111,0.0,0.1761467889908257,0.2587155963302752,0.1527377521613832,0.05,0.0717422879778082
U_19178898,C_1750795,1.0,辽宁对外经贸学院,2020-05-27 01:06:41,4,E,781,18,0.0416666666666666,0.0,0.0642201834862385,0.0642201834862385,0.0864553314121037,0.0484848484848484,0.0626001310929952
U_34383864,C_697076,2.0,华南理工大学,2020-10-07 15:40:37,3,D,211,121,0.1527777777777777,0.0,0.0458715596330275,0.0458715596330275,0.0432276657060518,0.0128787878787878,0.0781081075103767
U_14547625,C_674920,2.0,云南师范大学,2020-05-01 22:04:07,4,E,110,87,0.0416666666666666,0.0,0.018348623853211,0.018348623853211,0.0259365994236311,0.0068181818181818,0.061424242076807
U_7280992,C_1017355,2.0,广州中医药大学,2020-05-05 13:35:46,3,D,423,0,0.1805555555555555,0.0,0.0825688073394495,0.0825688073394495,0.0605187319884726,0.0219696969696969,0.081012457948733
U_30543980,C_1738818,0.0,辽宁对外经贸学院,2020-06-15 19:38:52,4,E,781,15,0.0277777777777777,0.0,0.0018348623853211,0.0018348623853211,0.0028818443804034,0.0015151515151515,0.061420022681497
U_2104273,C_1828106,0.0,Huazhong university,2020-08-30 16:22:53,4,E,17,59,0.0277777777777777,0.0,0.055045871559633,0.055045871559633,0.063400576368876,0.025,0.0257472016001846
U_3033288,C_735164,0.0,西安航空学院,2020-10-30 08:26:58,0,A,729,138,0.0972222222222222,0.0,0.1339449541284403,0.2532110091743119,0.1902017291066282,0.0462121212121212,0.0502266850137488
U_4516959,C_735197,0.0,华南理工大学,2020-10-21 21:28:38,4,E,211,141,0.0833333333333333,0.0,0.0770642201834862,0.0770642201834862,0.1181556195965417,0.0378787878787878,0.0695753356156479
U_33896336,C_697076,2.0,辽宁对外经贸学院,2020-12-06 13:52:57,4,E,781,121,0.0555555555555555,0.0,0.1834862385321101,0.1834862385321101,0.2190201729106628,0.0681818181818181,0.0653500377964495
U_25310347,C_674920,1.0,辽宁对外经贸学院,2020-04-22 15:49:58,4,E,781,87,0.0416666666666666,0.0,0.0825688073394495,0.0825688073394495,0.063400576368876,0.031060606060606,0.0620128625795722
U_31100086,C_682392,1.0,昆明理工大学,2020-07-30 12:24:04,0,A,476,108,0.0972222222222222,0.0,0.1064220183486238,0.2568807339449541,0.1671469740634005,0.0431818181818181,0.0476310140468361
U_33801040,C_735164,2.0,昆明理工大学,2020-10-24 19:09:44,0,A,476,138,0.1111111111111111,0.0,0.1522935779816513,0.2201834862385321,0.2219020172910662,0.0954545454545454,0.1431415163288071
U_30615470,C_1829948,0.0,辽宁对外经贸学院,2020-06-19 14:51:28,4,E,781,61,0.0416666666666666,0.0,0.0018348623853211,0.0018348623853211,0.0,0.0,0.0610791381305926
U_15290340,C_674959,0.0,辽宁对外经贸学院,2020-07-22 22:03:53,4,E,781,88,0.0277777777777777,0.0,0.0091743119266055,0.0091743119266055,0.0086455331412103,0.0022727272727272,0.0617583716333419
U_30479521,C_758928,1.0,辽宁对外经贸学院,2020-06-12 20:18:34,4,E,781,150,0.0694444444444444,0.0,0.2275229357798165,0.2275229357798165,0.3458213256484149,0.0984848484848484,0.0680859095629221
U_29453414,C_674920,1.0,辽宁对外经贸学院,2020-04-18 14:03:07,4,E,781,87,0.0416666666666666,0.0,0.0770642201834862,0.0770642201834862,0.0605187319884726,0.0333333333333333,0.0617624325537106
U_1097351,C_674920,0.0,云南大学,2020-06-09 10:15:31,4,E,106,87,0.0277777777777777,0.0,0.0018348623853211,0.0018348623853211,0.0,0.0,0.0612535893268235
U_919209,C_735164,0.0,云南民族大学,2020-09-17 19:31:03,0,A,114,138,0.0138888888888888,0.0,0.1779816513761468,0.2678899082568807,0.2132564841498559,0.0537878787878787,0.0641790615034391
U_28496723,C_1736024,2.0,广州中医药大学,2020-05-24 15:02:43,4,E,423,14,0.0277777777777777,0.0,0.0018348623853211,0.0036697247706422,0.0028818443804034,0.0015151515151515,0.0611869753757504
U_4174709,C_1875539,2.0,云南大学,2020-07-20 12:55:15,4,E,106,69,0.0833333333333333,0.0,0.0642201834862385,0.0642201834862385,0.0720461095100864,0.1893939393939394,0.0663124858285251
U_31158785,C_677087,1.0,辽宁对外经贸学院,2020-08-09 14:06:35,4,E,781,92,0.0416666666666666,0.0,0.0715596330275229,0.0715596330275229,0.0547550432276657,0.0303030303030303,0.0625690898138839
U_32237326,C_697076,1.0,长沙理工大学,2020-09-08 19:28:01,3,D,862,121,0.125,0.0,0.0275229357798165,0.0275229357798165,0.031700288184438,0.009090909090909,0.0790204725086851
U_30111721,C_1750793,2.0,昆明理工大学,2020-05-21 21:40:12,0,A,476,17,0.0833333333333333,0.0,0.036697247706422,0.036697247706422,0.0489913544668587,0.0257575757575757,0.0700885623474508
U_30113246,C_1750793,2.0,昆明理工大学,2020-05-22 08:17:16,0,A,476,17,0.0277777777777777,0.0,0.036697247706422,0.036697247706422,0.0403458213256484,0.0212121212121212,0.0696721298206621
U_29790853,C_747056,1.0,辽宁对外经贸学院,2020-06-09 23:09:33,4,E,781,147,0.0138888888888888,0.0,0.0825688073394495,0.0825688073394495,0.0720461095100864,0.0219696969696969,0.0628855246527633
U_30919349,C_735115,0.0,辽宁对外经贸学院,2020-07-10 04:10:34,4,E,781,136,0.0416666666666666,0.0,0.055045871559633,0.055045871559633,0.0345821325648414,0.0106060606060606,0.0620252137203035
U_25051339,C_948395,0.0,西安美术学院,2020-05-23 23:15:08,0,A,727,170,0.1666666666666666,0.0,0.110091743119266,0.110091743119266,0.1671469740634005,0.0954545454545454,0.0686538490858583
U_1037972,C_735164,0.0,昆明理工大学,2020-09-24 11:19:58,0,A,476,138,0.1111111111111111,0.0,0.1889908256880734,0.2715596330275229,0.2190201729106628,0.059090909090909,0.0667093813664666
U_30560875,C_1829948,1.0,辽宁对外经贸学院,2020-06-16 15:25:35,4,E,781,61,0.0138888888888888,0.0,0.0220183486238532,0.0220183486238532,0.0172910662824207,0.0045454545454545,0.0610901323296397
U_5152282,C_735197,1.0,华南理工大学,2020-09-15 18:35:50,3,D,211,141,0.1527777777777777,0.0,0.1688073394495413,0.2825688073394495,0.0691642651296829,0.1719696969696969,0.0832805017840427
U_13561418,C_674920,2.0,辽宁对外经贸学院,2020-05-19 01:42:40,4,E,781,87,0.0416666666666666,0.0,0.018348623853211,0.018348623853211,0.0288184438040345,0.0075757575757575,0.0609030179951371
U_7970306,C_1918363,0.0,郑州澍青医学高等专科学校,2020-11-09 14:03:33,0,A,809,76,0.1111111111111111,0.0,0.1926605504587156,0.2788990825688073,0.1902017291066282,0.0659090909090909,0.0714397741720466
U_33013952,C_735164,2.0,昆明理工大学,2020-09-17 13:15:00,0,A,476,138,0.0277777777777777,0.0,0.0990825688073394,0.1064220183486238,0.1527377521613832,0.0727272727272727,0.0684656749501862
U_13030139,C_801420,0.0,南京邮电大学通达学院,2020-09-04 14:03:55,4,E,229,155,0.0277777777777777,0.0,0.0018348623853211,0.0018348623853211,0.0,0.0,0.0612290306632764
U_33220694,C_697076,1.0,辽宁对外经贸学院,2020-11-19 15:18:42,4,E,781,121,0.0416666666666666,0.0,0.0642201834862385,0.0642201834862385,0.0489913544668587,0.0303030303030303,0.060621383262881
U_22332345,C_1761368,0.0,辽宁对外经贸学院,2020-05-11 18:12:54,4,E,781,31,0.0277777777777777,0.0,0.0110091743119266,0.0110091743119266,0.0172910662824207,0.006060606060606,0.0617612439916515
U_5915620,C_756642,2.0,河南大学,2020-05-22 10:39:12,1,B,568,149,0.2083333333333333,0.0,0.0275229357798165,0.0275229357798165,0.0345821325648414,0.0106060606060606,0.1142717424326595
U_30356413,C_1829948,1.0,辽宁对外经贸学院,2020-06-04 18:13:43,4,E,781,61,0.0416666666666666,0.0,0.0825688073394495,0.0825688073394495,0.0806916426512968,0.0212121212121212,0.0627129850605109
U_31048527,C_676646,0.0,辽宁对外经贸学院,2020-07-23 16:53:50,4,E,781,90,0.0277777777777777,0.0,0.0091743119266055,0.0091743119266055,0.0057636887608069,0.0015151515151515,0.0613318165196828
U_30334119,C_735115,0.0,中国医科大学,2020-06-03 11:39:20,2,C,69,136,0.1805555555555555,0.0,0.055045871559633,0.055045871559633,0.0172910662824207,0.0045454545454545,0.0573993450431414
U_5732062,C_1824911,2.0,重庆三峡医药高等专科学校,2020-06-05 11:32:02,4,E,822,57,0.0555555555555555,0.0,0.0458715596330275,0.0458715596330275,0.0547550432276657,0.0401515151515151,0.0585962666554345
U_1086128,C_735164,0.0,昆明理工大学,2020-11-28 10:41:43,4,E,476,138,0.0416666666666666,0.0,0.0605504587155963,0.0605504587155963,0.0086455331412103,0.0151515151515151,0.0652872421009914
U_17439776,C_948488,1.0,合肥工业大学,2020-03-01 16:31:30,1,B,248,172,0.1805555555555555,0.0,0.0642201834862385,0.0660550458715596,0.100864553314121,0.0242424242424242,0.1148654390858857
U_14336094,C_1750793,0.0,北京体育大学,2020-06-02 22:26:52,2,C,159,17,0.1388888888888889,0.0,0.1853211009174312,0.1853211009174312,0.1873198847262247,0.0583333333333333,0.0756824504413407
U_5094709,C_674920,0.0,辽宁对外经贸学院,2020-06-29 16:23:14,4,E,781,87,0.5138888888888888,0.0,0.2201834862385321,0.2201834862385321,0.3458213256484149,0.0931818181818181,0.0661307348803143
U_5647270,C_1824911,2.0,重庆三峡医药高等专科学校,2020-06-19 13:50:05,4,E,822,57,0.0138888888888888,0.0,0.0862385321100917,0.0862385321100917,0.1354466858789625,0.0356060606060606,0.062601908983742
U_4516912,C_735197,0.0,华南理工大学,2020-10-19 22:47:48,3,D,211,141,0.1944444444444444,0.0,0.1853211009174312,0.2513761467889908,0.0835734870317002,0.1439393939393939,0.0339260299265299
U_6766164,C_1824911,0.0,重庆三峡医药高等专科学校,2020-06-29 23:01:52,4,E,822,57,0.4027777777777777,0.0,0.091743119266055,0.091743119266055,0.0922190201729106,0.0393939393939393,0.0650209843903755
U_26970133,C_735283,2.0,辽宁对外经贸学院,2020-02-24 21:58:51,4,E,781,143,0.0416666666666666,0.0,0.0660550458715596,0.0660550458715596,0.0432276657060518,0.0303030303030303,0.0625793708756955
U_29600161,C_680719,1.0,中国医科大学,2020-04-28 20:26:14,2,C,69,94,0.125,0.0,0.0642201834862385,0.0642201834862385,0.0835734870317002,0.0219696969696969,0.0756308321815804
U_1892221,C_735164,2.0,西南交通大学希望学院,2020-10-21 10:24:43,0,A,709,138,0.0972222222222222,0.0,0.0605504587155963,0.0715596330275229,0.0922190201729106,0.0424242424242424,0.0037927453167673
U_33491423,C_2059281,0.0,辽宁对外经贸学院,2020-09-23 12:28:07,4,E,781,85,0.0416666666666666,0.0,0.0091743119266055,0.0091743119266055,0.0086455331412103,0.0022727272727272,0.0618408677449303
U_32016418,C_697076,2.0,辽宁对外经贸学院,2020-09-04 16:39:02,4,E,781,121,0.0555555555555555,0.0,0.1559633027522936,0.1559633027522936,0.1988472622478386,0.059090909090909,0.0648384163057491
U_29027623,C_707079,2.0,辽宁对外经贸学院,2020-05-07 10:01:52,4,E,781,132,0.0277777777777777,0.0,0.0293577981651376,0.0293577981651376,0.031700288184438,0.0128787878787878,0.0612551740762357
U_31739561,C_735197,1.0,辽宁对外经贸学院,2020-10-20 16:52:06,4,E,781,141,0.0416666666666666,0.0,0.0128440366972477,0.0128440366972477,0.0172910662824207,0.0045454545454545,0.0612399654342205
U_29961999,C_674920,0.0,辽宁对外经贸学院,2020-05-13 15:57:23,4,E,781,87,0.0416666666666666,0.0,0.018348623853211,0.018348623853211,0.0115273775216138,0.003030303030303,0.0611070941006921
U_24855371,C_948395,0.0,中国医科大学,2020-02-19 19:47:08,2,C,69,170,0.1527777777777777,0.0,0.181651376146789,0.181651376146789,0.1671469740634005,0.0643939393939393,0.0766272928979152
U_30410545,C_1750793,2.0,昆明理工大学,2020-06-08 23:06:17,0,A,476,17,0.1111111111111111,0.0,0.036697247706422,0.036697247706422,0.0547550432276657,0.0287878787878787,0.070277979520943
U_23365189,C_948395,2.0,西安美术学院,2020-02-17 16:28:35,1,B,727,170,0.0277777777777777,0.0,0.0220183486238532,0.0422018348623853,0.0345821325648414,0.0234848484848484,0.1112530226101621
U_6758750,C_1824911,2.0,重庆三峡医药高等专科学校,2020-06-10 18:22:55,4,E,822,57,0.0694444444444444,0.0,0.0311926605504587,0.0311926605504587,0.0489913544668587,0.0477272727272727,0.0598188463511795
U_20984264,C_1732845,2.0,铜仁学院,2020-03-25 16:45:51,0,A,850,13,0.0416666666666666,0.0,0.1834862385321101,0.2678899082568807,0.2132564841498559,0.0553030303030303,0.0673956521470743
U_1647001,C_682407,0.0,南京邮电大学,2020-07-15 16:36:08,4,E,228,110,0.0416666666666666,0.0,0.0660550458715596,0.0660550458715596,0.0605187319884726,0.0333333333333333,0.0635467365832907
U_16010452,C_1714448,0.0,辽宁对外经贸学院,2020-04-27 14:33:47,4,E,781,8,0.0416666666666666,0.0,0.0678899082568807,0.0678899082568807,0.0576368876080691,0.0333333333333333,0.0619905572315956
U_29476445,C_676635,2.0,辽宁对外经贸学院,2020-06-09 16:26:55,4,E,781,89,0.0416666666666666,0.0,0.0091743119266055,0.0091743119266055,0.0086455331412103,0.0022727272727272,0.061832107052086
U_28352017,C_1750795,1.0,辽宁对外经贸学院,2020-06-13 08:41:19,4,E,781,18,0.0416666666666666,0.0,0.0055045871559633,0.0055045871559633,0.0057636887608069,0.003030303030303,0.0612535497080882
U_12154856,C_948488,0.0,合肥工业大学,2020-03-06 14:49:49,0,A,248,172,0.0138888888888888,0.0,0.2018348623853211,0.2697247706422018,0.2103746397694524,0.0553030303030303,0.0716455439785358
U_12156209,C_682392,1.0,陕西工业职业技术学院,2020-08-31 16:15:59,4,E,876,108,0.0138888888888888,0.0,0.0018348623853211,0.0018348623853211,0.0028818443804034,0.0007575757575757,0.0599150604498672
U_32853145,C_735164,0.0,昆明理工大学,2020-09-16 11:24:35,0,A,476,138,0.1111111111111111,0.0,0.2128440366972477,0.2642201834862385,0.2478386167146974,0.0507575757575757,0.065524107662353
U_33137463,C_1912004,1.0,辽宁对外经贸学院,2020-09-19 07:53:37,4,E,781,74,0.0416666666666666,0.0,0.0697247706422018,0.0697247706422018,0.0662824207492795,0.034090909090909,0.0622973300514025
U_31876714,C_948387,2.0,辽宁对外经贸学院,2020-09-03 15:03:48,4,E,781,169,0.0416666666666666,0.0,0.0770642201834862,0.0770642201834862,0.0576368876080691,0.0318181818181818,0.0629180466821066
U_27714059,C_676635,1.0,辽宁对外经贸学院,2020-06-26 08:39:14,4,E,781,89,0.0416666666666666,0.0,0.0403669724770642,0.0403669724770642,0.0605187319884726,0.0159090909090909,0.0625020450090643
U_17895540,C_786631,1.0,北华航天工业学院,2020-04-22 19:49:42,0,A,186,154,0.1111111111111111,0.0,0.2110091743119266,0.2862385321100917,0.2593659942363112,0.0878787878787878,0.0707447129845431
U_29921534,C_813262,1.0,辽宁对外经贸学院,2020-05-11 13:52:31,4,E,781,157,0.0416666666666666,0.0,0.0477064220183486,0.0477064220183486,0.0259365994236311,0.0159090909090909,0.0606257116097131
U_13031287,C_697076,0.0,长沙理工大学,2020-09-08 19:25:13,0,A,862,121,0.125,0.0,0.091743119266055,0.091743119266055,0.1412103746397694,0.0454545454545454,0.0654672399201649
U_14654732,C_786631,1.0,北华航天工业学院,2020-04-29 19:31:21,0,A,186,154,0.0555555555555555,0.0,0.0532110091743119,0.0532110091743119,0.0489913544668587,0.0143939393939393,0.0663664415936683
U_30486744,C_1750795,0.0,辽宁对外经贸学院,2020-06-13 10:01:33,4,E,781,18,0.0416666666666666,0.0,0.0055045871559633,0.0055045871559633,0.0086455331412103,0.0045454545454545,0.0612159564806258
U_33455059,C_697076,0.0,辽宁对外经贸学院,2020-10-12 10:18:47,4,E,781,121,0.0416666666666666,0.0,0.0825688073394495,0.0825688073394495,0.0662824207492795,0.031060606060606,0.0613993565586936
U_12155428,C_948488,2.0,合肥工业大学,2020-03-13 14:23:54,1,B,248,172,0.0138888888888888,0.0,0.0440366972477064,0.0458715596330275,0.0691642651296829,0.0227272727272727,0.1072748360654209
U_31641913,C_1992917,2.0,辽宁对外经贸学院,2020-08-29 19:35:40,4,E,781,80,0.0416666666666666,0.0,0.0697247706422018,0.0697247706422018,0.031700288184438,0.05,0.0610950500051594
U_7329062,C_1912004,0.0,北京交通大学,2020-10-30 11:19:28,4,E,157,74,0.0416666666666666,0.0,0.0091743119266055,0.0091743119266055,0.0086455331412103,0.0022727272727272,0.0626881639228424
U_34203567,C_2027893,1.0,辽宁对外经贸学院,2020-10-11 19:01:18,4,E,781,84,0.0416666666666666,0.0,0.0018348623853211,0.0018348623853211,0.0,0.0,0.0565300406577674
U_32312620,C_697076,1.0,华南理工大学,2020-09-09 19:35:00,3,D,211,121,0.1666666666666666,0.0,0.1779816513761468,0.2513761467889908,0.1210374639769452,0.1553030303030303,0.0840817411821631
U_24699752,C_948395,2.0,西安美术学院,2020-05-26 12:56:58,0,A,727,170,0.0972222222222222,0.0,0.110091743119266,0.110091743119266,0.1671469740634005,0.0939393939393939,0.0679995011012224
U_12096970,C_948109,2.0,西京学院,2020-03-30 18:03:22,0,A,701,165,0.2361111111111111,0.0,0.091743119266055,0.3541284403669725,0.1440922190201729,0.1166666666666666,0.0771928354873654
U_33285461,C_2059281,1.0,辽宁对外经贸学院,2020-09-21 17:03:58,4,E,781,85,0.0277777777777777,0.0,0.0477064220183486,0.0477064220183486,0.063400576368876,0.0325757575757575,0.0704570809662303
U_7374085,C_1824911,2.0,重庆三峡医药高等专科学校,2020-06-11 19:09:01,4,E,822,57,0.0972222222222222,0.0,0.0697247706422018,0.0697247706422018,0.0489913544668587,0.0295454545454545,0.0654314691545266
U_33455249,C_697076,2.0,辽宁对外经贸学院,2020-11-23 11:42:46,4,E,781,121,0.0416666666666666,0.0,0.055045871559633,0.055045871559633,0.063400576368876,0.0189393939393939,0.0643605846439218
U_32612164,C_735164,2.0,昆明理工大学,2020-12-04 15:58:18,0,A,476,138,0.125,0.0,0.2862385321100917,0.326605504587156,0.446685878962536,0.1628787878787878,0.0704044128099844
U_17924920,C_786631,1.0,北华航天工业学院,2020-04-22 21:31:07,4,E,186,154,0.0277777777777777,0.0,0.0697247706422018,0.0697247706422018,0.0547550432276657,0.031060606060606,0.0617450151672022
U_24147182,C_948120,0.0,昆明理工大学,2020-10-07 12:43:45,0,A,476,167,0.0138888888888888,0.2,0.0091743119266055,0.0091743119266055,0.0144092219020172,0.0037878787878787,0.0123350771242835
U_33344018,C_697076,2.0,辽宁对外经贸学院,2020-11-17 11:40:05,4,E,781,121,0.0416666666666666,0.0,0.073394495412844,0.073394495412844,0.0230547550432276,0.0234848484848484,0.0649400185524383
U_12291532,C_1907852,2.0,合肥工业大学,2020-11-13 19:14:34,4,E,248,71,0.0416666666666666,0.0,0.0128440366972477,0.0128440366972477,0.0201729106628242,0.0053030303030303,0.0610715560951237
U_11969977,C_948488,1.0,合肥工业大学,2020-03-06 15:01:10,1,B,248,172,0.0416666666666666,0.0,0.0532110091743119,0.055045871559633,0.0835734870317002,0.0242424242424242,0.1107824114628441
U_27877429,C_735283,2.0,辽宁对外经贸学院,2020-04-20 16:19:55,4,E,781,143,0.0416666666666666,0.0,0.0715596330275229,0.0715596330275229,0.0518731988472622,0.034090909090909,0.0633733897593065
U_33455049,C_697076,2.0,辽宁对外经贸学院,2020-11-19 12:55:41,4,E,781,121,0.0416666666666666,0.0,0.0642201834862385,0.0642201834862385,0.0547550432276657,0.0174242424242424,0.0646220633445916
U_6523634,C_1829948,1.0,北方民族大学,2020-06-17 14:18:15,4,E,190,61,0.0277777777777777,0.0,0.0311926605504587,0.0311926605504587,0.0403458213256484,0.0106060606060606,0.0612136982127135
U_31850451,C_1912004,1.0,辽宁对外经贸学院,2020-09-16 16:54:52,4,E,781,74,0.0416666666666666,0.0,0.0587155963302752,0.0587155963302752,0.0230547550432276,0.0484848484848484,0.0618062013515386
U_1584157,C_735164,0.0,吉林农业大学,2020-10-26 19:23:07,4,E,251,138,0.0416666666666666,0.0,0.0091743119266055,0.0091743119266055,0.0144092219020172,0.006060606060606,0.0613088673672575
U_33224377,C_697076,2.0,辽宁对外经贸学院,2020-11-23 20:34:46,4,E,781,121,0.0277777777777777,0.0,0.0018348623853211,0.0018348623853211,0.0,0.0,0.0626610448985263
U_10857429,C_674920,2.0,云南农业大学,2020-06-16 00:17:28,4,E,105,87,0.0416666666666666,0.0,0.018348623853211,0.018348623853211,0.0144092219020172,0.0037878787878787,0.0614714577046065
U_20327765,C_674920,2.0,辽宁对外经贸学院,2020-06-02 09:53:40,4,E,781,87,0.0416666666666666,0.0,0.0788990825688073,0.0788990825688073,0.0662824207492795,0.0318181818181818,0.0621247508404149
U_31061006,C_735115,1.0,昆明理工大学,2020-07-29 09:15:56,0,A,476,136,0.1388888888888889,0.0,0.5211009174311927,0.5211009174311927,0.6801152737752161,0.231060606060606,0.0729042113898015
U_7226660,C_1017355,0.0,广州中医药大学,2020-03-09 15:33:41,4,E,423,0,0.0277777777777777,0.0,0.0825688073394495,0.0825688073394495,0.0489913544668587,0.0303030303030303,0.0644110985314354
U_29936431,C_786631,1.0,华南理工大学,2020-05-12 10:01:35,3,D,211,154,0.1527777777777777,0.0,0.1944954128440367,0.1944954128440367,0.1037463976945244,0.031060606060606,0.0855680875605416
U_25941276,C_948395,2.0,西安美术学院,2020-05-28 15:41:44,0,A,727,170,0.1666666666666666,0.0,0.110091743119266,0.110091743119266,0.1613832853025936,0.0924242424242424,0.068729030588441
U_33748902,C_697076,2.0,辽宁对外经贸学院,2020-11-16 18:14:00,4,E,781,121,0.0416666666666666,0.0,0.0844036697247706,0.0844036697247706,0.0691642651296829,0.0325757575757575,0.0619108047174271
U_6471545,C_1824911,2.0,重庆三峡医药高等专科学校,2020-06-02 10:24:08,4,E,822,57,0.0416666666666666,0.0,0.0623853211009174,0.0623853211009174,0.0518731988472622,0.0303030303030303,0.0682128628478644
U_13361045,C_1778562,0.0,南开大学,2020-09-22 14:02:37,4,E,231,49,0.0277777777777777,0.0,0.0036697247706422,0.0036697247706422,0.0057636887608069,0.0015151515151515,0.0613613968579297
U_28685622,C_707035,2.0,辽宁对外经贸学院,2020-08-19 07:04:46,4,E,781,130,0.0416666666666666,0.0,0.0715596330275229,0.0715596330275229,0.0576368876080691,0.0318181818181818,0.0636556782006951
U_14807828,C_680979,0.0,辽宁对外经贸学院,2020-05-15 11:46:05,4,E,781,100,0.0416666666666666,0.0,0.0678899082568807,0.0678899082568807,0.0489913544668587,0.0325757575757575,0.062490382243859
U_1394497,C_1875539,1.0,云南大学,2020-08-25 09:32:03,4,E,106,69,0.0694444444444444,0.0,0.0862385321100917,0.0862385321100917,0.1210374639769452,0.0469696969696969,0.0663764700860423
U_29484443,C_735283,2.0,辽宁对外经贸学院,2020-04-20 16:03:02,4,E,781,143,0.0416666666666666,0.0,0.0715596330275229,0.0715596330275229,0.0518731988472622,0.034090909090909,0.0633619696588549
U_21263631,C_948395,1.0,西安美术学院,2020-05-25 11:47:41,1,B,727,170,0.1111111111111111,0.0,0.110091743119266,0.110091743119266,0.1239193083573487,0.0696969696969697,0.1120319665649897
U_9810265,C_735197,0.0,华南理工大学,2020-09-26 11:53:14,4,E,211,141,0.0416666666666666,0.0,0.0458715596330275,0.0458715596330275,0.0432276657060518,0.0121212121212121,0.0628784378514856
U_6220319,C_1829948,1.0,北方民族大学,2020-06-07 17:19:55,4,E,190,61,0.0277777777777777,0.0,0.0311926605504587,0.0311926605504587,0.0259365994236311,0.0068181818181818,0.0598383090548979
U_6220206,C_1829948,0.0,北方民族大学,2020-06-19 12:27:03,4,E,190,61,0.0416666666666666,0.0,0.0073394495412844,0.0073394495412844,0.0028818443804034,0.0007575757575757,0.0608076903656518
U_29338189,C_758928,2.0,辽宁对外经贸学院,2020-04-13 13:27:46,4,E,781,150,0.0416666666666666,0.0,0.0678899082568807,0.0678899082568807,0.0547550432276657,0.0333333333333333,0.062329272656742
U_16633857,C_1844112,1.0,内蒙古大学,2020-08-19 08:11:04,0,A,145,63,0.1666666666666666,0.0,0.3669724770642202,0.4275229357798165,0.5446685878962536,0.5643939393939394,0.1069622838626014
U_29898894,C_948136,0.0,昆明理工大学,2020-05-09 17:31:53,0,A,476,168,0.0833333333333333,0.0,0.2,0.2,0.063400576368876,0.0166666666666666,0.0772281555898896
U_13537874,C_948120,0.0,中国农业大学,2020-09-28 08:12:56,4,E,67,167,0.0416666666666666,0.0,0.0697247706422018,0.0697247706422018,0.0432276657060518,0.0303030303030303,0.0619045003861717
U_11412200,C_697076,0.0,四川中医药高等专科学校,2020-11-20 21:13:48,4,E,284,121,0.0416666666666666,0.0,0.036697247706422,0.036697247706422,0.0345821325648414,0.009090909090909,0.0620755344664825
U_33015875,C_735164,1.0,昆明理工大学,2020-09-17 17:30:24,0,A,476,138,0.0138888888888888,0.0,0.0091743119266055,0.0091743119266055,0.0144092219020172,0.006060606060606,0.0624062171930459
U_31280195,C_1774985,1.0,辽宁对外经贸学院,2020-11-08 12:16:08,4,E,781,46,0.0416666666666666,0.0,0.0146788990825688,0.0146788990825688,0.0144092219020172,0.0037878787878787,0.0615150085993902
U_33230711,C_1992945,2.0,辽宁对外经贸学院,2020-10-20 14:06:58,4,E,781,82,0.0277777777777777,0.0,0.0055045871559633,0.0055045871559633,0.0028818443804034,0.0007575757575757,0.0614446259161213
U_12408016,C_735197,0.0,辽宁对外经贸学院,2020-09-11 11:16:44,4,E,781,141,0.0416666666666666,0.0,0.0091743119266055,0.0091743119266055,0.0115273775216138,0.003030303030303,0.0605295024633673
U_30622837,C_1829948,2.0,辽宁对外经贸学院,2020-06-20 00:25:55,4,E,781,61,0.1666666666666666,0.0,0.0513761467889908,0.0513761467889908,0.0461095100864553,0.0121212121212121,0.063412057644964
U_11245851,C_1992929,1.0,北京体育大学,2020-12-03 12:00:50,0,A,159,81,0.1111111111111111,0.0,0.1669724770642202,0.1669724770642202,0.2593659942363112,0.0681818181818181,0.0665730879646762
U_31060815,C_735115,1.0,华南理工大学,2020-07-25 16:21:42,3,D,211,136,0.2222222222222222,0.0,0.5211009174311927,0.5211009174311927,0.7896253602305475,0.2727272727272727,0.0767185199882964
U_7774082,C_1829948,1.0,北方民族大学,2020-06-05 12:55:10,3,D,190,61,0.0833333333333333,0.0,0.0311926605504587,0.0311926605504587,0.0345821325648414,0.009090909090909,0.0618703391316551
U_5582024,C_1824911,1.0,重庆三峡医药高等专科学校,2020-06-08 14:07:46,4,E,822,57,0.1527777777777777,0.0,0.0623853211009174,0.0623853211009174,0.0893371757925072,0.0234848484848484,0.0613936167944164
U_34210657,C_1992945,2.0,辽宁对外经贸学院,2020-10-04 14:22:15,4,E,781,82,0.0416666666666666,0.0,0.0091743119266055,0.0165137614678899,0.0028818443804034,0.0007575757575757,0.0622387240372029
U_31063166,C_735115,1.0,昆明理工大学,2020-07-26 08:03:11,0,A,476,136,0.125,0.0,0.5211009174311927,0.5211009174311927,0.5043227665706052,0.1742424242424242,0.0750290731157197
U_28880872,C_680814,0.0,华南理工大学,2020-07-04 18:14:53,3,D,211,96,0.125,0.0,0.0422018348623853,0.0422018348623853,0.0115273775216138,0.003030303030303,0.0796973140302903
U_30568577,C_1829948,0.0,华南理工大学,2020-06-16 20:05:01,3,D,211,61,0.2777777777777778,0.0,0.4770642201834862,0.4770642201834862,0.7435158501440922,0.1954545454545454,0.0708745683418464
U_31574446,C_1992917,2.0,辽宁对外经贸学院,2020-08-28 20:02:32,4,E,781,80,0.0277777777777777,0.0,0.0899082568807339,0.0899082568807339,0.0547550432276657,0.0265151515151515,0.0647858422439997
U_13820057,C_756642,2.0,昆明理工大学,2020-05-07 21:14:41,0,A,476,149,0.0972222222222222,0.0,0.2128440366972477,0.255045871559633,0.1786743515850144,0.0893939393939394,0.0781384158428849
U_33224326,C_697076,2.0,辽宁对外经贸学院,2020-11-02 20:16:22,4,E,781,121,0.0416666666666666,0.0,0.0091743119266055,0.0091743119266055,0.0086455331412103,0.0022727272727272,0.0609088270922012
U_5647276,C_1824911,2.0,重庆三峡医药高等专科学校,2020-06-10 18:27:31,4,E,822,57,0.0416666666666666,0.0,0.0348623853211009,0.0348623853211009,0.0518731988472622,0.0136363636363636,0.0616637670457759
U_30579137,C_1829948,2.0,辽宁对外经贸学院,2020-06-17 11:59:04,4,E,781,61,0.0416666666666666,0.0,0.0073394495412844,0.0073394495412844,0.0057636887608069,0.0015151515151515,0.0612373753594
U_7872265,C_1829948,0.0,北方民族大学,2020-06-16 12:01:33,4,E,190,61,0.0416666666666666,0.0,0.0422018348623853,0.0422018348623853,0.0518731988472622,0.0136363636363636,0.0616624794368785
U_33442660,C_697076,0.0,辽宁对外经贸学院,2020-11-11 16:08:58,4,E,781,121,0.0416666666666666,0.0,0.036697247706422,0.036697247706422,0.0345821325648414,0.009090909090909,0.0607850433060832
U_17717506,C_707103,0.0,中国消防救援学院,2020-09-14 15:50:58,0,A,75,133,0.1111111111111111,0.0,0.2165137614678899,0.2770642201834862,0.2305475504322766,0.0795454545454545,0.0697827700913426
U_31143489,C_1778562,2.0,辽宁对外经贸学院,2020-08-06 11:01:52,4,E,781,49,0.0138888888888888,0.0,0.0036697247706422,0.0036697247706422,0.0057636887608069,0.0015151515151515,0.0607526797516811
U_30377597,C_1992929,2.0,辽宁对外经贸学院,2020-09-15 22:43:50,4,E,781,81,0.0416666666666666,0.0,0.0605504587155963,0.0605504587155963,0.0374639769452449,0.0265151515151515,0.0014847867061584
U_18301804,C_948488,1.0,合肥工业大学,2020-03-06 14:17:01,0,A,248,172,0.0416666666666666,0.2,0.2220183486238532,0.3486238532110092,0.2853025936599423,0.0333333333333333,0.0745224039669325
U_4171486,C_735164,0.0,玉溪师范学院,2020-11-30 09:51:08,0,A,660,138,0.0972222222222222,0.0,0.0990825688073394,0.1027522935779816,0.1556195965417867,0.0742424242424242,0.0697195980178991
U_32753738,C_735164,1.0,昆明理工大学,2020-11-29 14:27:32,4,E,476,138,0.0416666666666666,0.0,0.055045871559633,0.055045871559633,0.0864553314121037,0.0401515151515151,0.0620573593716614
U_29771012,C_1017355,0.0,辽宁对外经贸学院,2020-05-03 19:20:43,4,E,781,0,0.0277777777777777,0.0,0.0036697247706422,0.0036697247706422,0.0,0.0,0.0612799803568784
U_33344053,C_697076,0.0,辽宁对外经贸学院,2020-11-17 11:42:40,4,E,781,121,0.0416666666666666,0.0,0.0862385321100917,0.0862385321100917,0.0720461095100864,0.0325757575757575,0.0620229703094168
U_13119173,C_801420,0.0,南京邮电大学通达学院,2020-09-01 09:36:41,4,E,229,155,0.0416666666666666,0.0,0.0128440366972477,0.0128440366972477,0.0115273775216138,0.003030303030303,0.0615455051208911
U_29821918,C_756642,2.0,昆明理工大学,2020-05-07 21:32:05,0,A,476,149,0.0833333333333333,0.0,0.0091743119266055,0.0091743119266055,0.0144092219020172,0.0053030303030303,0.0733566325852727
U_33656536,C_697076,2.0,辽宁对外经贸学院,2020-12-03 13:40:46,4,E,781,121,0.0416666666666666,0.0,0.018348623853211,0.018348623853211,0.0259365994236311,0.0075757575757575,0.0641534876097998
U_31134053,C_677087,1.0,1,2020-08-22 21:56:25,4,E,2,92,0.0833333333333333,0.0,0.1045871559633027,0.1045871559633027,0.1095100864553314,0.0287878787878787,0.1932168329720699
U_5314211,C_1750793,0.0,内蒙古农业大学职业技术学院,2020-05-21 10:03:12,0,A,142,17,0.0972222222222222,0.0,0.036697247706422,0.036697247706422,0.0374639769452449,0.0196969696969696,0.0703830434546294
U_594440,C_756642,2.0,华南理工大学,2020-05-11 16:22:38,3,D,211,149,0.0138888888888888,0.0,0.1688073394495413,0.1688073394495413,0.1412103746397694,0.1393939393939394,0.0819532097708873
U_5635799,C_1824911,2.0,重庆三峡医药高等专科学校,2020-06-10 18:22:48,4,E,822,57,0.2083333333333333,0.0,0.0623853211009174,0.0623853211009174,0.0864553314121037,0.0227272727272727,0.064051865553743
U_15764026,C_1714448,1.0,中国医科大学,2020-05-15 22:03:41,2,C,69,8,0.0138888888888888,0.0,0.1302752293577981,0.1302752293577981,0.1123919308357348,0.0295454545454545,0.0756136525074839
U_12930217,C_707358,1.0,清华大学,2020-06-21 10:39:57,4,E,612,134,0.0416666666666666,0.0,0.073394495412844,0.0862385321100917,0.1123919308357348,0.0295454545454545,0.0627041401778541
U_32754071,C_735164,1.0,昆明理工大学,2020-11-29 22:16:39,0,A,476,138,0.125,0.0,0.2844036697247706,0.291743119266055,0.446685878962536,0.1628787878787878,0.0692630861880077
U_19775956,C_948436,2.0,西安美术学院,2020-06-05 18:09:22,4,E,727,171,0.0416666666666666,0.0,0.0311926605504587,0.0311926605504587,0.0403458213256484,0.0045454545454545,0.0621835153295557
U_20326975,C_735197,0.0,辽宁对外经贸学院,2020-09-11 23:02:49,4,E,781,141,0.0416666666666666,0.0,0.0146788990825688,0.0146788990825688,0.0172910662824207,0.0045454545454545,0.061315389601557
U_461765,C_735164,0.0,重庆科技学院,2020-10-24 19:11:00,0,A,845,138,0.1111111111111111,0.0,0.1944954128440367,0.273394495412844,0.2247838616714697,0.0598484848484848,0.1062632226795399
U_31634775,C_1992917,2.0,辽宁对外经贸学院,2020-08-29 11:06:28,4,E,781,80,0.0416666666666666,0.0,0.0807339449541284,0.0807339449541284,0.0518731988472622,0.0325757575757575,0.0650843644621794
U_2726903,C_735164,2.0,河南工业大学,2020-09-15 10:58:23,0,A,570,138,0.0972222222222222,0.0,0.2201834862385321,0.2972477064220183,0.2103746397694524,0.0636363636363636,0.056205627596066
U_17906158,C_786631,1.0,北华航天工业学院,2020-04-22 21:42:36,3,D,186,154,0.0416666666666666,0.0,0.2256880733944954,0.2256880733944954,0.1757925072046109,0.0954545454545454,0.0914783312558403
U_29964272,C_948136,2.0,辽宁对外经贸学院,2020-05-13 17:26:40,4,E,781,168,0.0416666666666666,0.0,0.1889908256880734,0.1889908256880734,0.0893371757925072,0.0234848484848484,0.0679225961836538
U_32578736,C_735164,1.0,昆明理工大学,2020-09-15 10:57:22,2,C,476,138,0.1388888888888889,0.0,0.0091743119266055,0.0128440366972477,0.0086455331412103,0.003030303030303,0.0583427895526406
U_14072344,C_735385,0.0,辽宁对外经贸学院,2020-06-11 08:04:01,4,E,781,146,0.0416666666666666,0.0,0.0220183486238532,0.0220183486238532,0.0288184438040345,0.0075757575757575,0.0616792233048867
U_33009649,C_735164,1.0,昆明理工大学,2020-10-30 11:20:55,0,A,476,138,0.0138888888888888,0.0,0.2018348623853211,0.2715596330275229,0.2478386167146974,0.0613636363636363,0.0651824852125036
U_32175119,C_1774985,0.0,辽宁对外经贸学院,2020-09-08 11:33:57,4,E,781,46,0.0277777777777777,0.0,0.0055045871559633,0.0055045871559633,0.0028818443804034,0.0007575757575757,0.0612739533567701
U_30978756,C_1875539,2.0,辽宁对外经贸学院,2020-07-16 22:23:42,4,E,781,69,0.0416666666666666,0.0,0.0036697247706422,0.0036697247706422,0.0057636887608069,0.0151515151515151,0.0607563296276711
U_5581759,C_1824911,2.0,重庆三峡医药高等专科学校,2020-06-02 10:01:26,4,E,822,57,0.0555555555555555,0.0,0.0880733944954128,0.0880733944954128,0.0461095100864553,0.0204545454545454,0.064877178285903
U_13123134,C_801420,0.0,南京邮电大学通达学院,2020-09-01 09:53:45,4,E,229,155,0.0277777777777777,0.0,0.0018348623853211,0.0018348623853211,0.0028818443804034,0.0007575757575757,0.0611950179790172
U_29909579,C_756642,2.0,辽宁对外经贸学院,2020-05-11 17:33:30,4,E,781,149,0.0277777777777777,0.0,0.0091743119266055,0.0091743119266055,0.0,0.0,0.0614133469245981
U_33999488,C_697076,2.0,辽宁对外经贸学院,2020-09-29 06:38:08,4,E,781,121,0.0416666666666666,0.0,0.0477064220183486,0.0477064220183486,0.0288184438040345,0.0083333333333333,0.0620602416346548
U_6509817,C_1824911,2.0,重庆三峡医药高等专科学校,2020-06-05 11:30:28,4,E,822,57,0.0138888888888888,0.0,0.0238532110091743,0.0238532110091743,0.0374639769452449,0.0431818181818181,0.055005620674761
U_31085354,C_674920,1.0,辽宁对外经贸学院,2020-07-28 17:10:09,4,E,781,87,0.0416666666666666,0.0,0.018348623853211,0.018348623853211,0.0230547550432276,0.006060606060606,0.0609710433636554
U_26653766,C_747056,1.0,辽宁对外经贸学院,2020-04-16 10:48:07,4,E,781,147,0.0416666666666666,0.0,0.0697247706422018,0.0697247706422018,0.0489913544668587,0.0303030303030303,0.0629233853066889
U_32904346,C_735164,1.0,昆明理工大学,2020-09-16 13:39:47,2,C,476,138,0.1388888888888889,0.0,0.181651376146789,0.181651376146789,0.1498559077809798,0.0765151515151515,0.0737516363286034
U_15345015,C_735115,1.0,辽宁对外经贸学院,2020-05-08 19:53:20,4,E,781,136,0.0416666666666666,0.0,0.0128440366972477,0.0128440366972477,0.0115273775216138,0.003030303030303,0.0605697947171723
U_30375406,C_786631,2.0,辽宁对外经贸学院,2020-06-05 20:06:02,4,E,781,154,0.0555555555555555,0.0,0.2,0.2,0.1066282420749279,0.0318181818181818,0.068005503339621
U_23369510,C_697144,1.0,贵州中医药大学,2020-08-01 14:47:05,4,E,761,123,0.0694444444444444,0.0,0.1614678899082569,0.1614678899082569,0.2161383285302593,0.0651515151515151,0.0639911003184693
U_32312539,C_697076,1.0,辽宁对外经贸学院,2020-09-09 19:33:12,4,E,781,121,0.0416666666666666,0.0,0.0678899082568807,0.0678899082568807,0.0691642651296829,0.0287878787878787,0.0620192907193754
U_32312573,C_697076,1.0,华南理工大学,2020-09-09 19:33:47,3,D,211,121,0.1666666666666666,0.0,0.1834862385321101,0.2477064220183486,0.1095100864553314,0.1492424242424242,0.0835972733821722
U_32887051,C_735164,1.0,昆明理工大学,2020-09-16 11:01:33,0,A,476,138,0.0972222222222222,0.0,0.236697247706422,0.2880733944954128,0.1815561959654178,0.0454545454545454,0.0015304265876831
U_28987092,C_948113,2.0,昌吉学院,2020-07-28 19:35:54,4,E,484,166,0.0416666666666666,0.0,0.0055045871559633,0.0055045871559633,0.0086455331412103,0.0022727272727272,0.0612689663484636
U_29493161,C_735197,1.0,辽宁对外经贸学院,2020-09-22 18:50:27,4,E,781,141,0.0416666666666666,0.0,0.0256880733944954,0.0256880733944954,0.0259365994236311,0.0068181818181818,0.0616658767434309
U_33090260,C_735164,2.0,昆明理工大学,2020-10-18 20:11:19,0,A,476,138,0.125,0.0,0.2238532110091743,0.2935779816513761,0.1440922190201729,0.0515151515151515,0.0674515838966409
U_7374681,C_1824911,2.0,重庆三峡医药高等专科学校,2020-06-10 18:10:57,4,E,822,57,0.0694444444444444,0.0,0.0623853211009174,0.0623853211009174,0.0979827089337175,0.0257575757575757,0.061728617963128
U_4458705,C_735197,1.0,华南理工大学,2020-10-19 23:03:32,4,E,211,141,0.0416666666666666,0.0,0.0752293577981651,0.0752293577981651,0.0547550432276657,0.0295454545454545,0.0667114762070958
U_31066558,C_682392,0.0,昆明理工大学,2020-07-30 17:35:53,0,A,476,108,0.0833333333333333,0.0,0.4495412844036697,0.4495412844036697,0.6945244956772334,0.2409090909090909,0.0624548442382906
U_2253321,C_1992929,0.0,武术学院,2020-11-18 17:33:59,4,E,504,81,0.0416666666666666,0.0,0.0678899082568807,0.0678899082568807,0.0518731988472622,0.031060606060606,0.0629033283219409
U_30496588,C_756642,2.0,辽宁对外经贸学院,2020-06-14 13:14:41,4,E,781,149,0.0416666666666666,0.0,0.0348623853211009,0.0348623853211009,0.0345821325648414,0.0113636363636363,0.0616483702147681
U_33200216,C_697076,2.0,辽宁对外经贸学院,2020-11-16 10:20:07,4,E,781,121,0.0416666666666666,0.0,0.110091743119266,0.110091743119266,0.1066282420749279,0.0318181818181818,0.064551200284157
U_6233875,C_1017355,0.0,广州中医药大学,2020-03-07 22:42:09,0,A,423,0,0.1111111111111111,0.0,0.2018348623853211,0.273394495412844,0.201729106628242,0.0651515151515151,0.0689183140487016
U_30050899,C_749807,1.0,辽宁对外经贸学院,2020-05-19 11:06:10,4,E,781,148,0.0416666666666666,0.0,0.0201834862385321,0.0201834862385321,0.0201729106628242,0.0053030303030303,0.061807716768164
U_31147486,C_707035,2.0,辽宁对外经贸学院,2020-08-21 21:48:01,4,E,781,130,0.0555555555555555,0.0,0.1082568807339449,0.1082568807339449,0.0518731988472622,0.031060606060606,0.0583845589909915
U_24524386,C_1017355,2.0,广州中医药,2020-04-09 09:04:21,0,A,422,0,0.1111111111111111,0.0,0.2,0.2642201834862385,0.1988472622478386,0.0886363636363636,0.0775266530463597
U_3699345,C_1017355,2.0,广州中医药大学,2020-03-02 13:53:16,3,D,423,0,0.0972222222222222,0.0,0.1761467889908257,0.2036697247706422,0.1152737752161383,0.1363636363636363,0.0830193350809135
U_15498278,C_1774985,1.0,辽宁对外经贸学院,2020-06-20 21:18:48,4,E,781,46,0.0277777777777777,0.0,0.0018348623853211,0.0018348623853211,0.0,0.0,0.0611571226586982
U_32717278,C_735164,0.0,昆明理工大学,2020-11-01 09:32:50,0,A,476,138,0.0833333333333333,0.0,0.0256880733944954,0.0256880733944954,0.0403458213256484,0.0196969696969696,0.0652175824596417
U_31060691,C_735115,1.0,辽宁对外经贸学院,2020-07-25 15:08:32,4,E,781,136,0.0138888888888888,0.0,0.5211009174311927,0.5211009174311927,0.2593659942363112,0.0795454545454545,0.0778680674978488
U_1857982,C_1925903,1.0,北京交通大学,2020-08-14 11:15:57,4,E,157,77,0.0416666666666666,0.0,0.0036697247706422,0.0036697247706422,0.0057636887608069,0.0015151515151515,0.0023560410816632
U_19868536,C_2027893,0.0,北京石油化工学院,2020-09-30 11:33:14,4,E,176,84,0.0277777777777777,0.0,0.0055045871559633,0.0055045871559633,0.0057636887608069,0.0015151515151515,0.0617393001646345
U_30649802,C_1829948,0.0,广州中医药大学,2020-06-22 16:41:08,1,B,423,61,0.2916666666666666,0.0,0.2385321100917431,0.2385321100917431,0.1354466858789625,0.0356060606060606,0.0963086870829361
U_33343374,C_697076,1.0,辽宁对外经贸学院,2020-10-20 13:06:25,4,E,781,121,0.0416666666666666,0.0,0.0825688073394495,0.0825688073394495,0.0749279538904899,0.0325757575757575,0.0620507529475493
U_19307882,C_1017355,0.0,广州中医药大学,2020-05-01 10:34:11,0,A,423,0,0.0972222222222222,0.0,0.0825688073394495,0.0825688073394495,0.1123919308357348,0.0363636363636363,0.0676057255386861
U_12107302,C_948488,1.0,合肥工业大学,2020-05-25 12:25:00,4,E,248,172,0.0277777777777777,0.0,0.0018348623853211,0.0018348623853211,0.0028818443804034,0.0007575757575757,0.0612276638169084
U_32931197,C_735164,1.0,昆明理工大学,2020-09-16 15:45:25,0,A,476,138,0.125,0.0,0.2422018348623853,0.3229357798165138,0.2334293948126801,0.0628787878787878,0.0328499442243335
U_28096738,C_1738818,1.0,安徽工业大学,2020-06-15 19:19:06,4,E,344,15,0.0416666666666666,0.0,0.0678899082568807,0.0678899082568807,0.0576368876080691,0.031060606060606,0.0616014368704577
U_591309,C_756642,2.0,辽宁对外经贸学院,2020-05-11 17:45:07,4,E,781,149,0.0416666666666666,0.0,0.0091743119266055,0.0091743119266055,0.0028818443804034,0.0007575757575757,0.0607946409447108
U_7010183,C_1750793,0.0,北京体育大学,2020-06-10 10:20:56,0,A,159,17,0.0833333333333333,0.0,0.036697247706422,0.036697247706422,0.0547550432276657,0.0287878787878787,0.06995741938125
U_12646736,C_674920,0.0,西昌民族幼儿师范高等专科学校,2020-07-18 11:05:58,4,E,751,87,0.0694444444444444,0.0,0.2201834862385321,0.2201834862385321,0.340057636887608,0.0916666666666666,0.0638207645183683
U_31087701,C_735385,1.0,辽宁对外经贸学院,2020-07-29 17:18:58,4,E,781,146,0.0416666666666666,0.0,0.0568807339449541,0.0568807339449541,0.0288184438040345,0.0454545454545454,0.061420478296953
U_28740353,C_749807,2.0,辽宁对外经贸学院,2020-03-16 18:57:51,4,E,781,148,0.0138888888888888,0.0,0.0788990825688073,0.0788990825688073,0.0403458213256484,0.028030303030303,0.0640563375184906
U_29509207,C_674920,2.0,西昌民族幼儿师范高等专科学校,2020-06-17 18:25:15,4,E,751,87,0.0694444444444444,0.0,0.2201834862385321,0.2201834862385321,0.3458213256484149,0.0931818181818181,0.0637527391498499
U_25888741,C_948395,1.0,西安美术学院,2020-05-25 21:46:28,3,D,727,170,0.125,0.0,0.110091743119266,0.110091743119266,0.1181556195965417,0.0651515151515151,0.0809367267361979
U_33712287,C_697076,1.0,辽宁对外经贸学院,2020-11-29 13:08:39,4,E,781,121,0.0416666666666666,0.0,0.018348623853211,0.018348623853211,0.0172910662824207,0.0045454545454545,0.0609931357609297
U_30996393,C_1761368,0.0,辽宁对外经贸学院,2020-08-07 22:41:43,4,E,781,31,0.0416666666666666,0.0,0.0440366972477064,0.0440366972477064,0.0662824207492795,0.0204545454545454,0.0625334527614772
U_26826300,C_677087,2.0,华南理工大学,2020-07-18 21:02:44,3,D,211,92,0.1527777777777777,0.0,0.0403669724770642,0.0403669724770642,0.0489913544668587,0.0128787878787878,0.0788141926109788
U_15533797,C_735164,2.0,六盘水师范学院,2020-09-15 10:53:58,4,E,134,138,0.0416666666666666,0.0,0.0091743119266055,0.0091743119266055,0.0144092219020172,0.006060606060606,0.0613088673672575
U_28737464,C_749807,2.0,昆明理工大学,2020-03-16 17:07:03,0,A,476,148,0.0138888888888888,0.0,0.1853211009174312,0.2642201834862385,0.2161383285302593,0.0537878787878787,0.0660480159133398
U_26947802,C_1750795,2.0,广州中医药大学,2020-06-19 19:56:39,1,B,423,18,0.2083333333333333,0.0,0.0128440366972477,0.0128440366972477,0.0144092219020172,0.0075757575757575,0.1133902255721278
U_13172995,C_813262,0.0,陕西工业职业技术学院,2019-11-05 21:23:51,4,E,876,157,0.0416666666666666,0.0,0.0770642201834862,0.0770642201834862,0.0576368876080691,0.0318181818181818,0.0619418459965384
U_30462457,C_1829948,2.0,辽宁对外经贸学院,2020-06-18 14:22:38,4,E,781,61,0.0138888888888888,0.0,0.0018348623853211,0.0018348623853211,0.0,0.0,0.0604645772608866
U_30261348,C_677087,2.0,昌吉学院,2020-08-18 14:25:53,4,E,484,92,0.0555555555555555,0.0,0.1045871559633027,0.1045871559633027,0.1095100864553314,0.0287878787878787,0.0705389083355771
U_32494554,C_1912004,0.0,辽宁对外经贸学院,2020-09-12 20:49:24,4,E,781,74,0.0277777777777777,0.0,0.0055045871559633,0.0055045871559633,0.0057636887608069,0.0015151515151515,0.0618303786847583
U_7499906,C_1824911,0.0,重庆三峡医药高等专科学校,2020-06-10 19:16:07,4,E,822,57,0.0138888888888888,0.0,0.0568807339449541,0.0568807339449541,0.0374639769452449,0.0257575757575757,0.0575170523057319
U_11534379,C_735197,0.0,华南理工大学,2020-11-28 14:29:28,3,D,211,141,0.1527777777777777,0.0,0.1541284403669724,0.2220183486238532,0.0057636887608069,0.1333333333333333,0.088595582932909
U_16230859,C_1741505,1.0,辽宁对外经贸学院,2020-05-08 22:55:59,4,E,781,16,0.0277777777777777,0.0,0.0018348623853211,0.0018348623853211,0.0,0.0,0.0611708505504813
U_5199964,C_674920,2.0,西昌民族幼儿师范高等专科学校,2020-06-04 09:23:52,4,E,751,87,0.0555555555555555,0.0,0.036697247706422,0.036697247706422,0.0547550432276657,0.0143939393939393,0.0598637987587247
U_9816109,C_735197,0.0,华南理工大学,2020-09-24 21:34:48,3,D,211,141,0.1666666666666666,0.0,0.1669724770642202,0.2990825688073394,0.0749279538904899,0.1795454545454545,0.0837022234119946
U_7471448,C_696596,0.0,辽宁对外经贸学院,2020-06-16 13:28:25,4,E,781,117,0.0416666666666666,0.0,0.0018348623853211,0.0018348623853211,0.0028818443804034,0.0007575757575757,0.0607887080390989
U_15539021,C_1771170,1.0,辽宁对外经贸学院,2020-05-28 18:10:43,4,E,781,40,0.0416666666666666,0.0,0.0091743119266055,0.0091743119266055,0.0086455331412103,0.0022727272727272,0.0612801388318196
U_2445992,C_1829948,0.0,北方民族大学,2020-08-31 11:19:49,3,D,190,61,0.25,0.0,0.4770642201834862,0.4770642201834862,0.7435158501440922,0.1954545454545454,0.073342424316324
U_30371040,C_1829948,0.0,辽宁对外经贸学院,2020-06-05 16:10:07,4,E,781,61,0.0138888888888888,0.0,0.0422018348623853,0.0422018348623853,0.0403458213256484,0.0106060606060606,0.0616476620298745
U_5582048,C_1824911,1.0,五道口职业技术学院,2020-06-06 12:52:47,4,E,118,57,0.0972222222222222,0.0,0.1064220183486238,0.1064220183486238,0.0374639769452449,0.0393939393939393,0.079236122237291
U_5581733,C_1824911,2.0,重庆医药高等专科学校,2020-06-03 11:43:14,4,E,834,57,0.0833333333333333,0.0,0.0807339449541284,0.0807339449541284,0.0403458213256484,0.0257575757575757,0.0651928009407086
U_34124174,C_735197,0.0,辽宁对外经贸学院,2020-09-30 11:31:18,4,E,781,141,0.0416666666666666,0.0,0.0220183486238532,0.0220183486238532,0.0259365994236311,0.0068181818181818,0.0615150333610998
U_29823875,C_756642,0.0,广州中医药大学,2020-05-08 00:18:03,1,B,423,149,0.2222222222222222,0.0,0.0091743119266055,0.0091743119266055,0.0144092219020172,0.0053030303030303,0.1164279227688362
U_8488498,C_735197,1.0,华南理工大学,2020-10-20 19:02:14,4,E,211,141,0.0833333333333333,0.0,0.0348623853211009,0.0348623853211009,0.0547550432276657,0.0325757575757575,0.1888448667153901
U_29799463,C_766175,1.0,华南理工大学,2020-05-06 16:48:03,3,D,211,151,0.125,0.0,0.1541284403669724,0.2018348623853211,0.1498559077809798,0.1454545454545454,0.0836001556451657
U_10130407,C_1714448,2.0,中国医科大学,2020-03-18 19:02:23,2,C,69,8,0.0138888888888888,0.0,0.1853211009174312,0.1853211009174312,0.1585014409221901,0.0628787878787878,0.0765521213000162
U_20245769,C_801420,0.0,辽宁对外经贸学院,2020-09-01 09:45:17,4,E,781,155,0.0277777777777777,0.0,0.0018348623853211,0.0018348623853211,0.0028818443804034,0.0007575757575757,0.0612456853891302
U_33242971,C_2059281,0.0,辽宁对外经贸学院,2020-09-21 12:15:01,4,E,781,85,0.0416666666666666,0.0,0.0091743119266055,0.0091743119266055,0.0144092219020172,0.0053030303030303,0.0617656812900056
U_23445600,C_948120,0.0,昆明理工大学,2020-10-09 18:07:51,0,A,476,167,0.0694444444444444,0.0,0.1541284403669724,0.1541284403669724,0.2334293948126801,0.0712121212121212,0.0162009077970535
U_30022695,C_747056,0.0,辽宁对外经贸学院,2020-05-17 17:32:09,4,E,781,147,0.0416666666666666,0.0,0.0513761467889908,0.0513761467889908,0.0518731988472622,0.0151515151515151,0.0623393011491161
U_19530979,C_1778562,2.0,南开大学,2020-09-24 09:07:53,4,E,231,49,0.0416666666666666,0.0,0.0715596330275229,0.0715596330275229,0.0461095100864553,0.0325757575757575,0.0634711886074064
U_9476530,C_756642,2.0,华南理工大学,2020-05-11 18:45:43,3,D,211,149,0.125,0.0,0.0091743119266055,0.0091743119266055,0.0057636887608069,0.0022727272727272,0.0777977739567343
U_34073213,C_735164,2.0,昆明理工大学,2020-12-07 14:23:41,4,E,476,138,0.0416666666666666,0.0,0.0091743119266055,0.0091743119266055,0.0144092219020172,0.006060606060606,0.0610937326822105
U_30844985,C_801420,1.0,辽宁对外经贸学院,2020-07-08 08:32:58,4,E,781,155,0.0277777777777777,0.0,0.0091743119266055,0.0091743119266055,0.0115273775216138,0.003030303030303,0.0614453341010148
U_30558795,C_1829948,1.0,辽宁对外经贸学院,2020-06-16 14:21:32,4,E,781,61,0.0138888888888888,0.0,0.0220183486238532,0.0220183486238532,0.0115273775216138,0.003030303030303,0.0611581576981581
U_30975358,C_1774985,0.0,辽宁对外经贸学院,2020-07-23 15:20:56,4,E,781,46,0.0277777777777777,0.0,0.0018348623853211,0.0018348623853211,0.0,0.0,0.0611571226586982
U_30367670,C_1829948,1.0,中国医科大学,2020-06-05 13:14:09,2,C,69,61,0.1944444444444444,0.0,0.0403669724770642,0.1669724770642202,0.063400576368876,0.0893939393939394,0.0537921978592134
U_33748937,C_697076,2.0,辽宁对外经贸学院,2020-11-20 18:05:38,4,E,781,121,0.0416666666666666,0.0,0.0715596330275229,0.0715596330275229,0.0230547550432276,0.0204545454545454,0.0640264402303612
U_33383557,C_697076,1.0,辽宁对外经贸学院,2020-11-19 13:21:40,4,E,781,121,0.0277777777777777,0.0,0.0678899082568807,0.0678899082568807,0.0403458213256484,0.0295454545454545,0.060257683272783
U_27446438,C_747056,1.0,辽宁对外经贸学院,2020-07-15 22:10:19,4,E,781,147,0.0277777777777777,0.0,0.0073394495412844,0.0073394495412844,0.0057636887608069,0.0015151515151515,0.0614950803755319
U_5200063,C_674920,2.0,西昌民族幼儿师范高等专科学校,2020-06-04 09:06:55,4,E,751,87,0.0555555555555555,0.0,0.0770642201834862,0.0770642201834862,0.0922190201729106,0.0272727272727272,0.0596247591192632
U_28297050,C_735283,0.0,辽宁对外经贸学院,2020-03-04 16:32:58,4,E,781,143,0.0138888888888888,0.0,0.0642201834862385,0.0642201834862385,0.0403458213256484,0.0295454545454545,0.0623147672472786
U_29692085,C_1776290,0.0,辽宁对外经贸学院,2020-05-20 12:16:59,4,E,781,48,0.0277777777777777,0.0,0.0018348623853211,0.0018348623853211,0.0028818443804034,0.0015151515151515,0.0613084810845883
U_29560234,C_735385,1.0,辽宁对外经贸学院,2020-04-22 10:23:53,4,E,781,146,0.0555555555555555,0.0,0.0844036697247706,0.0844036697247706,0.0518731988472622,0.034090909090909,0.057412072561858
U_20269876,C_676646,1.0,西安美术学院,2020-08-20 19:06:23,3,D,727,90,0.1388888888888889,0.0,0.0660550458715596,0.0660550458715596,0.0374639769452449,0.0098484848484848,0.0807547182662077
U_30661804,C_674920,1.0,辽宁对外经贸学院,2020-06-23 15:12:04,4,E,781,87,0.0416666666666666,0.0,0.018348623853211,0.018348623853211,0.0144092219020172,0.0037878787878787,0.0610730814164329
U_30818700,C_823315,2.0,辽宁对外经贸学院,2020-07-02 10:45:43,4,E,781,158,0.0416666666666666,0.0,0.0330275229357798,0.0330275229357798,0.0288184438040345,0.0075757575757575,0.0618842948311662
U_967312,C_735164,0.0,昆明理工大学,2020-11-27 16:24:38,0,A,476,138,0.1111111111111111,0.0,0.1798165137614679,0.2568807339449541,0.1613832853025936,0.0469696969696969,0.0702175807589709
U_29794482,C_766175,2.0,辽宁对外经贸学院,2020-05-06 13:02:26,4,E,781,151,0.0138888888888888,0.0,0.0348623853211009,0.0348623853211009,0.0518731988472622,0.0136363636363636,0.0613761845508822
U_30200083,C_1714448,0.0,辽宁对外经贸学院,2020-05-27 10:19:01,4,E,781,8,0.0416666666666666,0.0,0.0642201834862385,0.0642201834862385,0.0864553314121037,0.0227272727272727,0.0633510447925946
U_20017438,C_948120,2.0,昆明理工大学,2020-10-11 09:44:49,0,A,476,167,0.0694444444444444,0.0,0.0568807339449541,0.0568807339449541,0.0720461095100864,0.0196969696969696,0.0717545400717012
U_32929628,C_735164,1.0,昆明理工大学,2020-09-16 18:39:40,2,C,476,138,0.125,0.0,0.0256880733944954,0.0385321100917431,0.0230547550432276,0.0121212121212121,0.0643503877719228
U_12984476,C_1829948,0.0,北方民族大学,2020-06-17 11:06:40,4,E,190,61,0.0138888888888888,0.0,0.0220183486238532,0.0220183486238532,0.0144092219020172,0.0037878787878787,0.0610104045771807
U_494290,C_735164,1.0,中南民族大学,2020-10-26 09:45:05,0,A,57,138,0.0555555555555555,0.0,0.2862385321100917,0.3045871559633027,0.4495677233429394,0.1636363636363636,0.0672593339835744
U_31013291,C_1761368,1.0,华南理工大学,2020-07-23 08:21:58,3,D,211,31,0.1388888888888889,0.0,0.0348623853211009,0.0348623853211009,0.0230547550432276,0.0068181818181818,0.0804548985344467
U_33395647,C_1907852,0.0,辽宁对外经贸学院,2020-09-22 17:22:23,4,E,781,71,0.0416666666666666,0.0,0.0623853211009174,0.0623853211009174,0.0461095100864553,0.0303030303030303,0.0648596965189497
U_21339699,C_948395,2.0,西安美术学院,2020-05-30 14:13:42,0,A,727,170,0.1111111111111111,0.0,0.110091743119266,0.110091743119266,0.1671469740634005,0.0969696969696969,0.06811748569496
U_26387063,C_1829948,2.0,北方民族大学,2020-06-05 12:38:45,3,D,190,61,0.0555555555555555,0.0,0.0513761467889908,0.0513761467889908,0.0605187319884726,0.0159090909090909,0.0620534866402854
U_12923094,C_1829948,0.0,北方民族大学,2020-06-16 20:42:02,4,E,190,61,0.0138888888888888,0.0,0.0073394495412844,0.0073394495412844,0.0057636887608069,0.0015151515151515,0.0605090740529758
U_26399218,C_1829948,0.0,北方民族大学,2020-06-16 17:09:16,4,E,190,61,0.0138888888888888,0.0,0.0073394495412844,0.0073394495412844,0.0086455331412103,0.0022727272727272,0.0604750663210585
U_3742347,C_735164,1.0,云南财经大学,2020-10-26 18:53:13,2,C,117,138,0.0138888888888888,0.0,0.2862385321100917,0.5045871559633028,0.2190201729106628,0.0689393939393939,0.0557391237450475
U_22300219,C_1829948,0.0,北方民族大学,2020-06-17 15:12:01,4,E,190,61,0.0138888888888888,0.0,0.0220183486238532,0.0220183486238532,0.0288184438040345,0.0075757575757575,0.0608403461082268
U_15545872,C_758928,1.0,辽宁对外经贸学院,2020-07-31 00:04:03,4,E,781,150,0.0416666666666666,0.0,0.0055045871559633,0.0055045871559633,0.0057636887608069,0.0015151515151515,0.0613181133896092
U_33200322,C_697076,0.0,辽宁对外经贸学院,2020-11-26 09:17:08,4,E,781,121,0.0555555555555555,0.0,0.146788990825688,0.146788990825688,0.1873198847262247,0.0568181818181818,0.0642553969016876
U_30365364,C_1829948,1.0,华南理工大学,2020-06-05 10:40:37,3,D,211,61,0.4166666666666666,0.0,0.326605504587156,0.326605504587156,0.4005763688760806,0.1053030303030303,0.0712841567321112
U_32741930,C_735164,2.0,昆明理工大学,2020-10-19 10:29:02,4,E,476,138,0.0416666666666666,0.0,0.0091743119266055,0.0128440366972477,0.0115273775216138,0.0045454545454545,0.0164281263222679
U_26961845,C_735115,2.0,集宁师范学院,2020-02-24 12:06:18,0,A,883,136,0.1111111111111111,0.0,0.1963302752293578,0.2807339449541284,0.2103746397694524,0.0568181818181818,0.0708652678437336
U_29589655,C_801420,2.0,内蒙古呼和浩特市,2020-07-17 22:16:48,4,E,144,155,0.0416666666666666,0.0,0.0238532110091743,0.0238532110091743,0.0230547550432276,0.006060606060606,0.0612944362429227
U_31060742,C_735115,1.0,昆明理工大学,2020-07-25 15:16:44,0,A,476,136,0.1388888888888889,0.0,0.5211009174311927,0.5211009174311927,0.7031700288184437,0.2333333333333333,0.0726500076794021
U_33344822,C_697076,2.0,辽宁对外经贸学院,2020-11-12 10:15:25,4,E,781,121,0.0416666666666666,0.0,0.0844036697247706,0.0844036697247706,0.0778097982708933,0.034090909090909,0.0607384170069714
U_31067308,C_682392,0.0,华南理工大学,2020-08-11 23:58:47,3,D,211,108,0.0972222222222222,0.0,0.4495412844036697,0.4495412844036697,0.2478386167146974,0.081060606060606,0.0818707285163246
U_19303514,C_1017355,2.0,广州中医药大学,2020-03-12 21:07:11,0,A,423,0,0.0972222222222222,0.0,0.2073394495412844,0.2770642201834862,0.201729106628242,0.0651515151515151,0.0712384466162533
U_17903524,C_786631,1.0,北华航天工业学院,2020-05-14 08:58:47,4,E,186,154,0.0555555555555555,0.0,0.1522935779816513,0.1522935779816513,0.170028818443804,0.0583333333333333,0.0684504564034873
U_33224323,C_697076,2.0,辽宁对外经贸学院,2020-11-02 11:12:58,4,E,781,121,0.0277777777777777,0.0,0.0091743119266055,0.0091743119266055,0.0086455331412103,0.003030303030303,0.060718607639319
U_25006579,C_1017355,1.0,北京中醫藥大學,2020-05-05 16:18:16,0,A,156,0,0.1388888888888889,0.0,0.0825688073394495,0.0825688073394495,0.1152737752161383,0.0393939393939393,0.0694820886520888
U_5647290,C_1824911,2.0,重庆三峡医药高等专科学校,2020-06-11 20:10:30,4,E,822,57,0.125,0.0,0.0862385321100917,0.0862385321100917,0.1152737752161383,0.0303030303030303,0.0638984073348818
U_29750824,C_801420,1.0,辽宁对外经贸学院,2020-07-21 00:09:30,4,E,781,155,0.0277777777777777,0.0,0.0036697247706422,0.0036697247706422,0.0028818443804034,0.0007575757575757,0.0613211095564667
U_18495051,C_1992945,0.0,辽宁对外经贸学院,2020-09-26 22:22:32,4,E,781,82,0.0277777777777777,0.0,0.0055045871559633,0.0110091743119266,0.0,0.0,0.0616562890094871
U_11065043,C_676646,1.0,天津商业大学,2020-08-11 11:28:31,4,E,316,90,0.0416666666666666,0.0,0.0660550458715596,0.0660550458715596,0.0547550432276657,0.0325757575757575,0.0631691403217846
U_15854777,C_1844112,2.0,内蒙古大学,2020-08-19 08:10:32,0,A,145,63,0.0555555555555555,0.0,0.055045871559633,0.218348623853211,0.0864553314121037,0.0863636363636363,0.2012039850752009
U_29911567,C_1017355,0.0,辽宁对外经贸学院,2020-05-10 19:45:03,4,E,781,0,0.0416666666666666,0.0,0.0422018348623853,0.0422018348623853,0.0172910662824207,0.0045454545454545,0.0626579546371725
U_29971552,C_786631,1.0,昆明理工大学,2020-05-14 08:43:34,0,A,476,154,0.2222222222222222,0.0,0.255045871559633,0.255045871559633,0.4005763688760806,0.1409090909090909,0.0713535885657329
U_32756198,C_735164,1.0,昆明理工大学,2020-09-15 15:33:00,0,A,476,138,0.125,0.0,0.2422018348623853,0.3155963302752294,0.2103746397694524,0.059090909090909,0.0594097928138413
U_12181543,C_682392,2.0,陕西工业职业技术学院,2020-08-31 16:17:25,4,E,876,108,0.0277777777777777,0.0,0.018348623853211,0.018348623853211,0.0230547550432276,0.006060606060606,0.0609259077194594
U_31072221,C_801420,1.0,辽宁对外经贸学院,2020-08-05 06:45:32,4,E,781,155,0.0277777777777777,0.0,0.0091743119266055,0.0091743119266055,0.0028818443804034,0.0007575757575757,0.0615473721537924
U_32577088,C_735164,2.0,昆明理工大学,2020-10-10 10:39:44,0,A,476,138,0.0138888888888888,0.0,0.236697247706422,0.3119266055045872,0.2190201729106628,0.0583333333333333,0.0189098742162557
U_32729153,C_735164,1.0,辽宁对外经贸学院,2020-12-01 09:53:32,4,E,781,138,0.0416666666666666,0.0,0.055045871559633,0.055045871559633,0.0864553314121037,0.0401515151515151,0.0621814254412684
U_30539115,C_1755944,1.0,中国医科大学,2020-07-24 13:31:27,2,C,69,25,0.1388888888888889,0.0,0.163302752293578,0.163302752293578,0.1844380403458213,0.0681818181818181,0.0742652882794882
U_15778821,C_1017355,2.0,上海中医药大学,2020-02-17 10:56:29,4,E,40,0,0.0416666666666666,0.0,0.0807339449541284,0.0807339449541284,0.0576368876080691,0.031060606060606,0.0620032946549961
U_12685701,C_948387,0.0,深圳信息职业技术学院,2020-10-28 11:11:38,4,E,610,169,0.0416666666666666,0.0,0.073394495412844,0.073394495412844,0.0547550432276657,0.0143939393939393,0.0634213333813672
U_33841942,C_735164,0.0,昆明理工大学,2020-11-27 09:33:06,0,A,476,138,0.125,0.0,0.2862385321100917,0.3357798165137615,0.4034582132564841,0.1416666666666666,0.071257215992104
U_34264396,C_697076,2.0,辽宁对外经贸学院,2020-11-17 16:37:24,4,E,781,121,0.0416666666666666,0.0,0.0678899082568807,0.0678899082568807,0.0576368876080691,0.0318181818181818,0.0594793038849335
U_11719564,C_676676,2.0,山东水利职业学院,2020-04-16 10:37:09,4,E,375,91,0.0416666666666666,0.0,0.073394495412844,0.073394495412844,0.0547550432276657,0.0333333333333333,0.0644303730461612
U_13688251,C_735197,0.0,辽宁石油化工大学,2020-10-22 20:48:00,3,D,790,141,0.4444444444444444,0.0,0.3376146788990826,0.3376146788990826,0.5302593659942363,0.1515151515151515,0.0761929774644783
U_7374695,C_1824911,2.0,辽宁对外经贸学院,2020-06-10 19:18:11,4,E,781,57,0.0555555555555555,0.0,0.0293577981651376,0.0293577981651376,0.0461095100864553,0.0257575757575757,0.0479418279776441
U_5094705,C_674920,0.0,西昌民族幼儿师范高等专科学校,2020-06-30 08:54:31,4,E,751,87,0.1527777777777777,0.0,0.2201834862385321,0.2201834862385321,0.3458213256484149,0.0931818181818181,0.0644611914698864
U_1068790,C_1907842,1.0,中国石油大学（北京）,2020-08-12 10:44:49,4,E,81,70,0.0277777777777777,0.0,0.0165137614678899,0.0165137614678899,0.0115273775216138,0.006060606060606,0.0077970535061737
U_10407964,C_676646,0.0,天津商业大学,2020-08-11 10:59:11,4,E,316,90,0.0416666666666666,0.0,0.0256880733944954,0.0256880733944954,0.0403458213256484,0.0106060606060606,0.0624513181708485
U_31089730,C_697076,1.0,辽宁对外经贸学院,2020-07-29 08:48:27,4,E,781,121,0.0416666666666666,0.0,0.0495412844036697,0.0495412844036697,0.0547550432276657,0.0174242424242424,0.0618188100140493
U_33218298,C_697076,2.0,辽宁对外经贸学院,2020-10-08 18:33:32,0,A,781,121,0.0972222222222222,0.0,0.0091743119266055,0.0091743119266055,0.0144092219020172,0.0037878787878787,0.0644275006878516
U_30661215,C_1714448,2.0,辽宁对外经贸学院,2020-06-23 14:34:13,4,E,781,8,0.0138888888888888,0.0,0.0055045871559633,0.0055045871559633,0.0057636887608069,0.0015151515151515,0.0612753598218735
U_30395905,C_681411,1.0,辽宁对外经贸学院,2020-06-13 09:57:15,4,E,781,103,0.0416666666666666,0.0,0.0036697247706422,0.0036697247706422,0.0057636887608069,0.0015151515151515,0.0612962091813276
U_33061907,C_2027893,1.0,辽宁对外经贸学院,2020-09-17 18:29:24,4,E,781,84,0.0416666666666666,0.0,0.0256880733944954,0.0256880733944954,0.0288184438040345,0.0083333333333333,0.0276822517982844
U_33344139,C_697076,2.0,辽宁对外经贸学院,2020-11-18 20:22:51,4,E,781,121,0.0277777777777777,0.0,0.0660550458715596,0.0660550458715596,0.0374639769452449,0.0287878787878787,0.0601901927571913
U_12696145,C_948387,1.0,深圳信息职业技术学院,2020-10-20 09:05:43,4,E,610,169,0.0416666666666666,0.0,0.0165137614678899,0.0165137614678899,0.0172910662824207,0.0045454545454545,0.0615254431838011
U_32878513,C_735164,1.0,昆明理工大学,2020-09-17 11:57:53,0,A,476,138,0.0138888888888888,0.0,0.018348623853211,0.0220183486238532,0.0288184438040345,0.0136363636363636,0.0603053000402775
U_11246098,C_1992929,1.0,北京体育大学,2020-12-03 12:51:59,1,B,159,81,0.25,0.0,0.1669724770642202,0.1669724770642202,0.2132564841498559,0.056060606060606,0.1124637810657605
U_28428464,C_735385,1.0,辽宁对外经贸学院,2020-05-16 10:19:32,4,E,781,146,0.0416666666666666,0.0,0.0697247706422018,0.0697247706422018,0.0547550432276657,0.0303030303030303,0.0614827886629036
U_9815950,C_735197,0.0,华南理工大学,2020-10-23 19:48:13,1,B,211,141,0.2083333333333333,0.0,0.036697247706422,0.036697247706422,0.0201729106628242,0.006060606060606,0.1168241002172003
U_31065553,C_682392,0.0,昆明理工大学,2020-07-27 10:46:28,0,A,476,108,0.0833333333333333,0.0,0.0018348623853211,0.0018348623853211,0.0028818443804034,0.0007575757575757,0.0485834831099567
U_20960938,C_1750795,1.0,广东技术师范学院,2020-06-13 08:05:15,4,E,406,18,0.0416666666666666,0.0,0.0055045871559633,0.0055045871559633,0.0028818443804034,0.0015151515151515,0.0613236699172357
U_11381939,C_676635,2.0,山东理工大学,2020-06-03 17:07:50,4,E,376,89,0.0416666666666666,0.0,0.0091743119266055,0.0091743119266055,0.0144092219020172,0.0037878787878787,0.0613128886688909
U_19309688,C_1017355,2.0,广州中医药大学,2020-04-16 19:49:27,2,C,423,0,0.0138888888888888,0.0,0.1779816513761468,0.1779816513761468,0.1671469740634005,0.0689393939393939,0.0788218835979698
U_30042227,C_948395,2.0,昆明理工大学,2020-05-18 18:02:30,0,A,476,170,0.125,0.0,0.110091743119266,0.110091743119266,0.1527377521613832,0.0848484848484848,0.0695428439826787
U_31087962,C_801420,2.0,辽宁对外经贸学院,2020-07-28 22:02:10,4,E,781,155,0.0277777777777777,0.0,0.0055045871559633,0.0055045871559633,0.0028818443804034,0.0007575757575757,0.0613965287714613
U_1671194,C_735164,0.0,昆明医科大学,2020-11-03 07:57:50,0,A,471,138,0.0972222222222222,0.0,0.1944954128440367,0.2678899082568807,0.2161383285302593,0.0666666666666666,0.0642882111192038
U_6069332,C_749807,0.0,辽宁对外经贸学院,2020-06-20 22:24:35,4,E,781,148,0.0416666666666666,0.0,0.0238532110091743,0.0238532110091743,0.0288184438040345,0.0075757575757575,0.0618565220977176
U_33713493,C_697076,0.0,辽宁对外经济贸易学院,2020-11-03 18:28:57,4,E,776,121,0.0416666666666666,0.0,0.0660550458715596,0.0660550458715596,0.0691642651296829,0.0287878787878787,0.0600897691678775
U_14268829,C_1714448,2.0,安徽卫生健康职业学院,2020-05-15 16:35:08,4,E,342,8,0.0416666666666666,0.0,0.0660550458715596,0.0660550458715596,0.0489913544668587,0.0356060606060606,0.0642793216654698
U_30112800,C_1750793,1.0,昆明理工大学,2020-05-22 03:34:43,0,A,476,17,0.0833333333333333,0.0,0.036697247706422,0.036697247706422,0.0432276657060518,0.0227272727272727,0.0701637438500336
U_1166614,C_948113,1.0,三亚学院,2020-05-24 10:18:18,3,D,34,166,0.1805555555555555,0.0,0.2642201834862385,0.2642201834862385,0.3659942363112392,0.1121212121212121,0.0768897224482322
U_31737536,C_1774975,2.0,昆明理工大学,2020-08-31 16:40:10,0,A,476,44,0.1527777777777777,0.0,0.1357798165137614,0.1577981651376147,0.2074927953890489,0.3598484848484848,0.1455504481286302
U_33383580,C_697076,2.0,辽宁对外经贸学院,2020-11-18 19:11:10,4,E,781,121,0.0555555555555555,0.0,0.2110091743119266,0.2110091743119266,0.1757925072046109,0.05,0.0670237510787682
U_11452436,C_813262,1.0,昆明理工大学,2019-11-14 16:28:18,0,A,476,157,0.0555555555555555,0.0,0.1853211009174312,0.2623853211009174,0.1988472622478386,0.0545454545454545,0.0691131490842467
U_30399679,C_674920,2.0,辽宁对外经贸学院,2020-07-10 16:34:35,4,E,781,87,0.0416666666666666,0.0,0.036697247706422,0.036697247706422,0.0576368876080691,0.0151515151515151,0.061317103111859
U_29920952,C_735115,1.0,昆明理工大学,2020-05-12 10:39:32,0,A,476,136,0.0694444444444444,0.0,0.2935779816513761,0.2935779816513761,0.4265129682997118,0.1454545454545454,0.0686758127222429
U_30054042,C_676635,1.0,辽宁对外经贸学院,2020-05-19 14:19:18,4,E,781,89,0.0416666666666666,0.0,0.0678899082568807,0.0678899082568807,0.0547550432276657,0.0333333333333333,0.0631551747175896
U_30022746,C_1875515,1.0,辽宁对外经贸学院,2020-08-16 01:06:47,4,E,781,68,0.0416666666666666,0.0,0.0972477064220183,0.0972477064220183,0.0461095100864553,0.0318181818181818,0.0570544193812359
U_30180732,C_1776290,2.0,辽宁对外经贸学院,2020-05-25 22:34:28,4,E,781,48,0.0416666666666666,0.0,0.0697247706422018,0.0697247706422018,0.0576368876080691,0.0318181818181818,0.0617352788630011
U_32151182,C_1992917,2.0,辽宁对外经贸学院,2020-09-08 07:49:47,4,E,781,80,0.0416666666666666,0.0,0.0788990825688073,0.0788990825688073,0.0518731988472622,0.031060606060606,0.0616606223086611
U_31094581,C_682675,1.0,辽宁对外经贸学院,2020-08-04 23:01:45,4,E,781,114,0.0416666666666666,0.0,0.0165137614678899,0.0165137614678899,0.0230547550432276,0.006060606060606,0.0613425581492923
U_30358523,C_1829948,2.0,华南理工大学,2020-06-04 20:23:47,3,D,211,61,0.0972222222222222,0.0,0.1541284403669724,0.1541284403669724,0.201729106628242,0.053030303030303,0.0600706333187253
U_7749781,C_1017355,2.0,广州中医药大学,2020-05-05 22:06:41,1,B,423,0,0.1666666666666666,0.0,0.0825688073394495,0.0825688073394495,0.1123919308357348,0.0386363636363636,0.1120487847181266
U_27548399,C_1755909,2.0,复旦大学,2020-08-04 20:20:19,4,E,299,21,0.0416666666666666,0.0,0.0073394495412844,0.0073394495412844,0.0086455331412103,0.0037878787878787,0.0613203320387863
U_30422198,C_735115,2.0,辽宁对外经贸学院,2020-06-15 16:56:14,4,E,781,136,0.0694444444444444,0.0,0.3889908256880734,0.3889908256880734,0.2420749279538904,0.075,0.0732563971849516
U_30929173,C_697076,2.0,昆明理工大学,2020-07-10 20:40:36,0,A,476,121,0.0833333333333333,0.0,0.1357798165137614,0.2458715596330275,0.1585014409221901,0.0439393939393939,0.0560945218052456
U_15139009,C_674959,2.0,辽宁对外经贸学院,2020-11-03 18:19:25,4,E,781,88,0.0277777777777777,0.0,0.0073394495412844,0.0073394495412844,0.0086455331412103,0.0022727272727272,0.0616829524183473
U_33163996,C_735164,1.0,辽宁对外经贸学院,2020-10-14 11:05:49,4,E,781,138,0.0277777777777777,0.0,0.0091743119266055,0.0091743119266055,0.0144092219020172,0.006060606060606,0.0682208410706864
U_32886958,C_735164,1.0,昆明理工大学,2020-09-16 11:00:13,0,A,476,138,0.1111111111111111,0.0,0.1834862385321101,0.273394495412844,0.2074927953890489,0.0568181818181818,0.0105933755671477
U_34072445,C_735164,1.0,昆明理工大学,2020-12-04 16:11:15,4,E,476,138,0.0416666666666666,0.0,0.0091743119266055,0.0091743119266055,0.0144092219020172,0.006060606060606,0.0610937326822105
U_7692608,C_1918363,0.0,信阳职业技术学院,2020-11-26 12:22:17,0,A,130,76,0.0972222222222222,0.0,0.2036697247706422,0.2752293577981651,0.2247838616714697,0.0787878787878787,0.0712354157830025
U_12605338,C_682392,1.0,昆明理工大学,2020-09-01 10:28:41,0,A,476,108,0.1111111111111111,0.0,0.1651376146788991,0.3009174311926605,0.2593659942363112,0.0553030303030303,0.0540230710868602
U_32719335,C_735164,1.0,昆明理工大学,2020-11-30 20:59:33,4,E,476,138,0.0416666666666666,0.0,0.055045871559633,0.091743119266055,0.0461095100864553,0.0196969696969696,0.0637644068673972
U_29253726,C_1017355,2.0,辽宁对外经贸学院,2020-04-08 21:05:00,4,E,781,0,0.0416666666666666,0.0,0.0697247706422018,0.0697247706422018,0.0489913544668587,0.0333333333333333,0.0624794524252568
U_31060273,C_735115,1.0,中国医科大学,2020-07-25 14:12:10,2,C,69,136,0.2083333333333333,0.0,0.5211009174311927,0.5211009174311927,0.2824207492795388,0.0893939393939394,0.0759916746703946
U_32719344,C_735164,1.0,昆明理工大学,2020-11-30 16:19:48,4,E,476,138,0.0416666666666666,0.0,0.055045871559633,0.0844036697247706,0.0576368876080691,0.0257575757575757,0.0633771733485281
U_155920,C_677087,0.0,武警学院,2020-10-19 16:28:04,0,A,513,92,0.125,0.0,0.3614678899082569,0.3614678899082569,0.5417867435158501,0.1424242424242424,0.0673421321880195
U_29740149,C_1714448,2.0,辽宁对外经贸学院,2020-04-30 14:08:36,4,E,781,8,0.0416666666666666,0.0,0.0678899082568807,0.0678899082568807,0.0576368876080691,0.0333333333333333,0.0621367305555027
U_32539362,C_735164,1.0,昆明理工大学,2020-11-29 16:03:14,0,A,476,138,0.0833333333333333,0.0,0.0091743119266055,0.0091743119266055,0.0144092219020172,0.006060606060606,0.0662294102929328
U_29327579,C_948387,0.0,辽宁对外经贸学院,2020-09-08 14:02:35,4,E,781,169,0.0416666666666666,0.0,0.073394495412844,0.073394495412844,0.0605187319884726,0.031060606060606,0.0629886670777874
U_5199944,C_674920,0.0,西昌民族幼儿师范高等专科学校,2020-06-04 09:17:48,4,E,751,87,0.0416666666666666,0.0,0.0788990825688073,0.0788990825688073,0.063400576368876,0.0234848484848484,0.0602817021310616
U_11593489,C_1017355,0.0,昆明理工大学,2020-03-13 09:07:48,0,A,476,0,0.1111111111111111,0.0,0.2055045871559633,0.2715596330275229,0.1988472622478386,0.0666666666666666,0.069479285626566
U_33542787,C_697076,2.0,辽宁对外经贸学院,2020-11-19 21:48:05,4,E,781,121,0.0416666666666666,0.0,0.0752293577981651,0.0752293577981651,0.031700288184438,0.0234848484848484,0.0635565521249625
U_27908475,C_674959,1.0,辽宁对外经贸学院,2020-06-07 15:06:00,4,E,781,88,0.0277777777777777,0.0,0.0036697247706422,0.0036697247706422,0.0057636887608069,0.0022727272727272,0.0615625461294141
U_31066674,C_682392,0.0,昆明理工大学,2020-08-01 13:10:30,0,A,476,108,0.0138888888888888,0.0,0.018348623853211,0.018348623853211,0.0086455331412103,0.0022727272727272,0.0524399807092093
U_22275528,C_948113,2.0,西安思源学院,2020-05-28 16:28:10,0,A,721,166,0.1111111111111111,0.0,0.0532110091743119,0.0532110091743119,0.0605187319884726,0.0181818181818181,0.0642224143045464
U_14503001,C_682392,2.0,昆明理工大学,2020-09-04 10:46:41,0,A,476,108,0.0972222222222222,0.0,0.0935779816513761,0.0935779816513761,0.1469740634005763,0.0477272727272727,0.0536477974737112
U_16139043,C_786631,1.0,北华航天工业学院,2020-04-24 10:01:39,0,A,186,154,0.0694444444444444,0.0,0.1963302752293578,0.2623853211009174,0.2247838616714697,0.0742424242424242,0.0674311208198559
U_9034893,C_735197,0.0,广州中医药大学,2020-11-16 00:19:56,1,B,423,141,0.2222222222222222,0.0,0.291743119266055,0.291743119266055,0.1671469740634005,0.0439393939393939,0.1164274968674316
U_2104532,C_1828106,0.0,华中科技大学,2020-08-28 16:39:49,4,E,200,59,0.0555555555555555,0.0,0.0807339449541284,0.0807339449541284,0.0778097982708933,0.0424242424242424,0.0610262570236446
U_1572329,C_676646,0.0,天津财经大学,2020-06-10 08:34:25,4,E,327,90,0.0416666666666666,0.0,0.0348623853211009,0.0348623853211009,0.0461095100864553,0.0121212121212121,0.0619676873166409
U_14518833,C_1714448,0.0,中国医科大学,2020-04-18 16:09:20,2,C,69,8,0.1388888888888889,0.0,0.1871559633027523,0.1871559633027523,0.1729106628242074,0.0636363636363636,0.0779952733522287
U_23203202,C_674959,1.0,辽宁对外经贸学院,2020-05-04 19:34:34,4,E,781,88,0.0416666666666666,0.0,0.0275229357798165,0.0275229357798165,0.0172910662824207,0.0053030303030303,0.0624069649966747
U_28984445,C_1776290,1.0,辽宁对外经贸学院,2020-06-23 23:16:22,4,E,781,48,0.0277777777777777,0.0,0.0091743119266055,0.0091743119266055,0.0115273775216138,0.006060606060606,0.0614973881668634
U_30970417,C_801420,0.0,郑州大学,2020-07-16 11:08:04,4,E,807,155,0.0416666666666666,0.0,0.0642201834862385,0.0642201834862385,0.0489913544668587,0.0371212121212121,0.0645275974225992
U_30650465,C_735283,1.0,辽宁对外经贸学院,2020-06-22 19:19:22,4,E,781,143,0.0277777777777777,0.0,0.0018348623853211,0.0018348623853211,0.0028818443804034,0.0007575757575757,0.0616844381209212
U_28988852,C_758928,1.0,辽宁对外经贸学院,2020-05-01 21:58:42,4,E,781,150,0.0416666666666666,0.0,0.0055045871559633,0.0055045871559633,0.0057636887608069,0.0015151515151515,0.0613181133896092
U_1829183,C_735164,0.0,贵州理工学院,2020-10-20 08:07:55,0,A,765,138,0.0416666666666666,0.0,0.0055045871559633,0.0055045871559633,0.0086455331412103,0.0037878787878787,0.285883750836635
U_6102381,C_1829948,1.0,辽宁对外经贸学院,2020-06-18 08:44:05,4,E,781,61,0.0416666666666666,0.0,0.0073394495412844,0.0073394495412844,0.0057636887608069,0.0015151515151515,0.0612373753594
U_30348875,C_674920,2.0,辽宁对外经贸学院,2020-06-04 11:19:31,4,E,781,87,0.0416666666666666,0.0,0.036697247706422,0.036697247706422,0.0461095100864553,0.0121212121212121,0.0615634474556423
U_16716755,C_674920,2.0,辽宁对外经贸学院,2020-05-17 09:25:25,4,E,781,87,0.0416666666666666,0.0,0.018348623853211,0.018348623853211,0.0172910662824207,0.0045454545454545,0.0612767019065319
U_29491389,C_674959,1.0,辽宁对外经贸学院,2020-04-22 07:29:36,4,E,781,88,0.0416666666666666,0.0,0.0752293577981651,0.0752293577981651,0.0691642651296829,0.0333333333333333,0.0621958268515517
U_31469811,C_1808023,2.0,中国医科大学,2020-08-26 07:58:51,2,C,69,54,0.1805555555555555,0.0,0.2348623853211009,0.2348623853211009,0.2247838616714697,0.059090909090909,0.0230641997153517
U_13512553,C_837698,2.0,昆明理工大学,2020-02-21 12:09:49,0,A,476,160,0.0138888888888888,0.0,0.1412844036697247,0.2330275229357798,0.1613832853025936,0.078030303030303,0.0650571513433669
U_32237200,C_697076,1.0,辽宁对外经贸学院,2020-09-08 19:25:15,4,E,781,121,0.0416666666666666,0.0,0.018348623853211,0.018348623853211,0.0201729106628242,0.006060606060606,0.0601306903691054
U_18438553,C_707035,2.0,辽宁对外经贸学院,2020-08-12 10:57:05,4,E,781,130,0.0555555555555555,0.0,0.0880733944954128,0.0880733944954128,0.1095100864553314,0.0318181818181818,0.2914391429780358
U_32614578,C_2027893,1.0,辽宁对外经贸学院,2020-09-29 20:35:24,4,E,781,84,0.0277777777777777,0.0,0.0055045871559633,0.0055045871559633,0.0086455331412103,0.0022727272727272,0.0612330172985165
U_32578774,C_735164,0.0,昆明理工大学,2020-10-13 10:41:25,0,A,476,138,0.0833333333333333,0.0,0.2036697247706422,0.273394495412844,0.2161383285302593,0.0507575757575757,0.0667267690389235
U_19910306,C_948395,2.0,西安美术学院,2020-05-26 22:09:22,0,A,727,170,0.1527777777777777,0.0,0.110091743119266,0.110091743119266,0.1527377521613832,0.0863636363636363,0.068716664590684
U_16010603,C_735164,0.0,河南师范大学新联学院,2020-11-03 10:11:37,0,A,573,138,0.0972222222222222,0.0,0.036697247706422,0.036697247706422,0.0576368876080691,0.0265151515151515,0.0721467259324834
U_13107803,C_735385,2.0,宁夏大学,2020-06-07 20:44:39,4,E,334,146,0.0416666666666666,0.0,0.0275229357798165,0.0275229357798165,0.0288184438040345,0.0083333333333333,0.0608896219102622
U_6117216,C_1017355,0.0,广州中医药大学,2020-04-22 21:19:42,3,D,423,0,0.2083333333333333,0.0,0.1944954128440367,0.2293577981651376,0.1412103746397694,0.1393939393939394,0.0815761582669915
U_4461390,C_735197,2.0,华南理工大学,2020-10-20 16:31:46,3,D,211,141,0.4444444444444444,0.0,0.3376146788990826,0.3376146788990826,0.5302593659942363,0.1515151515151515,0.0893511023104876
U_30189243,C_1714448,1.0,辽宁对外经贸学院,2020-05-26 16:27:56,4,E,781,8,0.0138888888888888,0.0,0.0073394495412844,0.0073394495412844,0.0057636887608069,0.0015151515151515,0.061350779036868
U_12186616,C_1714448,1.0,中国医科大学,2020-03-19 19:59:35,0,A,69,8,0.0277777777777777,0.0,0.1926605504587156,0.2623853211009174,0.2046109510086455,0.0598484848484848,0.0669733312857509
U_31683202,C_682392,0.0,中国医科大学,2020-09-21 20:34:28,2,C,69,108,0.125,0.0,0.0477064220183486,0.1559633027522936,0.0749279538904899,0.0621212121212121,0.0206177635881063
U_10407976,C_676646,2.0,天津商业大学,2020-08-11 07:44:21,4,E,316,90,0.0416666666666666,0.0,0.0660550458715596,0.0660550458715596,0.0547550432276657,0.0325757575757575,0.0631691403217846
U_14508029,C_682407,1.0,郑州大学,2020-07-19 16:28:23,4,E,807,110,0.0277777777777777,0.0,0.0018348623853211,0.0018348623853211,0.0028818443804034,0.0007575757575757,0.0612276638169084
U_16565370,C_823315,1.0,长江大学,2020-05-06 13:30:44,4,E,858,158,0.0138888888888888,0.0,0.091743119266055,0.091743119266055,0.1152737752161383,0.0333333333333333,0.061781216786587
U_33344892,C_697076,1.0,辽宁对外经贸学院,2020-11-19 09:58:41,4,E,781,121,0.0416666666666666,0.0,0.0990825688073394,0.0990825688073394,0.0489913544668587,0.031060606060606,0.0614072109729678
U_12918168,C_1829948,0.0,北方民族大学,2020-06-17 10:17:33,4,E,190,61,0.0555555555555555,0.0,0.0311926605504587,0.0311926605504587,0.0374639769452449,0.0098484848484848,0.0605579784293676
U_11492404,C_735385,1.0,北京科技大学,2020-09-09 23:15:15,4,E,178,146,0.0416666666666666,0.0,0.0091743119266055,0.0091743119266055,0.0115273775216138,0.003030303030303,0.0613109622078867
U_31097522,C_682407,1.0,辽宁对外经贸学院,2020-07-30 08:43:24,4,E,781,110,0.0277777777777777,0.0,0.0073394495412844,0.0073394495412844,0.0057636887608069,0.0015151515151515,0.0614824766653631
U_32879823,C_735164,1.0,昆明理工大学,2020-09-16 11:08:03,0,A,476,138,0.0277777777777777,0.0,0.0990825688073394,0.1541284403669724,0.0864553314121037,0.0393939393939393,0.0669331628404938
U_13141418,C_801420,0.0,南京邮电大学通达学院,2020-09-01 09:36:06,4,E,229,155,0.0277777777777777,0.0,0.0018348623853211,0.0018348623853211,0.0028818443804034,0.0007575757575757,0.0611950179790172
U_8934334,C_735197,0.0,华南理工大学,2020-09-07 20:16:43,4,E,211,141,0.0416666666666666,0.0,0.0678899082568807,0.0678899082568807,0.0691642651296829,0.0257575757575757,0.0631575320323403
U_5267823,C_735164,0.0,黄淮学院,2020-11-27 12:41:22,0,A,904,138,0.125,0.0,0.2862385321100917,0.2954128440366972,0.446685878962536,0.1621212121212121,0.067040173044552
U_16344438,C_1755893,1.0,辽宁对外经贸学院,2020-05-23 23:01:17,4,E,781,19,0.0277777777777777,0.0,0.0073394495412844,0.0073394495412844,0.0057636887608069,0.0015151515151515,0.0612521382906429
U_4722958,C_1017355,2.0,云南中医学院,2020-05-04 20:48:59,4,E,103,0,0.0277777777777777,0.0,0.0091743119266055,0.0091743119266055,0.0144092219020172,0.0037878787878787,0.0615897394388589
U_30351216,C_1829948,1.0,中国医科大学,2020-06-04 13:33:04,2,C,69,61,0.3055555555555555,0.0,0.4770642201834862,0.4770642201834862,0.4553314121037464,0.1196969696969696,0.0764888650367602
U_20224134,C_948387,0.0,辽宁对外经贸学院,2020-08-18 11:42:35,4,E,781,169,0.0277777777777777,0.0,0.036697247706422,0.036697247706422,0.0576368876080691,0.0318181818181818,0.0676646831691615
U_30673923,C_674920,2.0,辽宁对外经贸学院,2020-06-24 13:31:21,4,E,781,87,0.0416666666666666,0.0,0.036697247706422,0.036697247706422,0.0461095100864553,0.0121212121212121,0.0605718945101434
U_32238708,C_697076,2.0,辽宁对外经贸学院,2020-09-08 20:24:21,4,E,781,121,0.0416666666666666,0.0,0.0055045871559633,0.0055045871559633,0.0057636887608069,0.0015151515151515,0.0606012371359785
U_6117194,C_1017355,2.0,广州中医药大学,2020-05-03 09:29:08,1,B,423,0,0.0833333333333333,0.0,0.0825688073394495,0.0825688073394495,0.0979827089337175,0.0333333333333333,0.1114321983405781
U_8748977,C_1760297,0.0,西安交通大学,2020-10-16 22:49:27,4,E,715,29,0.0416666666666666,0.0,0.0036697247706422,0.0036697247706422,0.0057636887608069,0.0022727272727272,0.0612506129693337
U_14946297,C_674920,0.0,西昌民族幼儿师范高等专科学校,2020-06-04 09:19:58,4,E,751,87,0.0555555555555555,0.0,0.146788990825688,0.146788990825688,0.0720461095100864,0.0189393939393939,0.0639778131851165
U_22254004,C_948078,1.0,辽宁对外经贸学院,2020-02-15 15:28:21,4,E,781,164,0.0277777777777777,0.0,0.1009174311926605,0.1009174311926605,0.0547550432276657,0.028030303030303,0.068287029120355
U_30985781,C_1829948,1.0,华南理工大学,2020-07-17 19:04:23,3,D,211,61,0.2083333333333333,0.0,0.0990825688073394,0.3174311926605505,0.0,0.1204545454545454,0.0740893563330253
U_29722850,C_676635,2.0,华南理工大学,2020-04-29 15:26:44,3,D,211,89,0.1388888888888889,0.0,0.018348623853211,0.018348623853211,0.0115273775216138,0.003030303030303,0.079276300587232
U_30356153,C_1829948,0.0,辽宁对外经贸学院,2020-06-04 17:54:08,4,E,781,61,0.0555555555555555,0.0,0.0513761467889908,0.0513761467889908,0.0374639769452449,0.0098484848484848,0.0490956840246609
U_30259745,C_948436,2.0,西安美术学院,2020-05-28 17:52:19,4,E,727,171,0.0138888888888888,0.0,0.0532110091743119,0.0532110091743119,0.0662824207492795,0.0113636363636363,0.0622285964979906
U_33459996,C_2027893,0.0,辽宁对外经贸学院,2020-09-23 10:48:26,4,E,781,84,0.0416666666666666,0.0,0.0110091743119266,0.0110091743119266,0.0144092219020172,0.0053030303030303,0.0613840934409175
U_32312609,C_697076,1.0,昆明理工大学,2020-09-09 19:34:31,0,A,476,121,0.1111111111111111,0.0,0.1798165137614679,0.2697247706422018,0.2334293948126801,0.053030303030303,0.0600731144420237
U_10864986,C_735164,1.0,南京林业大学,2020-12-02 14:53:22,0,A,223,138,0.125,0.0,0.2862385321100917,0.2899082568807339,0.4495677233429394,0.1636363636363636,0.0668129249311857
U_25051111,C_948395,0.0,西安美术学院,2020-05-28 16:30:20,0,A,727,170,0.1388888888888889,0.0,0.110091743119266,0.110091743119266,0.170028818443804,0.0969696969696969,0.068351652229979
U_28295712,C_1750795,1.0,武汉科技大学,2020-06-13 09:45:35,4,E,509,18,0.0416666666666666,0.0,0.0055045871559633,0.0055045871559633,0.0086455331412103,0.0045454545454545,0.0612757659139103
U_30021841,C_680895,2.0,昆明理工大学,2020-05-17 16:04:10,0,A,476,98,0.0972222222222222,0.0,0.0715596330275229,0.0715596330275229,0.1095100864553314,0.0287878787878787,0.0688432761640343
U_4602358,C_735197,1.0,华南理工大学,2020-10-22 22:30:54,3,D,211,141,0.0138888888888888,0.0,0.163302752293578,0.2238532110091743,0.0778097982708933,0.1545454545454545,0.1768838712159094
U_9559503,C_677087,0.0,河南大学民生学院,2020-12-01 21:54:26,4,E,569,92,0.0416666666666666,0.0,0.0788990825688073,0.0788990825688073,0.0576368876080691,0.0363636363636363,0.0630487934609543
U_4325358,C_735164,0.0,昆明学院,2020-11-27 13:25:57,0,A,473,138,0.0972222222222222,0.0,0.1779816513761468,0.2587155963302752,0.1671469740634005,0.0454545454545454,0.0681830893682829
U_12043754,C_1771167,1.0,延安,2020-08-31 16:00:01,4,E,443,39,0.0833333333333333,0.0,0.0018348623853211,0.0018348623853211,0.0,0.0,0.0737552961092772
U_2104182,C_1828106,2.0,Huazhong University Of Science And Technology,2020-08-28 16:30:35,4,E,14,59,0.1666666666666666,0.0,0.0091743119266055,0.0091743119266055,0.0028818443804034,0.0151515151515151,0.0205254452436819
U_9056818,C_786631,1.0,河北师范大学,2020-05-12 20:22:34,0,A,556,154,0.4583333333333333,0.0,0.255045871559633,0.255045871559633,0.3890489913544668,0.1371212121212121,0.0717868590550261
U_30537305,C_1829948,1.0,辽宁对外经贸学院,2020-06-15 14:37:24,4,E,781,61,0.0416666666666666,0.0,0.0513761467889908,0.0513761467889908,0.0605187319884726,0.0159090909090909,0.062051282848134
U_4612213,C_1472684,1.0,贵州医科大学,2020-10-11 15:57:02,4,E,762,3,0.0277777777777777,0.0,0.0073394495412844,0.0073394495412844,0.0115273775216138,0.003030303030303,4.231257452782936e-05
U_33499341,C_2027893,0.0,辽宁对外经贸学院,2020-09-23 14:32:28,4,E,781,84,0.0416666666666666,0.0,0.0110091743119266,0.0110091743119266,0.0115273775216138,0.0045454545454545,0.0614181061251766
U_33184877,C_2027893,1.0,辽宁对外经贸学院,2020-09-20 20:52:04,4,E,781,84,0.0416666666666666,0.0,0.0256880733944954,0.0256880733944954,0.031700288184438,0.0106060606060606,0.0458856734238565
U_17893790,C_786631,2.0,北华航天工业学院,2020-04-22 10:17:34,2,C,186,154,0.1388888888888889,0.0,0.2036697247706422,0.2036697247706422,0.1844380403458213,0.0643939393939393,0.0796008374574812
U_30708155,C_948113,1.0,辽宁对外经贸学院,2020-06-28 13:07:11,4,E,781,166,0.0138888888888888,0.0,0.0073394495412844,0.0073394495412844,0.0086455331412103,0.0022727272727272,0.060583884129915
U_33224478,C_697076,2.0,辽宁对外经贸学院,2020-11-29 20:54:20,4,E,781,121,0.0555555555555555,0.0,0.1834862385321101,0.1834862385321101,0.2593659942363112,0.0833333333333333,0.0648523918146279
U_6765385,C_1824911,2.0,三峡医药高等专科学校,2020-06-05 16:01:47,4,E,36,57,0.0416666666666666,0.0,0.0862385321100917,0.0862385321100917,0.0374639769452449,0.0227272727272727,0.0662782601935636
U_12038157,C_948488,0.0,中国医科大学,2020-03-06 15:01:35,2,C,69,172,0.0555555555555555,0.0,0.1853211009174312,0.1853211009174312,0.1642651296829971,0.0606060606060606,0.0754118544792089
U_30939712,C_808528,2.0,广州中医药大学,2020-07-12 20:33:45,1,B,423,156,0.2083333333333333,0.0,0.146788990825688,0.146788990825688,0.2219020172910662,0.0583333333333333,0.1118109534500919
U_4602277,C_735197,2.0,华南理工大学,2020-09-30 14:59:21,3,D,211,141,0.1527777777777777,0.0,0.218348623853211,0.218348623853211,0.1095100864553314,0.1204545454545454,0.091176139352303
U_33809976,C_2027893,1.0,辽宁对外经贸学院,2020-09-27 02:06:00,4,E,781,84,0.0277777777777777,0.0,0.0055045871559633,0.0055045871559633,0.0086455331412103,0.0022727272727272,0.0612330172985165
U_32753764,C_735164,1.0,昆明理工大学,2020-10-20 08:48:19,0,A,476,138,0.0138888888888888,0.0,0.0990825688073394,0.1119266055045871,0.1498559077809798,0.0719696969696969,0.0782244105089048
U_4903351,C_1017355,0.0,云南中医学院,2020-05-05 15:16:42,4,E,103,0,0.0277777777777777,0.0,0.0091743119266055,0.0091743119266055,0.0115273775216138,0.003030303030303,0.0616237471707762
U_33322946,C_2059281,0.0,辽宁对外经贸学院,2020-09-22 06:50:09,4,E,781,85,0.0416666666666666,0.0,0.0165137614678899,0.0165137614678899,0.0172910662824207,0.0083333333333333,0.0568303265761434
U_15404754,C_801420,0.0,辽宁对外经贸学院,2020-07-15 17:21:20,4,E,781,155,0.0277777777777777,0.0,0.0018348623853211,0.0018348623853211,0.0028818443804034,0.0007575757575757,0.0612456853891302
U_7713585,C_1829948,0.0,北方民族大学,2020-06-17 15:40:41,4,E,190,61,0.0138888888888888,0.0,0.0073394495412844,0.0073394495412844,0.0028818443804034,0.0007575757575757,0.0605430867372349
U_30572811,C_1829948,0.0,华南理工大学,2020-06-17 06:43:51,3,D,211,61,0.3472222222222222,0.0,0.4770642201834862,0.4770642201834862,0.7492795389048991,0.1969696969696969,0.0714680520443704
U_28948106,C_1774985,2.0,辽宁对外经贸学院,2020-09-22 16:47:46,4,E,781,46,0.0277777777777777,0.0,0.0018348623853211,0.0018348623853211,0.0,0.0,0.0611571226586982
U_29817447,C_756642,1.0,昆明理工大学,2020-05-07 17:47:11,0,A,476,149,0.0694444444444444,0.0,0.0623853211009174,0.0623853211009174,0.0547550432276657,0.0159090909090909,0.0759761837448904
U_5442591,C_2141845,0.0,辽宁对外经贸学院,2020-09-11 18:51:44,4,E,781,86,0.0416666666666666,0.0,0.055045871559633,0.055045871559633,0.0835734870317002,0.0219696969696969,0.062121155440186
U_29752953,C_735164,2.0,华北水利水电大学,2020-10-19 20:54:53,0,A,203,138,0.0138888888888888,0.0,0.1504587155963302,0.1541284403669724,0.2363112391930835,0.1037878787878787,0.0668947722859834
U_6159293,C_735197,0.0,辽宁对外经贸学院,2020-10-16 22:28:37,4,E,781,141,0.0555555555555555,0.0,0.0403669724770642,0.0403669724770642,0.0374639769452449,0.0265151515151515,0.0672831250341249
U_3805366,C_1017355,2.0,广州中医药大学,2020-04-25 14:15:02,2,C,423,0,0.1527777777777777,0.0,0.1834862385321101,0.1834862385321101,0.1815561959654178,0.0696969696969697,0.0782030191431413
U_31511910,C_948109,0.0,昆明理工大学,2020-08-27 15:13:43,0,A,476,165,0.3333333333333333,0.2,0.5522935779816514,0.5522935779816514,0.8587896253602305,1.0,0.0961137133818174
U_26656096,C_747056,1.0,辽宁对外经贸学院,2020-04-16 10:51:10,4,E,781,147,0.0416666666666666,0.0,0.073394495412844,0.073394495412844,0.0461095100864553,0.0303030303030303,0.0629757860364714
U_30326435,C_676635,2.0,中国医科大学,2020-06-02 19:02:45,2,C,69,89,0.125,0.0,0.018348623853211,0.018348623853211,0.0259365994236311,0.0068181818181818,0.0753319484424411
U_21399981,C_823315,1.0,西安石油大学,2020-06-12 08:21:00,4,E,725,158,0.0138888888888888,0.0,0.0275229357798165,0.0275229357798165,0.031700288184438,0.009090909090909,0.0612417284679416
U_6159269,C_735197,1.0,华南理工大学,2020-10-04 16:27:47,3,D,211,141,0.1944444444444444,0.0,0.1614678899082569,0.2587155963302752,0.0720461095100864,0.1833333333333333,0.0775034364674711
U_25331111,C_948395,2.0,西安美术学院,2020-02-20 21:12:18,0,A,727,170,0.0277777777777777,0.0,0.1798165137614679,0.273394495412844,0.1988472622478386,0.0666666666666666,0.0679105421834374
U_11726,C_1628052,1.0,复旦大学,2020-06-19 17:58:52,3,D,299,5,0.1666666666666666,0.0,0.1743119266055046,0.2091743119266055,0.1239193083573487,0.1477272727272727,0.0867076214347458
U_33329428,C_697076,1.0,辽宁对外经贸学院,2020-09-26 09:27:18,4,E,781,121,0.0416666666666666,0.0,0.0770642201834862,0.0770642201834862,0.0778097982708933,0.0333333333333333,0.0614522970937447
U_31251787,C_697076,2.0,辽宁对外经贸学院,2020-08-18 23:32:15,4,E,781,121,0.0416666666666666,0.0,0.0073394495412844,0.0073394495412844,0.0086455331412103,0.003030303030303,0.021937800515444
U_30537067,C_1829948,1.0,辽宁对外经贸学院,2020-06-15 14:27:44,4,E,781,61,0.0416666666666666,0.0,0.0220183486238532,0.0220183486238532,0.0172910662824207,0.0045454545454545,0.0613547359580566
U_32992767,C_735164,1.0,昆明理工大学,2020-11-27 12:07:52,0,A,476,138,0.125,0.0,0.2862385321100917,0.3119266055045872,0.4380403458213256,0.1583333333333333,0.0700434514649644
U_33344107,C_697076,1.0,辽宁对外经贸学院,2020-11-16 18:47:34,4,E,781,121,0.0138888888888888,0.0,0.1559633027522936,0.1559633027522936,0.1844380403458213,0.0553030303030303,0.0640302089625571
U_29821270,C_1017355,0.0,华南理工大学,2020-05-07 21:09:12,3,D,211,0,0.1388888888888889,0.0,0.0752293577981651,0.0752293577981651,0.0432276657060518,0.0121212121212121,0.0809582248524426
U_31094044,C_682486,0.0,辽宁对外经贸学院,2020-07-31 12:37:48,4,E,781,111,0.0277777777777777,0.0,0.0018348623853211,0.0018348623853211,0.0,0.0,0.0611473170217103
U_33224860,C_697076,1.0,辽宁对外经贸学院,2020-12-04 15:24:20,4,E,781,121,0.0833333333333333,0.0,0.3706422018348624,0.3706422018348624,0.4870317002881844,0.1568181818181818,0.069793917812989
U_9054438,C_786631,2.0,河北师范大学,2020-02-11 15:15:41,0,A,556,154,0.125,0.0,0.1889908256880734,0.2825688073394495,0.2132564841498559,0.0522727272727272,0.0645291029345408
U_34070235,C_735164,2.0,昆明理工大学,2020-11-20 20:12:55,0,A,476,138,0.125,0.0,0.2862385321100917,0.3009174311926605,0.4495677233429394,0.1636363636363636,0.0695413632324467
U_7374689,C_1824911,2.0,重庆三峡医药高等专科学校,2020-06-10 18:09:03,4,E,822,57,0.0972222222222222,0.0,0.0623853211009174,0.0623853211009174,0.0979827089337175,0.0257575757575757,0.0630804240687533
U_30300764,C_674959,0.0,辽宁对外经贸学院,2020-06-01 09:25:48,4,E,781,88,0.0416666666666666,0.0,0.0146788990825688,0.0146788990825688,0.0172910662824207,0.0045454545454545,0.0618826011302319
U_30583429,C_1829948,1.0,辽宁对外经贸学院,2020-06-17 15:27:55,4,E,781,61,0.0416666666666666,0.0,0.073394495412844,0.073394495412844,0.0922190201729106,0.0242424242424242,0.062932155904217
U_14333312,C_707079,1.0,辽宁对外经贸学院,2020-06-05 11:51:42,4,E,781,132,0.0416666666666666,0.0,0.0036697247706422,0.0036697247706422,0.0057636887608069,0.0015151515151515,0.0610848036097412
U_29664177,C_823315,2.0,辽宁对外经贸学院,2020-04-26 16:48:54,4,E,781,158,0.0416666666666666,0.0,0.0752293577981651,0.0752293577981651,0.063400576368876,0.0318181818181818,0.0610891666229667
U_33344088,C_697076,1.0,辽宁对外经贸学院,2020-11-17 12:04:06,4,E,781,121,0.0555555555555555,0.0,0.1889908256880734,0.1889908256880734,0.2795389048991354,0.0871212121212121,0.0648477267085458
U_31082625,C_697076,0.0,昆明理工大学,2020-07-28 10:19:12,0,A,476,121,0.1527777777777777,0.0,0.5541284403669725,0.5541284403669725,0.855907780979827,0.2878787878787879,0.0688232092746024
U_9353959,C_2141845,0.0,东华理工大学,2020-09-30 12:53:48,4,E,51,86,0.0416666666666666,0.0,0.0660550458715596,0.0660550458715596,0.0489913544668587,0.0287878787878787,0.0618405260333383
U_6903928,C_756642,0.0,辽宁对外经贸学院,2020-05-11 19:31:03,4,E,781,149,0.0416666666666666,0.0,0.0660550458715596,0.0660550458715596,0.0518731988472622,0.0303030303030303,0.0619686134045787
U_33343602,C_697076,1.0,辽宁对外经贸学院,2020-11-16 21:44:44,4,E,781,121,0.0416666666666666,0.0,0.0807339449541284,0.0807339449541284,0.0345821325648414,0.0272727272727272,0.0647694054211901
U_30010678,C_948136,0.0,辽宁对外经贸学院,2020-05-16 11:59:12,4,E,781,168,0.0416666666666666,0.0,0.0256880733944954,0.0256880733944954,0.0144092219020172,0.0037878787878787,0.0620944573649324
U_5798861,C_1824911,2.0,重庆三峡医药高等专科学校,2020-06-10 21:29:21,4,E,822,57,0.0416666666666666,0.0,0.0623853211009174,0.0623853211009174,0.0951008645533141,0.025,0.0621120134170144
U_12167113,C_1829948,2.0,北方民族大学,2020-06-04 18:02:33,3,D,190,61,0.2916666666666666,0.0,0.0073394495412844,0.0073394495412844,0.0086455331412103,0.0022727272727272,0.0630267159207057
U_33329304,C_697076,2.0,辽宁对外经贸学校,2020-11-21 21:36:53,4,E,780,121,0.0694444444444444,0.0,0.1834862385321101,0.1834862385321101,0.2132564841498559,0.0681818181818181,0.0630425188437504
U_31026070,C_735385,2.0,辽宁对外经贸学院,2020-11-06 21:52:13,4,E,781,146,0.0416666666666666,0.0,0.0220183486238532,0.0220183486238532,0.0230547550432276,0.006060606060606,0.0605958341309514
U_29499182,C_674920,0.0,辽宁对外经贸学院,2020-04-21 12:11:19,4,E,781,87,0.0416666666666666,0.0,0.0788990825688073,0.0788990825688073,0.0662824207492795,0.0318181818181818,0.0621246517935766
U_30260713,C_766175,2.0,昆明理工大学,2020-05-28 18:57:51,0,A,476,151,0.0138888888888888,0.0,0.1834862385321101,0.1834862385321101,0.2824207492795388,0.0765151515151515,0.0666448820653904
U_12616640,C_682392,2.0,昆明理工大学,2020-09-01 10:28:59,0,A,476,108,0.1111111111111111,0.0,0.1541284403669724,0.2899082568807339,0.2334293948126801,0.0492424242424242,0.0558073454023888
U_33455034,C_697076,1.0,辽宁对外经贸学院,2020-11-23 11:43:19,4,E,781,121,0.0416666666666666,0.0,0.0844036697247706,0.0844036697247706,0.0778097982708933,0.0356060606060606,0.0612865620192809
U_28351924,C_1750795,1.0,清华大学,2020-06-13 08:04:15,4,E,612,18,0.0416666666666666,0.0,0.0055045871559633,0.0055045871559633,0.0086455331412103,0.0045454545454545,0.0612757659139103
U_966055,C_735164,0.0,昆明理工大学,2020-09-22 13:35:31,0,A,476,138,0.0138888888888888,0.0,0.1889908256880734,0.2642201834862385,0.2132564841498559,0.0583333333333333,0.0660269288414738
U_2636329,C_1992929,2.0,哈尔滨体育学院,2020-09-15 16:27:38,4,E,266,81,0.0416666666666666,0.0,0.0715596330275229,0.0715596330275229,0.0489913544668587,0.0295454545454545,0.0619832277655642
U_15424133,C_1682756,2.0,辽宁对外经贸学院,2020-04-19 12:43:20,4,E,781,6,0.0416666666666666,0.0,0.0660550458715596,0.0660550458715596,0.0605187319884726,0.034090909090909,0.0648559079773862
U_33329309,C_697076,0.0,辽宁对外经贸学院,2020-11-23 14:54:44,4,E,781,121,0.0416666666666666,0.0,0.0844036697247706,0.0844036697247706,0.0720461095100864,0.0333333333333333,0.0613711628761824
U_31100387,C_682392,0.0,昆明理工大学,2020-07-30 13:26:28,0,A,476,108,0.125,0.0,0.4495412844036697,0.4495412844036697,0.7060518731988472,0.2469696969696969,0.0641271015320869
U_31183583,C_1824926,0.0,昆明理工大学,2020-08-12 20:01:18,0,A,476,58,0.0833333333333333,0.0,0.0018348623853211,0.1376146788990825,0.0028818443804034,0.0734848484848484,0.0959271289478995
U_27711269,C_825821,1.0,辽宁对外经贸学院,2020-07-01 15:53:44,4,E,781,159,0.0416666666666666,0.0,0.0091743119266055,0.0091743119266055,0.0057636887608069,0.0053030303030303,0.0616946151835526
U_10490496,C_936971,0.0,武汉职业技术学院,2020-08-26 19:32:24,2,C,511,162,0.1527777777777777,0.0,0.0623853211009174,0.0623853211009174,0.0979827089337175,0.034090909090909,0.0749135052648357
U_30744312,C_948436,0.0,辽宁对外经贸学院,2020-06-29 21:32:31,4,E,781,171,0.0416666666666666,0.0,0.0440366972477064,0.0440366972477064,0.0432276657060518,0.0007575757575757,0.0625185412599769
U_30694867,C_1864063,2.0,辽宁对外经贸学院,2020-06-27 09:30:11,4,E,781,66,0.0416666666666666,0.0,0.0073394495412844,0.0073394495412844,0.0028818443804034,0.0015151515151515,0.0617522059676601
U_15201691,C_735197,1.0,辽宁石油化工大学,2020-09-10 17:03:58,4,E,790,141,0.0416666666666666,0.0,0.0972477064220183,0.0972477064220183,0.063400576368876,0.0409090909090909,0.0629769300274533
U_31018542,C_1761368,0.0,华南理工大学,2020-07-24 09:33:05,3,D,211,31,0.1388888888888889,0.0,0.0990825688073394,0.0990825688073394,0.0720461095100864,0.0219696969696969,0.0820877005202213
U_6233830,C_1017355,1.0,广州中医药大学,2020-05-08 09:23:43,2,C,423,0,0.0972222222222222,0.0,0.0825688073394495,0.0825688073394495,0.0835734870317002,0.0257575757575757,0.0750282708363298
U_16202357,C_674959,1.0,辽宁对外经贸学院,2020-04-18 09:04:46,4,E,781,88,0.0416666666666666,0.0,0.073394495412844,0.073394495412844,0.0691642651296829,0.0333333333333333,0.0621843869417324
U_7902582,C_735164,0.0,昆明理工大学,2020-09-16 10:59:19,0,A,476,138,0.0138888888888888,0.0,0.1743119266055046,0.3082568807339449,0.1786743515850144,0.075,0.0120234738623687
U_25269703,C_948120,0.0,中国农业大学,2020-09-26 17:25:11,2,C,67,167,0.0972222222222222,0.0,0.0091743119266055,0.0091743119266055,0.0144092219020172,0.0037878787878787,0.0785645450551394
U_6294769,C_1824911,2.0,重庆三峡医药高等专科学校,2020-06-29 22:59:26,4,E,822,57,0.0694444444444444,0.0,0.0201834862385321,0.0201834862385321,0.0230547550432276,0.006060606060606,0.0617424399494074
U_30326343,C_676635,1.0,辽宁对外经贸学院,2020-06-02 19:13:23,4,E,781,89,0.0416666666666666,0.0,0.0091743119266055,0.0091743119266055,0.0115273775216138,0.003030303030303,0.0618343058918954
U_33841979,C_735164,1.0,辽宁对外经贸学院,2020-11-25 14:19:16,4,E,781,138,0.0416666666666666,0.0,0.0091743119266055,0.0091743119266055,0.0144092219020172,0.006060606060606,0.0602332682271514
U_25241203,C_747056,0.0,辽宁对外经贸学院,2020-05-28 12:54:53,4,E,781,147,0.0416666666666666,0.0,0.0752293577981651,0.0752293577981651,0.0518731988472622,0.031060606060606,0.0628078471698563
U_30593401,C_1829948,0.0,辽宁对外经贸学院,2020-06-18 08:44:24,4,E,781,61,0.1944444444444444,0.0,0.0697247706422018,0.0697247706422018,0.0778097982708933,0.0204545454545454,0.0640567337058436
U_19912416,C_948395,2.0,西安美术学院,2020-05-28 11:16:54,1,B,727,170,0.125,0.0,0.110091743119266,0.110091743119266,0.1210374639769452,0.0651515151515151,0.1122161738747894
U_17897063,C_786631,0.0,北华航天工业学院,2020-04-23 11:50:43,0,A,186,154,0.0416666666666666,0.0,0.2018348623853211,0.2660550458715596,0.2103746397694524,0.0734848484848484,0.0722025091117926
U_5235976,C_674920,0.0,西昌民族幼儿师范高等专科学校,2020-06-04 16:22:57,4,E,751,87,0.0555555555555555,0.0,0.0990825688073394,0.0990825688073394,0.0922190201729106,0.0272727272727272,0.0599527774858773
U_18679488,C_707103,0.0,中国消防救援学院,2020-10-14 15:11:15,4,E,75,133,0.0416666666666666,0.0,0.055045871559633,0.055045871559633,0.031700288184438,0.009090909090909,0.0628244771340005
U_33789996,C_677087,1.0,辽宁对外经贸学院,2020-09-26 08:38:19,4,E,781,92,0.0416666666666666,0.0,0.036697247706422,0.036697247706422,0.0259365994236311,0.0068181818181818,0.0622480592017091
U_29801530,C_766175,2.0,中国医科大学,2020-05-11 13:52:25,2,C,69,151,0.125,0.0,0.1981651376146789,0.1981651376146789,0.1440922190201729,0.0628787878787878,0.0770805213251182
U_33650493,C_697076,2.0,辽宁对外经贸学院,2020-10-13 10:16:21,4,E,781,121,0.0138888888888888,0.0,0.055045871559633,0.055045871559633,0.0461095100864553,0.0121212121212121,0.0214177020425433
U_12658997,C_674920,1.0,辽宁对外经贸学院,2020-05-17 11:47:54,4,E,781,87,0.0416666666666666,0.0,0.0018348623853211,0.0018348623853211,0.0028818443804034,0.0007575757575757,0.0605303443614925
U_34539814,C_1912004,1.0,辽宁对外经贸学院,2020-11-18 11:04:46,4,E,781,74,0.0277777777777777,0.0,0.0018348623853211,0.0018348623853211,0.0028818443804034,0.0007575757575757,0.0617135479866864
U_12696006,C_948387,2.0,深圳信息职业技术学院,2020-10-20 09:05:18,4,E,610,169,0.0416666666666666,0.0,0.0477064220183486,0.0477064220183486,0.0403458213256484,0.0106060606060606,0.0625354980786873
U_33329495,C_697076,2.0,辽宁对外经贸学院,2020-11-17 14:59:53,4,E,781,121,0.0416666666666666,0.0,0.0697247706422018,0.0697247706422018,0.0489913544668587,0.0265151515151515,0.0615049058218875
U_13386318,C_697107,1.0,昆明理工大学津桥学院,2020-07-01 15:15:03,4,E,480,122,0.0416666666666666,0.0,0.0715596330275229,0.0715596330275229,0.0605187319884726,0.0174242424242424,0.0631684915649939
U_745164,C_735164,2.0,南通大学,2020-11-30 10:55:52,0,A,236,138,0.125,0.0,0.2844036697247706,0.2880733944954128,0.4438040345821325,0.1621212121212121,0.0668387464419206
U_33460915,C_735164,0.0,辽宁对外经贸学院,2020-09-23 11:02:11,4,E,781,138,0.0416666666666666,0.0,0.0807339449541284,0.1559633027522936,0.0086455331412103,0.0022727272727272,0.0666658799951019
U_26378814,C_747056,1.0,辽宁对外经贸学院,2020-04-16 10:48:42,4,E,781,147,0.0416666666666666,0.0,0.0752293577981651,0.0752293577981651,0.0403458213256484,0.0303030303030303,0.0627089538541936
U_32577159,C_735164,2.0,昆明理工大学,2020-09-20 20:45:38,2,C,476,138,0.1527777777777777,0.0,0.1853211009174312,0.1853211009174312,0.1671469740634005,0.0575757575757575,0.0048544062776474
U_20011635,C_948120,2.0,中国农业大学,2020-09-23 15:47:22,1,B,67,167,0.1527777777777777,0.0,0.0477064220183486,0.0477064220183486,0.063400576368876,0.0174242424242424,0.0234603992768396
U_28975863,C_948436,2.0,辽宁对外经贸学院,2020-05-29 14:16:31,4,E,781,171,0.0416666666666666,0.0,0.0678899082568807,0.0678899082568807,0.0461095100864553,0.031060606060606,0.0626352778635524
U_5314168,C_1750793,0.0,内蒙古农业大学职业技术学院,2020-05-21 10:20:31,2,C,142,17,0.0694444444444444,0.0,0.036697247706422,0.036697247706422,0.0461095100864553,0.0242424242424242,0.0762827337093113
U_10227458,C_735164,0.0,昆明理工大学,2019-10-08 17:23:14,4,E,476,138,0.0277777777777777,0.0,0.0825688073394495,0.0825688073394495,0.0547550432276657,0.0318181818181818,0.0658742184262415
U_33650741,C_697076,0.0,辽宁对外经贸学院,2020-11-30 14:05:50,4,E,781,121,0.0555555555555555,0.0,0.181651376146789,0.181651376146789,0.2795389048991354,0.0893939393939394,0.064535303266616
U_29816469,C_948395,0.0,西安美术学院,2020-05-26 20:53:09,2,C,727,170,0.0833333333333333,0.0,0.110091743119266,0.110091743119266,0.1268011527377521,0.0712121212121212,0.0731531705701149
U_24032450,C_681411,1.0,辽宁对外经贸学院,2020-05-12 00:33:44,4,E,781,103,0.0416666666666666,0.0,0.0697247706422018,0.0697247706422018,0.0432276657060518,0.0303030303030303,0.0629339684613572
U_27256694,C_1829948,0.0,辽宁对外经贸学院,2020-06-11 18:24:35,4,E,781,61,0.0138888888888888,0.0,0.0605504587155963,0.0605504587155963,0.0864553314121037,0.0227272727272727,0.0618576759933833
U_34268742,C_697076,1.0,辽宁对外经贸学院,2020-11-17 19:29:14,4,E,781,121,0.0416666666666666,0.0,0.073394495412844,0.073394495412844,0.0778097982708933,0.0227272727272727,0.0620348014542472
U_2155897,C_680979,2.0,西安交通大学,2020-06-29 11:09:25,4,E,715,100,0.0416666666666666,0.0,0.0788990825688073,0.0788990825688073,0.0547550432276657,0.0318181818181818,0.0640816885567437
U_30594377,C_1829948,2.0,辽宁对外经贸学院,2020-06-18 09:44:04,4,E,781,61,0.3333333333333333,0.0,0.4587155963302752,0.4587155963302752,0.2564841498559078,0.0674242424242424,0.0792602104283563
U_30406750,C_1829948,2.0,辽宁对外经贸学院,2020-06-08 17:58:13,4,E,781,61,0.0277777777777777,0.0,0.0073394495412844,0.0073394495412844,0.0028818443804034,0.0007575757575757,0.0614615431160964
U_31084556,C_682392,0.0,昆明理工大学,2020-07-31 17:02:57,0,A,476,108,0.1388888888888889,0.0,0.4495412844036697,0.4495412844036697,0.6801152737752161,0.2371212121212121,0.0631541099640783
U_32593234,C_735164,1.0,昆明理工大学,2020-09-16 08:19:01,0,A,476,138,0.125,0.0,0.1889908256880734,0.2715596330275229,0.2247838616714697,0.0666666666666666,0.0667101935505403
U_22339951,C_756642,0.0,辽宁对外经贸学院,2020-05-07 20:56:25,4,E,781,149,0.0277777777777777,0.0,0.0036697247706422,0.0036697247706422,0.0057636887608069,0.0015151515151515,0.0615252450901246
U_8163301,C_1017355,1.0,广州中医药大学,2020-03-04 16:29:57,0,A,423,0,0.0138888888888888,0.0,0.1944954128440367,0.2623853211009174,0.1959654178674351,0.0636363636363636,0.0686623076858458
U_30967192,C_801420,2.0,辽宁对外经贸学院,2020-07-15 17:14:33,4,E,781,155,0.0138888888888888,0.0,0.0073394495412844,0.0073394495412844,0.0,0.0,0.0608913998010089
U_28890900,C_756642,1.0,辽宁对外经贸学院,2020-05-07 21:22:39,4,E,781,149,0.0277777777777777,0.0,0.0036697247706422,0.0036697247706422,0.0028818443804034,0.0007575757575757,0.0615592577743838
U_2230619,C_1828106,0.0,华中科技大学,2020-08-29 19:48:39,4,E,200,59,0.0416666666666666,0.0,0.0678899082568807,0.0678899082568807,0.0547550432276657,0.0348484848484848,0.0924183559641497
U_28584554,C_697107,0.0,华南理工大学,2020-07-01 14:58:41,3,D,211,122,0.1805555555555555,0.0,0.3064220183486238,0.3064220183486238,0.30835734870317,0.0825757575757575,0.0817349303487255
U_34269492,C_697076,2.0,辽宁对外经贸学院,2020-11-17 18:50:59,4,E,781,121,0.0416666666666666,0.0,0.0660550458715596,0.0660550458715596,0.0461095100864553,0.0295454545454545,0.0604535731571557
U_6766404,C_1824911,2.0,重庆市三峡医药高等专科学校,2020-06-10 22:55:40,4,E,841,57,0.0277777777777777,0.0,0.0495412844036697,0.0495412844036697,0.0288184438040345,0.0257575757575757,0.0640032236514726
U_30560176,C_1829948,0.0,辽宁对外经贸学院,2020-06-16 15:00:38,4,E,781,61,0.0694444444444444,0.0,0.073394495412844,0.073394495412844,0.0951008645533141,0.025,0.0628127896070856
U_1394224,C_1750793,1.0,北京体育大学,2020-06-10 15:15:02,0,A,159,17,0.0555555555555555,0.0,0.036697247706422,0.036697247706422,0.0518731988472622,0.0272727272727272,0.0697304089802954
U_30945354,C_735164,1.0,昆明理工大学,2020-11-30 22:03:49,4,E,476,138,0.0416666666666666,0.0,0.055045871559633,0.0587155963302752,0.0864553314121037,0.0401515151515151,0.0621757946285132
U_25229713,C_682392,0.0,昆明理工大学,2020-07-30 20:59:47,0,A,476,108,0.0972222222222222,0.0,0.1412844036697247,0.2715596330275229,0.2132564841498559,0.0515151515151515,0.0461694095686554
U_33318660,C_697076,0.0,辽宁对外经贸学院,2020-09-21 21:28:46,4,E,781,121,0.0416666666666666,0.0,0.110091743119266,0.110091743119266,0.0720461095100864,0.0204545454545454,0.0641107885178251
U_30925323,C_697076,0.0,辽宁对外经贸学院,2020-07-10 12:19:59,4,E,781,121,0.0416666666666666,0.0,0.0807339449541284,0.0807339449541284,0.0691642651296829,0.0348484848484848,0.0616667334985819
U_20336068,C_801420,0.0,南京邮电大学通达学院,2020-09-01 09:36:30,4,E,229,155,0.0277777777777777,0.0,0.0018348623853211,0.0018348623853211,0.0028818443804034,0.0007575757575757,0.0611950179790172
U_31204648,C_707035,2.0,广州中医药大学,2020-08-16 00:07:53,1,B,423,130,0.3055555555555555,0.0,0.1944954128440367,0.1944954128440367,0.1959654178674351,0.0575757575757575,0.0157941300919336
U_1804291,C_735164,0.0,西南石油大学,2020-09-15 15:30:55,0,A,712,138,0.0972222222222222,0.0,0.255045871559633,0.2880733944954128,0.2334293948126801,0.0856060606060606,0.0695424577000095
U_31066238,C_682392,0.0,昆明理工大学,2020-08-25 20:59:02,0,A,476,108,0.1805555555555555,0.0,0.4165137614678899,0.4165137614678899,0.6195965417867435,0.2174242424242424,0.0605714190853198
U_34170243,C_682392,1.0,昆明理工大学,2020-10-01 08:49:33,0,A,476,108,0.0138888888888888,0.0,0.0623853211009174,0.0623853211009174,0.0922190201729106,0.0272727272727272,0.0547071281706327
U_16328905,C_735283,1.0,辽宁对外经贸学院,2020-05-27 19:29:41,4,E,781,143,0.0277777777777777,0.0,0.0110091743119266,0.0110091743119266,0.0057636887608069,0.0015151515151515,0.0620275314163188
U_32540498,C_735164,2.0,昆明理工大学,2020-11-26 10:06:55,0,A,476,138,0.125,0.0,0.2862385321100917,0.3100917431192661,0.446685878962536,0.1621212121212121,0.0698750371735256
U_32725487,C_735164,1.0,昆明理工大学,2020-09-19 09:48:36,0,A,476,138,0.0277777777777777,0.0,0.0440366972477064,0.0532110091743119,0.063400576368876,0.028030303030303,0.0636464371306852
U_19305809,C_948136,2.0,辽宁对外经贸学院,2020-04-21 00:15:21,4,E,781,168,0.0416666666666666,0.0,0.0697247706422018,0.0697247706422018,0.0720461095100864,0.0371212121212121,0.062044790327886
U_7374688,C_1824911,0.0,重庆三峡医药高等专科学校,2020-06-10 18:22:33,4,E,822,57,0.2083333333333333,0.0,0.0073394495412844,0.0073394495412844,0.0086455331412103,0.0022727272727272,0.0620391397057631
U_10720849,C_1017355,1.0,广州中医药大学,2020-04-11 21:36:01,0,A,423,0,0.1111111111111111,0.0,0.2018348623853211,0.2697247706422018,0.2103746397694524,0.0674242424242424,0.0702879287758464
U_5152922,C_735197,2.0,华南理工大学（食品科学与工程学院）,2020-09-15 12:31:28,3,D,214,141,0.1666666666666666,0.0,0.1302752293577981,0.1357798165137614,0.1613832853025936,0.0825757575757575,0.0791527545135259
U_33457113,C_735164,0.0,中国医科大学,2020-09-23 10:18:59,2,C,69,138,0.125,0.0,0.1211009174311926,0.2165137614678899,0.0489913544668587,0.0128787878787878,0.0766304178256623
U_31084470,C_676635,1.0,辽宁对外经贸学院,2020-07-31 12:35:28,4,E,781,89,0.0416666666666666,0.0,0.0091743119266055,0.0091743119266055,0.0028818443804034,0.0007575757575757,0.0619001324206043
U_16880722,C_2059281,0.0,中国石油大学（北京）,2020-09-09 12:00:12,4,E,81,85,0.0833333333333333,0.0,0.0091743119266055,0.0091743119266055,0.0115273775216138,0.0037878787878787,0.0710842752601566
U_30350399,C_1829948,2.0,中国医科大学,2020-06-04 12:21:29,2,C,69,61,0.1111111111111111,0.0,0.4752293577981651,0.4752293577981651,0.340057636887608,0.0893939393939394,0.0759217178885302
U_14812619,C_1738818,2.0,辽宁对外经贸学院,2020-07-25 09:40:45,4,E,781,15,0.0277777777777777,0.0,0.0055045871559633,0.0055045871559633,0.0028818443804034,0.0015151515151515,0.0615708660638281
U_29950452,C_756642,1.0,辽宁对外经贸学院,2020-05-12 19:35:42,4,E,781,149,0.0416666666666666,0.0,0.073394495412844,0.073394495412844,0.0605187319884726,0.0325757575757575,0.0619981788857999
U_7001765,C_1750793,2.0,北京体育大学,2020-06-16 17:12:47,2,C,159,17,0.0833333333333333,0.0,0.036697247706422,0.036697247706422,0.0518731988472622,0.0272727272727272,0.0735573510030106
U_5731405,C_801420,1.0,广西医科大学,2020-08-24 16:59:59,4,E,434,155,0.0416666666666666,0.0,0.0055045871559633,0.0055045871559633,0.0028818443804034,0.0007575757575757,0.0613214017446395
U_30352557,C_1829948,1.0,广州中医药大学,2020-06-04 14:55:52,1,B,423,61,0.2638888888888889,0.0,0.0220183486238532,0.0220183486238532,0.0144092219020172,0.0037878787878787,0.0850162084824296
U_5256531,C_674920,0.0,西昌民族幼儿师范高等专科学校,2020-06-18 16:12:49,4,E,751,87,0.0555555555555555,0.0,0.036697247706422,0.036697247706422,0.0403458213256484,0.0106060606060606,0.0597045116334317
U_34293520,C_2027893,0.0,辽宁对外经贸学院,2020-10-05 20:08:44,4,E,781,84,0.0277777777777777,0.0,0.0055045871559633,0.0055045871559633,0.0057636887608069,0.0015151515151515,0.0612670299827756
U_32929870,C_735164,2.0,昆明理工大学,2020-10-19 18:02:38,0,A,476,138,0.1111111111111111,0.0,0.1908256880733945,0.2844036697247706,0.2420749279538904,0.0651515151515151,0.0003307497018886
U_30434331,C_1750793,0.0,昆明理工大学,2020-06-10 13:03:50,0,A,476,17,0.0138888888888888,0.0,0.036697247706422,0.036697247706422,0.0518731988472622,0.0272727272727272,0.0699207720510931
U_8266335,C_1824911,2.0,重庆三峡医药高等专科学校,2020-06-02 10:23:38,4,E,822,57,0.0694444444444444,0.0,0.0825688073394495,0.0825688073394495,0.0432276657060518,0.0219696969696969,0.0587560985383379
U_16203807,C_680979,0.0,贵州省遵义市播州区中等职业学校,2020-05-05 23:51:17,4,E,766,100,0.0277777777777777,0.0,0.0018348623853211,0.0018348623853211,0.0,0.0,0.0612535893268235
U_29822309,C_756642,2.0,广州中医药大学,2020-05-07 21:47:35,1,B,423,149,0.2083333333333333,0.0,0.0091743119266055,0.0091743119266055,0.0086455331412103,0.0022727272727272,0.1147879943630486
U_29658935,C_1714448,1.0,辽宁对外经贸学院,2020-04-26 12:12:09,4,E,781,8,0.0416666666666666,0.0,0.0678899082568807,0.0678899082568807,0.0605187319884726,0.0363636363636363,0.0620161955056797
U_30044479,C_756642,2.0,辽宁对外经贸学院,2020-05-18 20:47:57,4,E,781,149,0.0277777777777777,0.0,0.0091743119266055,0.0091743119266055,0.0086455331412103,0.003030303030303,0.0610862595982637
U_11791855,C_1410126,1.0,辽宁对外经贸学院,2020-06-22 02:26:18,4,E,781,2,0.0416666666666666,0.0,0.0073394495412844,0.0073394495412844,0.0086455331412103,0.0037878787878787,0.0613536563475196
U_31104882,C_682392,0.0,中国医科大学,2020-09-14 19:50:24,2,C,69,108,0.0833333333333333,0.0,0.255045871559633,0.255045871559633,0.2420749279538904,0.0803030303030303,0.0612648559046758
U_34585177,C_735197,0.0,辽宁对外经贸学院,2020-10-09 23:55:57,4,E,781,141,0.0416666666666666,0.0,0.091743119266055,0.091743119266055,0.0893371757925072,0.028030303030303,0.0636112804554442
U_18087756,C_696596,1.0,辽宁对外经贸学院,2020-06-28 20:08:24,4,E,781,117,0.0,0.0,0.0238532110091743,0.0238532110091743,0.0374639769452449,0.0348484848484848,0.0600606939685057
U_33060551,C_735164,1.0,昆明理工大学,2020-10-18 20:17:43,0,A,476,138,0.0972222222222222,0.0,0.2055045871559633,0.2825688073394495,0.1959654178674351,0.0439393939393939,0.0682834139107584
U_18234855,C_677087,0.0,辽宁对外经贸学院,2020-06-01 17:02:38,4,E,781,92,0.0416666666666666,0.0,0.036697247706422,0.036697247706422,0.0489913544668587,0.0128787878787878,0.0619759626799777
U_29694527,C_1776290,1.0,辽宁对外经贸学院,2020-04-27 21:39:34,4,E,781,48,0.0138888888888888,0.0,0.0091743119266055,0.0091743119266055,0.0086455331412103,0.0045454545454545,0.0609204205246197
U_2266031,C_735164,0.0,湖北医药学院,2020-09-16 08:19:28,0,A,620,138,0.1111111111111111,0.0,0.181651376146789,0.2752293577981651,0.2074927953890489,0.0742424242424242,0.0710984538150538
U_105523,C_756642,2.0,辽宁对外经贸学院,2020-05-07 21:10:40,4,E,781,149,0.0138888888888888,0.0,0.0091743119266055,0.0091743119266055,0.0115273775216138,0.0037878787878787,0.0610653458583646
U_33459886,C_2027893,1.0,辽宁对外经贸学院,2020-09-23 10:45:25,4,E,781,84,0.0416666666666666,0.0,0.0110091743119266,0.0110091743119266,0.0172910662824207,0.006060606060606,0.0613500807566583
U_22286960,C_676635,2.0,中国矿业大学(北京),2020-04-29 13:13:42,4,E,84,89,0.0416666666666666,0.0,0.0623853211009174,0.0623853211009174,0.0547550432276657,0.0295454545454545,0.0611764417445012
U_4733608,C_1875539,0.0,河北中医学院,2020-10-11 16:20:35,4,E,543,69,0.0416666666666666,0.0,0.018348623853211,0.018348623853211,0.0172910662824207,0.0454545454545454,0.0612243011767494
U_13688201,C_735197,1.0,辽宁石油化工大学,2020-09-10 15:21:26,4,E,790,141,0.0416666666666666,0.0,0.0954128440366972,0.0954128440366972,0.0345821325648414,0.025,0.0603338255296969
U_34072309,C_735164,0.0,昆明理工大学,2020-11-28 14:38:19,0,A,476,138,0.0972222222222222,0.0,0.1798165137614679,0.2568807339449541,0.1671469740634005,0.0454545454545454,0.0692736396286246
U_31129799,C_676646,0.0,辽宁对外经贸学院,2020-08-05 08:20:06,4,E,781,90,0.0277777777777777,0.0,0.0091743119266055,0.0091743119266055,0.0086455331412103,0.0022727272727272,0.0612978087877655
U_7374716,C_1824911,2.0,重庆三峡医药高等专科学校,2020-06-11 09:15:03,4,E,822,57,0.0416666666666666,0.0,0.0623853211009174,0.0623853211009174,0.0951008645533141,0.025,0.0627121679240952
U_29976276,C_948395,2.0,中国医科大学,2020-05-14 12:54:09,2,C,69,170,0.1527777777777777,0.0,0.1743119266055046,0.1743119266055046,0.1815561959654178,0.0681818181818181,0.0779077654706242
U_29912413,C_854832,2.0,辽宁对外经贸学院,2020-05-10 21:06:20,4,E,781,161,0.0416666666666666,0.0,0.0513761467889908,0.0513761467889908,0.0144092219020172,0.0045454545454545,0.0629826896010983
U_31405427,C_697076,2.0,辽宁对外经贸学院,2020-08-24 12:24:48,4,E,781,121,0.0416666666666666,0.0,0.0091743119266055,0.0091743119266055,0.0144092219020172,0.0045454545454545,0.060646461922329
U_11064801,C_676646,2.0,天津商业大学,2020-08-17 16:44:59,4,E,316,90,0.0416666666666666,0.0,0.0678899082568807,0.0678899082568807,0.0576368876080691,0.034090909090909,0.0616884643748966
U_11489549,C_735164,0.0,鲁东大学,2020-11-05 14:36:17,0,A,900,138,0.0138888888888888,0.0,0.2862385321100917,0.3302752293577982,0.4236311239193083,0.1507575757575757,0.0680170076298852
U_30057241,C_676635,2.0,广州中医药大学,2020-05-19 16:11:46,1,B,423,89,0.2222222222222222,0.0,0.0458715596330275,0.0458715596330275,0.0576368876080691,0.0151515151515151,0.1139942627152685
U_20322703,C_823315,0.0,西安石油大学,2020-05-16 19:51:27,4,E,725,158,0.0416666666666666,0.0,0.0330275229357798,0.0330275229357798,0.0518731988472622,0.0159090909090909,0.0617740606525226
U_33220401,C_697076,2.0,辽宁对外经贸学院,2020-11-25 09:39:57,4,E,781,121,0.0416666666666666,0.0,0.055045871559633,0.055045871559633,0.0547550432276657,0.0151515151515151,0.0643883474726867
U_30609203,C_1829948,2.0,北方民族大学,2020-06-19 08:35:03,4,E,190,61,0.0416666666666666,0.0,0.0422018348623853,0.0422018348623853,0.031700288184438,0.0083333333333333,0.0622505254679819
U_29822463,C_756642,2.0,辽宁对外经贸学院,2020-05-07 21:55:51,4,E,781,149,0.0416666666666666,0.0,0.0642201834862385,0.0642201834862385,0.0461095100864553,0.0333333333333333,0.0627427040643314
U_30595667,C_1829948,1.0,辽宁对外经贸学院,2020-06-18 10:46:45,4,E,781,61,0.0416666666666666,0.0,0.0073394495412844,0.0073394495412844,0.0028818443804034,0.0007575757575757,0.0612713880436592
U_29722399,C_735283,2.0,辽宁对外经贸学院,2020-04-29 12:22:04,4,E,781,143,0.0416666666666666,0.0,0.0220183486238532,0.0220183486238532,0.0201729106628242,0.006060606060606,0.0623064175988131
U_32577226,C_735164,2.0,昆明理工大学,2020-09-23 13:47:49,0,A,476,138,0.0138888888888888,0.0,0.0091743119266055,0.0091743119266055,0.0144092219020172,0.006060606060606,0.0414888833326922
U_30048548,C_681411,2.0,辽宁对外经贸学院,2020-06-18 20:04:25,4,E,781,103,0.0416666666666666,0.0,0.0018348623853211,0.0018348623853211,0.0,0.0,0.0612888103825094
U_12604496,C_682392,0.0,陕西工业职业技术学院,2020-09-03 09:46:23,0,A,876,108,0.0138888888888888,0.0,0.018348623853211,0.018348623853211,0.0201729106628242,0.0053030303030303,0.0607553193499208
U_7703135,C_735164,0.0,南阳师范学院,2020-10-26 17:10:23,0,A,239,138,0.125,0.0,0.2330275229357798,0.255045871559633,0.3458213256484149,0.1136363636363636,0.1300842404892871
U_33267135,C_2059281,2.0,辽宁对外经贸学院,2020-09-21 14:48:37,4,E,781,85,0.0277777777777777,0.0,0.018348623853211,0.018348623853211,0.0086455331412103,0.003030303030303,0.0610292234764505
U_22331275,C_707358,2.0,湖北文理学院理工学院,2020-05-14 13:20:18,0,A,626,134,0.0694444444444444,0.0,0.018348623853211,0.0201834862385321,0.0288184438040345,0.0075757575757575,0.0762254400657186
U_5798652,C_1829948,0.0,北方民族大学,2020-06-18 15:25:10,4,E,190,61,0.0138888888888888,0.0,0.0513761467889908,0.0513761467889908,0.0662824207492795,0.0174242424242424,0.0616049183668226
U_33064272,C_735164,1.0,辽宁对外经贸学院,2020-12-06 22:27:18,4,E,781,138,0.0416666666666666,0.0,0.0073394495412844,0.0091743119266055,0.0086455331412103,0.0037878787878787,0.0612732006007993
U_17894414,C_786631,1.0,北华航天工业学院,2020-04-23 16:26:52,0,A,186,154,0.0555555555555555,0.0,0.2073394495412844,0.2678899082568807,0.2132564841498559,0.0734848484848484,0.0730011485304085
U_25364202,C_948395,1.0,西安美术学院,2020-03-30 19:13:28,4,E,727,170,0.0555555555555555,0.0,0.0678899082568807,0.0678899082568807,0.0518731988472622,0.0303030303030303,0.0604500867084488
U_5582232,C_1824911,2.0,重庆三峡医药高等专科学校,2020-06-04 11:29:25,4,E,822,57,0.0416666666666666,0.0,0.0697247706422018,0.0697247706422018,0.0345821325648414,0.0265151515151515,0.0649529045460962
U_34203136,C_682392,0.0,昆明理工大学,2020-10-03 14:26:45,0,A,476,108,0.1111111111111111,0.0,0.1486238532110091,0.3247706422018349,0.2161383285302593,0.0628787878787878,0.0552439917480642
U_5740581,C_735197,2.0,华南理工大学,2020-10-14 16:25:03,3,D,211,141,0.1666666666666666,0.0,0.2018348623853211,0.2770642201834862,0.1066282420749279,0.156060606060606,0.0845535111774888
U_14787055,C_697076,0.0,长沙理工大学,2020-09-05 15:40:19,0,A,862,121,0.1111111111111111,0.0,0.091743119266055,0.091743119266055,0.132564841498559,0.0416666666666666,0.0659947485237225
U_29947814,C_786631,0.0,辽宁对外经贸学院,2020-05-12 16:39:57,4,E,781,154,0.0416666666666666,0.0,0.0330275229357798,0.0330275229357798,0.0461095100864553,0.0143939393939393,0.0618636188036791
U_1770894,C_735385,0.0,。。,2020-06-15 11:22:59,4,E,30,146,0.0416666666666666,0.0,0.0128440366972477,0.0128440366972477,0.0115273775216138,0.003030303030303,0.0614615332114126
U_30593914,C_1829948,2.0,辽宁对外经贸学院,2020-06-18 09:14:25,4,E,781,61,0.0416666666666666,0.0,0.0220183486238532,0.0220183486238532,0.0086455331412103,0.0022727272727272,0.0618067312521233
U_27879190,C_735283,1.0,辽宁对外经贸学院,2020-04-17 17:22:40,4,E,781,143,0.0416666666666666,0.0,0.0715596330275229,0.0715596330275229,0.0518731988472622,0.0318181818181818,0.063301442135993
U_29947969,C_676635,1.0,辽宁对外经贸学院,2020-06-01 15:28:38,4,E,781,89,0.0416666666666666,0.0,0.0091743119266055,0.0091743119266055,0.0144092219020172,0.0037878787878787,0.0617640816835677
U_11624085,C_1829948,0.0,北方民族大学,2020-06-16 17:01:47,4,E,190,61,0.0416666666666666,0.0,0.0073394495412844,0.0073394495412844,0.0057636887608069,0.0015151515151515,0.0611236349226818
U_28080720,C_682392,0.0,昆明理工大学,2020-08-26 19:39:13,0,A,476,108,0.0833333333333333,0.0,0.4495412844036697,0.4495412844036697,0.7060518731988472,0.2469696969696969,0.0623044762807831
U_32612148,C_735164,1.0,昆明理工大学,2020-11-28 11:07:14,0,A,476,138,0.125,0.0,0.2862385321100917,0.2880733944954128,0.440922190201729,0.1613636363636363,0.069228880362414
U_33090257,C_735164,1.0,昆明理工大学,2020-09-18 23:55:13,0,A,476,138,0.0972222222222222,0.0,0.0440366972477064,0.0495412844036697,0.0662824207492795,0.0295454545454545,0.011593413765478
U_11326420,C_756642,0.0,河北医科大学,2020-05-07 23:39:12,4,E,548,149,0.0416666666666666,0.0,0.0091743119266055,0.0091743119266055,0.0144092219020172,0.0053030303030303,0.0612258215457167
U_33080157,C_735164,1.0,昆明理工大学,2020-11-21 08:44:02,4,E,476,138,0.0416666666666666,0.0,0.018348623853211,0.0293577981651376,0.0230547550432276,0.0106060606060606,0.0617133647500356
U_31093073,C_801420,1.0,辽宁对外经贸学院,2020-07-29 15:12:34,4,E,781,155,0.0277777777777777,0.0,0.0036697247706422,0.0036697247706422,0.0028818443804034,0.0007575757575757,0.0613211095564667
U_30463523,C_813262,0.0,昆明理工大学,2020-06-11 23:24:41,0,A,476,157,0.0972222222222222,0.0,0.110091743119266,0.110091743119266,0.1642651296829971,0.0977272727272727,0.0681897552204979
U_30318448,C_676635,2.0,中国医科大学,2020-06-02 10:36:16,2,C,69,89,0.125,0.0,0.0458715596330275,0.0458715596330275,0.0691642651296829,0.0181818181818181,0.0753318493956028
U_31642146,C_1992917,1.0,辽宁对外经贸学院,2020-08-29 20:05:17,4,E,781,80,0.0416666666666666,0.0,0.0807339449541284,0.0807339449541284,0.0518731988472622,0.0325757575757575,0.0650843644621794
U_11344146,C_735385,2.0,哈尔滨工业大学,2020-08-10 17:30:18,4,E,270,146,0.0416666666666666,0.0,0.0128440366972477,0.0128440366972477,0.0115273775216138,0.003030303030303,0.0612281095276806
U_18495051,C_1912004,0.0,辽宁对外经贸学院,2020-09-21 11:02:45,4,E,781,74,0.0416666666666666,0.0,0.0091743119266055,0.0091743119266055,0.0086455331412103,0.0022727272727272,0.0093318459822287
U_31688153,C_1992917,1.0,辽宁对外经贸学院,2020-08-31 09:45:02,4,E,781,80,0.0416666666666666,0.0,0.0275229357798165,0.0275229357798165,0.0115273775216138,0.003030303030303,0.0619972478455202
U_32612136,C_735164,1.0,昆明理工大学,2020-11-30 14:17:08,0,A,476,138,0.1111111111111111,0.0,0.1834862385321101,0.1853211009174312,0.2881844380403458,0.1174242424242424,0.066264334208104
U_32725461,C_735164,2.0,昆明理工大学,2020-09-15 09:06:55,0,A,476,138,0.1111111111111111,0.0,0.1908256880733945,0.2825688073394495,0.2132564841498559,0.0651515151515151,0.0663244259248775
U_33713443,C_697076,2.0,辽宁对外经贸学院,2020-11-16 16:44:38,4,E,781,121,0.0416666666666666,0.0,0.0091743119266055,0.0091743119266055,0.0144092219020172,0.0045454545454545,0.0639187515554608
U_18443507,C_1776290,0.0,河北农业大学,2020-05-03 17:38:50,0,A,545,48,0.0972222222222222,0.0,0.2018348623853211,0.2642201834862385,0.1959654178674351,0.084090909090909,0.075123890653988
U_278066,C_735283,2.0,广西科技大学,2020-07-31 09:12:36,4,E,439,143,0.0277777777777777,0.0,0.0018348623853211,0.0018348623853211,0.0028818443804034,0.0007575757575757,0.0612276638169084
U_2104304,C_1828106,2.0,Hust,2020-08-27 19:48:35,4,E,20,59,0.0555555555555555,0.0,0.0532110091743119,0.0532110091743119,0.0432276657060518,0.034090909090909,0.0199842289494941
U_14946343,C_674920,0.0,西昌民族幼儿师范高等专科学校,2020-06-04 14:32:21,4,E,751,87,0.0555555555555555,0.0,0.0770642201834862,0.0770642201834862,0.0864553314121037,0.0257575757575757,0.0593571791333565
U_24745877,C_1829948,1.0,北方民族大学,2020-06-04 18:45:43,2,C,190,61,0.3333333333333333,0.0,0.2935779816513761,0.2935779816513761,0.377521613832853,0.0992424242424242,0.0657382221649659
U_21165948,C_682556,1.0,辽宁对外经贸学院,2020-05-31 08:53:33,4,E,781,112,0.0416666666666666,0.0,0.055045871559633,0.055045871559633,0.0403458213256484,0.0113636363636363,0.0629022982348229
U_17694862,C_674920,1.0,辽宁对外经贸学院,2020-06-22 07:50:52,4,E,781,87,0.0416666666666666,0.0,0.018348623853211,0.018348623853211,0.0201729106628242,0.0053030303030303,0.0610050560479146
U_32745289,C_735164,1.0,昆明理工大学,2020-09-15 13:49:37,0,A,476,138,0.1111111111111111,0.0,0.1963302752293578,0.2752293577981651,0.2161383285302593,0.059090909090909,0.0661704873288508
U_33268673,C_697076,2.0,辽宁对外经贸学院,2020-11-16 22:04:44,4,E,781,121,0.0416666666666666,0.0,0.036697247706422,0.036697247706422,0.0403458213256484,0.0121212121212121,0.0640000194862548
U_30601530,C_823315,0.0,辽宁对外经贸学院,2020-06-18 15:46:18,4,E,781,158,0.0416666666666666,0.0,0.0055045871559633,0.0055045871559633,0.0028818443804034,0.0015151515151515,0.0610555154596672
U_32966608,C_735164,1.0,辽宁对外经贸学院,2020-09-22 23:22:50,4,E,781,138,0.0416666666666666,0.0,0.0697247706422018,0.0697247706422018,0.0489913544668587,0.0303030303030303,0.0619578371085758
U_4661844,C_682392,0.0,陕西工业职业技术学院,2020-08-25 21:31:39,0,A,876,108,0.1527777777777777,0.0,0.4458715596330275,0.4458715596330275,0.6743515850144092,0.2356060606060606,0.0716549831422222
U_21090292,C_948120,1.0,昆明理工大学,2020-09-23 09:39:46,0,A,476,167,0.0138888888888888,0.0,0.1431192660550458,0.1431192660550458,0.2219020172910662,0.0689393939393939,0.0658927946607575
U_31056641,C_1912004,0.0,辽宁对外经贸学院,2020-09-24 13:53:37,4,E,781,74,0.0416666666666666,0.0,0.0091743119266055,0.0091743119266055,0.0144092219020172,0.0037878787878787,0.0554472358601778
U_30569467,C_674920,2.0,辽宁对外经贸学院,2020-06-16 20:22:26,4,E,781,87,0.0138888888888888,0.0,0.018348623853211,0.018348623853211,0.0201729106628242,0.0053030303030303,0.0603904951782085
U_30354750,C_1829948,0.0,华南理工大学,2020-06-04 16:29:15,3,D,211,61,0.1805555555555555,0.0,0.0220183486238532,0.0220183486238532,0.0288184438040345,0.0075757575757575,0.0488472052215131
U_441743,C_735164,1.0,重庆科技学院,2020-10-19 17:33:12,0,A,845,138,0.1111111111111111,0.0,0.2073394495412844,0.2788990825688073,0.1815561959654178,0.0492424242424242,0.0609097333707712
U_33224697,C_697076,0.0,辽宁对外经贸学院,2020-11-16 21:18:26,4,E,781,121,0.0416666666666666,0.0,0.073394495412844,0.073394495412844,0.0893371757925072,0.0272727272727272,0.0612102711921096
U_33017784,C_735164,1.0,昆明理工大学,2020-09-28 15:07:11,0,A,476,138,0.125,0.0,0.2165137614678899,0.291743119266055,0.2536023054755043,0.0659090909090909,0.0634557769193728
U_31817874,C_948109,1.0,辽宁对外经贸学院,2020-09-02 15:26:16,4,E,781,165,0.0416666666666666,0.0,0.0055045871559633,0.0055045871559633,0.0057636887608069,0.0121212121212121,0.0608668559944876
U_5288807,C_1875539,1.0,云南大学,2020-07-22 08:44:56,4,E,106,69,0.0694444444444444,0.0,0.018348623853211,0.018348623853211,0.0230547550432276,0.0606060606060606,0.0680975228047083
U_30452417,C_948436,2.0,辽宁对外经贸学院,2020-06-11 12:17:58,4,E,781,171,0.0416666666666666,0.0,0.0678899082568807,0.0678899082568807,0.0547550432276657,0.0303030303030303,0.0615869364133361
U_10193464,C_1731884,2.0,保山学院,2020-05-24 17:30:38,0,A,127,11,0.125,0.0,0.1706422018348624,0.2660550458715596,0.1786743515850144,0.0439393939393939,0.0639997966308687
U_2104239,C_1828106,0.0,华中科技大学,2020-08-27 19:58:38,4,E,200,59,0.0555555555555555,0.0,0.1192660550458715,0.1192660550458715,0.1585014409221901,0.0545454545454545,0.0822909179293073
U_30561161,C_1829948,0.0,辽宁对外经贸学院,2020-06-17 11:28:15,4,E,781,61,0.0416666666666666,0.0,0.0073394495412844,0.0073394495412844,0.0028818443804034,0.0007575757575757,0.0612713880436592
U_32753722,C_735164,2.0,昆明理工大学,2020-11-24 20:37:33,4,E,476,138,0.0416666666666666,0.0,0.055045871559633,0.0568807339449541,0.0864553314121037,0.0401515151515151,0.0621165745239163
U_9116833,C_1774985,0.0,中南林业科技大学,2020-06-09 15:09:40,4,E,56,46,0.0277777777777777,0.0,0.0018348623853211,0.0018348623853211,0.0028818443804034,0.0007575757575757,0.0612182048438544
U_16102717,C_786631,1.0,北华航天工业学院,2020-04-01 12:53:30,0,A,186,154,0.0138888888888888,0.0,0.1853211009174312,0.2568807339449541,0.2046109510086455,0.0734848484848484,0.0694138354758425
U_6099981,C_1017355,2.0,广州中医药大学,2020-05-01 19:53:31,2,C,423,0,0.1388888888888889,0.0,0.0825688073394495,0.0825688073394495,0.0662824207492795,0.0196969696969696,0.0756328279753714
U_30364781,C_1829948,2.0,华南理工大学,2020-06-05 10:27:47,3,D,211,61,0.0833333333333333,0.0,0.0073394495412844,0.0073394495412844,0.0028818443804034,0.0007575757575757,0.0676797977166803
U_6165861,C_735197,1.0,华南理工大学,2020-10-21 21:03:07,4,E,211,141,0.0277777777777777,0.0,0.0477064220183486,0.0477064220183486,0.0230547550432276,0.0242424242424242,0.0253548486363811
U_31060028,C_735115,1.0,辽宁对外经贸学院,2020-07-25 13:51:25,4,E,781,136,0.0972222222222222,0.0,0.5211009174311927,0.5211009174311927,0.6224783861671469,0.209090909090909,0.0740359998012536
U_5236427,C_674920,2.0,西昌幼专,2020-06-04 12:22:09,4,E,739,87,0.0,0.2,0.0587155963302752,0.0587155963302752,0.0893371757925072,0.0234848484848484,0.0641958004191054
U_31214623,C_682750,0.0,辽宁对外经贸学院,2020-08-17 12:46:08,4,E,781,115,0.0416666666666666,0.0,0.0073394495412844,0.0073394495412844,0.0028818443804034,0.0007575757575757,0.0613592822079328
U_30458039,C_1824911,0.0,昆明理工大学,2020-06-29 19:16:08,0,A,476,57,0.0416666666666666,0.0,0.0862385321100917,0.0862385321100917,0.1354466858789625,0.0356060606060606,0.0763324799838283
U_14430393,C_680814,1.0,辽宁对外经贸学院,2020-06-14 18:09:20,4,E,781,96,0.0277777777777777,0.0,0.0055045871559633,0.0055045871559633,0.0057636887608069,0.0022727272727272,0.0613030236038
U_7296841,C_758928,2.0,陕西工业职业技术学院,2020-02-24 15:24:09,4,E,876,150,0.0277777777777777,0.0,0.0880733944954128,0.0880733944954128,0.0547550432276657,0.0325757575757575,0.0653795240402001
U_30326259,C_676635,2.0,辽宁对外经贸学院,2020-06-02 18:54:33,4,E,781,89,0.0416666666666666,0.0,0.0275229357798165,0.0275229357798165,0.0201729106628242,0.0053030303030303,0.0618978989144015
U_16712593,C_735115,1.0,辽宁对外经贸学院,2020-05-25 17:07:24,4,E,781,136,0.0555555555555555,0.0,0.055045871559633,0.055045871559633,0.0403458213256484,0.0136363636363636,0.0619500322177207
U_33245035,C_735164,0.0,辽宁对外经贸学院,2020-09-21 12:58:26,4,E,781,138,0.0416666666666666,0.0,0.018348623853211,0.018348623853211,0.0288184438040345,0.0136363636363636,0.0601577202512671
U_23157042,C_823315,0.0,西安石油大学,2020-07-03 09:25:02,4,E,725,158,0.0416666666666666,0.0,0.091743119266055,0.091743119266055,0.1210374639769452,0.0348484848484848,0.0633676549473711
U_34431232,C_697076,2.0,辽宁对外经贸学院,2020-10-08 10:22:40,4,E,781,121,0.0138888888888888,0.0,0.1009174311926605,0.1009174311926605,0.1469740634005763,0.0446969696969697,0.0620602168729453
U_11247302,C_758928,1.0,广东理工职业学院,2020-05-19 16:19:48,4,E,411,150,0.0416666666666666,0.0,0.0935779816513761,0.0935779816513761,0.0720461095100864,0.0227272727272727,0.0636676925821763
U_29780265,C_1017355,2.0,华南理工大学,2020-05-05 11:30:09,3,D,211,0,0.1388888888888889,0.0,0.0678899082568807,0.0678899082568807,0.0518731988472622,0.0159090909090909,0.0805455561055079
U_30348732,C_1829948,0.0,广州中医药大学,2020-06-04 10:45:46,1,B,423,61,0.0833333333333333,0.0,0.0605504587155963,0.0935779816513761,0.0951008645533141,0.0022727272727272,0.0779104942110183
U_27995644,C_1017355,0.0,辽宁对外经贸学院,2020-03-01 20:17:21,4,E,781,0,0.0277777777777777,0.0,0.0752293577981651,0.0752293577981651,0.0489913544668587,0.031060606060606,0.0652115207931401
U_16364243,C_697155,1.0,辽宁对外经贸学院,2020-04-12 21:48:39,4,E,781,124,0.0416666666666666,0.0,0.0623853211009174,0.0623853211009174,0.0518731988472622,0.0318181818181818,0.0628246900847028
U_30836242,C_697076,1.0,辽宁对外经贸学院,2020-07-03 20:26:40,4,E,781,121,0.0416666666666666,0.0,0.0844036697247706,0.0844036697247706,0.0749279538904899,0.0333333333333333,0.0620229851664426
U_11064902,C_676646,2.0,天津商业大学,2020-08-11 20:50:14,4,E,316,90,0.0416666666666666,0.0,0.0660550458715596,0.0660550458715596,0.0547550432276657,0.0325757575757575,0.0631691403217846
U_30451008,C_1829948,1.0,中国医科大学,2020-06-11 10:56:59,2,C,69,61,0.2083333333333333,0.0,0.0073394495412844,0.0073394495412844,0.0057636887608069,0.0015151515151515,0.0606640031173852
U_30332675,C_735385,1.0,辽宁对外经贸学院,2020-06-03 10:05:59,4,E,781,146,0.0277777777777777,0.0,0.0110091743119266,0.0110091743119266,0.0028818443804034,0.0007575757575757,0.0615328073162259
U_31072973,C_682392,0.0,华南理工大学,2020-07-27 17:10:02,3,D,211,108,0.1527777777777777,0.0,0.1853211009174312,0.2844036697247706,0.0172910662824207,0.1409090909090909,0.0669604007210158
U_32929877,C_735164,1.0,昆明理工大学,2020-09-16 15:19:48,0,A,476,138,0.0138888888888888,0.0,0.1889908256880734,0.2660550458715596,0.2219020172910662,0.0575757575757575,0.0651719119625191
U_1450595,C_735164,0.0,昆明理工大学,2020-11-02 16:50:14,0,A,476,138,0.0833333333333333,0.0,0.0256880733944954,0.0275229357798165,0.0403458213256484,0.0196969696969696,0.0634674050181848
U_11283633,C_936971,1.0,汉江师范学院,2020-08-19 11:20:46,4,E,519,162,0.0416666666666666,0.0,0.0623853211009174,0.0623853211009174,0.0922190201729106,0.0318181818181818,0.0628974845584834
U_22221996,C_735283,2.0,辽宁对外经贸学院,2020-05-16 21:47:46,4,E,781,143,0.0277777777777777,0.0,0.0036697247706422,0.0036697247706422,0.0057636887608069,0.0015151515151515,0.0617258496039985
U_33224318,C_697076,1.0,辽宁对外经贸学院,2020-09-28 07:12:54,4,E,781,121,0.0416666666666666,0.0,0.0018348623853211,0.0018348623853211,0.0,0.0,0.0605184191221658
U_30435106,C_682392,2.0,华南理工大学,2020-09-03 10:23:24,3,D,211,108,0.1666666666666666,0.0,0.2036697247706422,0.3302752293577982,0.0922190201729106,0.1522727272727272,0.0760493645013403
U_34124248,C_2027893,0.0,辽宁对外经贸学院,2020-09-30 11:32:57,4,E,781,84,0.0277777777777777,0.0,0.0055045871559633,0.0055045871559633,0.0086455331412103,0.0022727272727272,0.0612330172985165
U_29076879,C_948395,1.0,辽宁对外经贸学院,2020-05-25 12:34:02,4,E,781,170,0.0416666666666666,0.0,0.018348623853211,0.018348623853211,0.0086455331412103,0.0045454545454545,0.0614033184322241
U_20305479,C_801420,0.0,南京邮电大学通达学院,2020-09-04 14:15:33,4,E,229,155,0.0277777777777777,0.0,0.0036697247706422,0.0036697247706422,0.0,0.0,0.061304449878271
U_22731311,C_766175,2.0,辽宁对外经贸学院,2020-03-11 14:54:38,4,E,781,151,0.1111111111111111,0.0,0.0770642201834862,0.0770642201834862,0.0518731988472622,0.0318181818181818,0.0646694968754352
U_34041554,C_735164,0.0,辽宁对外经贸学院,2020-09-29 13:47:39,4,E,781,138,0.0416666666666666,0.0,0.0073394495412844,0.0110091743119266,0.0057636887608069,0.003030303030303,0.0615619766100941
U_31071584,C_682392,0.0,辽宁对外经贸学院,2020-07-30 15:45:39,4,E,781,108,0.0277777777777777,0.0,0.0807339449541284,0.0807339449541284,0.0230547550432276,0.0469696969696969,0.0761017256123875
U_11129794,C_735164,0.0,昆明理工大学,2019-11-11 10:57:29,4,E,476,138,0.0416666666666666,0.0,0.0642201834862385,0.0642201834862385,0.0547550432276657,0.034090909090909,0.0607331279058082
U_29246097,C_758928,1.0,辽宁对外经贸学院,2020-04-26 12:55:23,4,E,781,150,0.0416666666666666,0.0,0.0055045871559633,0.0055045871559633,0.0057636887608069,0.0015151515151515,0.0613181133896092
U_30338353,C_674959,2.0,辽宁对外经贸学院,2020-06-04 06:32:36,4,E,781,88,0.0277777777777777,0.0,0.0036697247706422,0.0036697247706422,0.0028818443804034,0.0007575757575757,0.0616001344045345
U_12909021,C_801420,2.0,辽宁对外经贸学院,2020-08-24 22:16:53,4,E,781,155,0.0416666666666666,0.0,0.0238532110091743,0.0238532110091743,0.0201729106628242,0.006060606060606,0.0619430840820166
U_28175346,C_1017355,1.0,辽宁对外经贸学院,2020-03-03 17:05:43,4,E,781,0,0.0416666666666666,0.0,0.0715596330275229,0.0715596330275229,0.0489913544668587,0.0303030303030303,0.06214451563699
U_33007331,C_735164,1.0,昆明理工大学,2020-09-17 10:14:21,0,A,476,138,0.0972222222222222,0.0,0.018348623853211,0.0201834862385321,0.0288184438040345,0.0136363636363636,0.0632673205002117
U_29768784,C_1017355,0.0,华南理工大学,2020-05-03 12:42:37,3,D,211,0,0.1388888888888889,0.0,0.0825688073394495,0.0825688073394495,0.0547550432276657,0.0166666666666666,0.0811131192504586
U_667650,C_2059281,2.0,Cup,2020-10-03 10:46:13,4,E,8,85,0.0416666666666666,0.0,0.0091743119266055,0.0091743119266055,0.0086455331412103,0.003030303030303,0.0597124849039118
U_29428757,C_1750793,2.0,辽宁对外经贸学院,2020-05-30 19:30:42,4,E,781,17,0.0277777777777777,0.0,0.0018348623853211,0.0018348623853211,0.0028818443804034,0.0015151515151515,0.0611905559189535
U_1332909,C_1731884,2.0,保山学院,2020-04-03 09:04:45,0,A,127,11,0.0138888888888888,0.0,0.1834862385321101,0.2715596330275229,0.2161383285302593,0.05,0.063244623917224
U_13650632,C_1829948,0.0,北方民族大学,2020-06-16 16:49:56,4,E,190,61,0.0138888888888888,0.0,0.0073394495412844,0.0073394495412844,0.0028818443804034,0.0007575757575757,0.0605430867372349
U_6758188,C_1824911,0.0,重庆三峡医药高等专科学校,2020-06-11 14:13:42,4,E,822,57,0.125,0.0,0.0715596330275229,0.0715596330275229,0.0403458213256484,0.0303030303030303,0.0656185686320035
U_9812131,C_735197,0.0,辽宁对外经贸学院,2020-09-24 19:56:07,4,E,781,141,0.0416666666666666,0.0,0.0752293577981651,0.0752293577981651,0.0662824207492795,0.0189393939393939,0.0629035511773269
U_31399596,C_680897,0.0,辽宁对外经贸学院,2020-08-23 16:37:24,4,E,781,99,0.0416666666666666,0.0,0.018348623853211,0.018348623853211,0.0201729106628242,0.0053030303030303,0.0615971877610962
U_29790914,C_747056,2.0,华南理工大学,2020-05-06 10:21:05,3,D,211,147,0.1666666666666666,0.0,0.0091743119266055,0.0091743119266055,0.0028818443804034,0.0007575757575757,0.0737660476435705
U_31180079,C_1808023,0.0,辽宁对外经贸学院,2020-08-31 11:25:17,4,E,781,54,0.0277777777777777,0.0,0.0018348623853211,0.0018348623853211,0.0028818443804034,0.0007575757575757,0.0610625725468933
U_33896577,C_697076,0.0,辽宁对外经贸学院,2020-11-29 12:19:19,4,E,781,121,0.0555555555555555,0.0,0.1834862385321101,0.1834862385321101,0.1585014409221901,0.0439393939393939,0.0661036703317592
U_16102497,C_786631,1.0,北华航天工业学院,2020-04-01 11:00:44,4,E,186,154,0.0138888888888888,0.0,0.091743119266055,0.091743119266055,0.0489913544668587,0.0265151515151515,0.0644917721811998
U_17451941,C_948488,1.0,合肥工业大学宣城校区,2020-03-06 14:17:31,2,C,249,172,0.0694444444444444,0.2,0.2146788990825688,0.3229357798165138,0.270893371757925,0.0431818181818181,0.089784303466994
U_32739651,C_735164,1.0,昆明理工大学,2020-09-15 10:57:03,0,A,476,138,0.1111111111111111,0.0,0.1889908256880734,0.2752293577981651,0.2161383285302593,0.0628787878787878,0.0661180123139396
U_962218,C_735164,0.0,昆明理工大学,2020-09-23 10:06:08,0,A,476,138,0.0555555555555555,0.0,0.0256880733944954,0.0293577981651376,0.0374639769452449,0.0181818181818181,0.0593169661170221
U_16671650,C_697062,1.0,湖北科技学院,2020-04-27 09:45:09,4,E,633,120,0.0416666666666666,0.0,0.0807339449541284,0.0807339449541284,0.0662824207492795,0.0356060606060606,0.0623163272349812
U_15331149,C_1755895,2.0,昆明理工大学,2020-04-20 17:08:53,0,A,476,20,0.1111111111111111,0.0,0.2073394495412844,0.2660550458715596,0.2363112391930835,0.0704545454545454,0.0697793975464998
U_5076363,C_735197,0.0,华南理工大学,2020-09-24 19:01:17,4,E,211,141,0.0416666666666666,0.0,0.0752293577981651,0.0752293577981651,0.0518731988472622,0.0143939393939393,0.0635470238191217
U_8753142,C_735164,1.0,沈阳理工大学,2020-11-26 23:13:57,4,E,540,138,0.0416666666666666,0.0,0.0091743119266055,0.0165137614678899,0.0086455331412103,0.0037878787878787,0.0615898880091163
U_30652013,C_1828106,0.0,辽宁对外经贸学院,2020-06-22 20:33:25,4,E,781,59,0.0277777777777777,0.0,0.0678899082568807,0.0678899082568807,0.0778097982708933,0.0287878787878787,0.0614271540538519
U_31257165,C_801420,0.0,辽宁对外经贸学院,2020-08-19 18:32:59,4,E,781,155,0.0277777777777777,0.0,0.0018348623853211,0.0018348623853211,0.0,0.0,0.0612796980733893
U_19974513,C_948120,0.0,广州中医药大学,2020-10-13 17:04:13,1,B,423,167,0.1805555555555555,0.0,0.0275229357798165,0.0275229357798165,0.031700288184438,0.0083333333333333,0.0375754894795553
U_6100122,C_1017355,1.0,广州中医药大学,2020-05-03 22:04:50,1,B,423,0,0.0972222222222222,0.0,0.0788990825688073,0.0788990825688073,0.1066282420749279,0.0371212121212121,0.1113044675379554
U_34688211,C_735164,1.0,辽宁对外经贸学院,2020-10-22 16:30:41,4,E,781,138,0.0138888888888888,0.0,0.036697247706422,0.0422018348623853,0.0547550432276657,0.0257575757575757,0.068571373620033
U_30054445,C_674920,1.0,辽宁对外经贸学院,2020-05-19 14:37:48,4,E,781,87,0.0416666666666666,0.0,0.036697247706422,0.036697247706422,0.0432276657060518,0.0113636363636363,0.0614246035977666
U_20235811,C_948395,2.0,中国医科大学,2020-05-29 22:17:58,2,C,69,170,0.1666666666666666,0.0,0.110091743119266,0.110091743119266,0.0951008645533141,0.05,0.0755473456016094
U_23958971,C_735197,0.0,辽宁对外经贸学院,2020-09-03 09:44:09,4,E,781,141,0.0416666666666666,0.0,0.0165137614678899,0.0165137614678899,0.0201729106628242,0.0098484848484848,0.0613353227777573
U_637903,C_707358,1.0,北京吉利学院,2020-05-17 23:08:09,1,B,163,134,0.0138888888888888,0.0,0.2073394495412844,0.3192660550458716,0.2766570605187319,0.0727272727272727,0.1024129140109709
U_33189596,C_735197,2.0,广州中医药大学,2020-09-21 22:13:39,1,B,423,141,0.1944444444444444,0.0,0.0458715596330275,0.0458715596330275,0.0432276657060518,0.0121212121212121,0.0244297418932953
U_16634348,C_1844112,1.0,内蒙古大学,2020-08-19 08:09:19,0,A,145,63,0.1805555555555555,0.0,0.3651376146788991,0.3834862385321101,0.5648414985590777,0.5924242424242424,0.3658883717352002
U_5341725,C_1750793,0.0,昆明理工大学,2020-05-21 10:13:49,0,A,476,17,0.125,0.0,0.0275229357798165,0.0275229357798165,0.0230547550432276,0.0121212121212121,0.0704466860005546
U_32852374,C_735164,1.0,昆明理工大学,2020-11-06 21:47:45,0,A,476,138,0.1111111111111111,0.0,0.181651376146789,0.2587155963302752,0.1613832853025936,0.05,0.0709215363525503
U_14431163,C_697076,2.0,辽宁对外经贸学院,2020-09-14 14:44:03,4,E,781,121,0.0416666666666666,0.0,0.0091743119266055,0.0091743119266055,0.0057636887608069,0.0015151515151515,0.0607520805183096
U_31400016,C_697076,1.0,辽宁对外经贸学院,2020-09-20 12:15:59,4,E,781,121,0.0555555555555555,0.0,0.1669724770642202,0.1669724770642202,0.2103746397694524,0.0628787878787878,0.0650621802515674
U_13386387,C_697107,2.0,昆明理工大学津桥学院,2020-07-07 10:38:36,4,E,480,122,0.0416666666666666,0.0,0.0238532110091743,0.0238532110091743,0.0288184438040345,0.009090909090909,0.0615816819785663
U_11063493,C_735130,2.0,辽宁对外经贸学院,2020-09-03 09:06:54,4,E,781,137,0.0416666666666666,0.0,0.0403669724770642,0.0403669724770642,0.0432276657060518,0.0113636363636363,0.0621718426596665
U_29006472,C_948436,0.0,辽宁对外经贸学院,2020-06-17 15:00:50,4,E,781,171,0.0416666666666666,0.0,0.0697247706422018,0.0697247706422018,0.0489913544668587,0.034090909090909,0.0626205842650963
U_32538781,C_735164,1.0,华南理工大学,2020-09-16 10:06:47,3,D,211,138,0.0138888888888888,0.0,0.0990825688073394,0.1321100917431192,0.1469740634005763,0.0696969696969697,0.0819343562052241
U_20019256,C_697367,1.0,辽宁对外经贸学院,2020-05-12 22:45:32,4,E,781,127,0.0416666666666666,0.0,0.0091743119266055,0.0091743119266055,0.0086455331412103,0.0022727272727272,0.0614174276543345
U_33230711,C_1912004,2.0,辽宁对外经贸学院,2020-09-21 12:46:54,4,E,781,74,0.0277777777777777,0.0,0.0055045871559633,0.0055045871559633,0.0057636887608069,0.0015151515151515,0.0618303786847583
U_25727130,C_735197,0.0,辽宁石油化工大学,2020-09-09 13:40:34,4,E,790,141,0.0416666666666666,0.0,0.055045871559633,0.055045871559633,0.0461095100864553,0.0121212121212121,0.0621001030347134
U_14654823,C_786631,2.0,北华航天工业学院,2020-04-13 20:56:10,0,A,186,154,0.1111111111111111,0.0,0.1853211009174312,0.2623853211009174,0.2190201729106628,0.0795454545454545,0.0699208413838799
U_8488556,C_735197,0.0,华南理工大学,2020-09-17 21:53:58,3,D,211,141,0.1527777777777777,0.0,0.1743119266055046,0.2770642201834862,0.0720461095100864,0.1674242424242424,0.0841251236973218
U_1941727,C_1828106,2.0,齐齐哈尔医学院,2020-09-12 20:18:28,4,E,912,59,0.0416666666666666,0.0,0.0697247706422018,0.0697247706422018,0.0518731988472622,0.0295454545454545,0.0591460261312077
U_33011346,C_697076,2.0,辽宁对外经贸学院,2020-09-17 11:14:56,4,E,781,121,0.0416666666666666,0.0,0.018348623853211,0.018348623853211,0.0259365994236311,0.0075757575757575,0.0663345578335961
U_33138312,C_735164,1.0,昆明理工大学,2020-09-19 08:33:32,0,A,476,138,0.0972222222222222,0.0,0.0091743119266055,0.0165137614678899,0.0086455331412103,0.003030303030303,0.0644480628114748
U_29455173,C_1714448,0.0,辽宁对外经贸学院,2020-04-19 15:45:37,4,E,781,8,0.0416666666666666,0.0,0.0642201834862385,0.0642201834862385,0.0489913544668587,0.034090909090909,0.0629819219881017
U_10208793,C_1714448,1.0,中国医科大学,2020-05-08 15:59:15,4,E,69,8,0.0416666666666666,0.0,0.1192660550458715,0.1192660550458715,0.0778097982708933,0.0204545454545454,0.065016799661459
U_4121803,C_1017355,1.0,广州中医药大学,2020-03-12 15:18:49,3,D,423,0,0.0555555555555555,0.0,0.1724770642201835,0.1981651376146789,0.1095100864553314,0.1348484848484848,0.0826224246859463
U_30558710,C_1750793,1.0,昆明理工大学,2020-06-16 14:17:51,0,A,476,17,0.0833333333333333,0.0,0.036697247706422,0.036697247706422,0.0547550432276657,0.0287878787878787,0.0700133758925261
U_16116362,C_786631,1.0,北华航天工业学院,2020-04-05 16:48:26,3,D,186,154,0.0277777777777777,0.0,0.1908256880733945,0.1908256880733945,0.1585014409221901,0.1022727272727272,0.082771465415821
U_13949255,C_1828108,0.0,西北工业大学明德学院,2020-06-07 15:22:11,4,E,704,60,0.0416666666666666,0.0,0.0073394495412844,0.0073394495412844,0.0086455331412103,0.0022727272727272,0.0613157956935939
U_31189223,C_676646,1.0,辽宁对外经贸学院,2020-08-26 17:46:22,4,E,781,90,0.0277777777777777,0.0,0.0091743119266055,0.0091743119266055,0.0086455331412103,0.0022727272727272,0.0612978087877655
U_12467095,C_1714448,1.0,辽宁对外经贸学院,2020-04-22 11:10:38,4,E,781,8,0.0416666666666666,0.0,0.0660550458715596,0.0660550458715596,0.0518731988472622,0.0325757575757575,0.0625386972915632
U_29938624,C_735115,0.0,辽宁对外经贸学院,2020-05-12 11:02:39,4,E,781,136,0.0694444444444444,0.0,0.2201834862385321,0.2201834862385321,0.340057636887608,0.1189393939393939,0.0650753511998975
U_6132128,C_1017355,1.0,广州中医药大学,2020-03-08 00:16:48,1,B,423,0,0.2083333333333333,0.0,0.0403669724770642,0.0532110091743119,0.063400576368876,0.0265151515151515,0.1162262138827156
U_31397367,C_677087,0.0,辽宁对外经贸学院,2020-08-23 11:12:47,4,E,781,92,0.0416666666666666,0.0,0.036697247706422,0.036697247706422,0.0432276657060518,0.0113636363636363,0.0622590038773371
U_5442545,C_2141845,0.0,宝鸡文理学院,2020-09-14 21:11:59,0,A,356,86,0.0972222222222222,0.0,0.055045871559633,0.055045871559633,0.0835734870317002,0.0219696969696969,0.0693432002231359
U_16747816,C_681031,2.0,辽宁对外经贸学院,2020-06-12 13:36:20,4,E,781,101,0.0277777777777777,0.0,0.0055045871559633,0.0055045871559633,0.0086455331412103,0.003030303030303,0.0612644300032712
U_30626001,C_682392,0.0,昆明理工大学,2020-07-30 18:23:25,0,A,476,108,0.1805555555555555,0.0,0.4495412844036697,0.4495412844036697,0.6224783861671469,0.2151515151515151,0.0642634741713479
U_1414430,C_1750793,2.0,北京体育大学,2020-06-07 14:23:56,0,A,159,17,0.0694444444444444,0.0,0.036697247706422,0.036697247706422,0.0547550432276657,0.0287878787878787,0.0698251175670416
U_1007999,C_735164,0.0,昆明理工大学,2020-11-29 12:04:40,0,A,476,138,0.125,0.0,0.2862385321100917,0.3064220183486238,0.4322766570605187,0.1553030303030303,0.0699409875107824
U_30371513,C_697076,1.0,辽宁对外经贸学院,2020-07-20 09:26:57,4,E,781,121,0.0416666666666666,0.0,0.0091743119266055,0.0091743119266055,0.0086455331412103,0.003030303030303,0.0607144872908473
U_7751021,C_1017355,1.0,昆明理工大学,2020-04-26 14:39:01,0,A,476,0,0.0138888888888888,0.0,0.2036697247706422,0.2678899082568807,0.2132564841498559,0.0727272727272727,0.0681954603183818
U_32116737,C_1771170,1.0,辽宁对外经贸学院,2020-09-07 14:36:28,4,E,781,40,0.0277777777777777,0.0,0.0036697247706422,0.0036697247706422,0.0028818443804034,0.0007575757575757,0.0611219016030122
U_32753964,C_735164,1.0,昆明理工大学,2020-10-31 19:59:11,0,A,476,138,0.0277777777777777,0.0,0.2862385321100917,0.3412844036697248,0.446685878962536,0.1628787878787878,0.070397712291376
U_29823667,C_756642,0.0,辽宁对外经贸学院,2020-05-07 23:35:24,4,E,781,149,0.0416666666666666,0.0,0.0660550458715596,0.0660550458715596,0.0547550432276657,0.0318181818181818,0.0631064189114552
U_32612469,C_735164,1.0,昆明理工大学,2020-11-30 13:35:53,4,E,476,138,0.0416666666666666,0.0,0.055045871559633,0.055045871559633,0.0864553314121037,0.0401515151515151,0.0614759890974569
U_14914981,C_674920,2.0,西昌幼专,2020-06-04 12:16:53,4,E,739,87,0.0416666666666666,0.0,0.018348623853211,0.018348623853211,0.0259365994236311,0.0068181818181818,0.0558328598679251
U_30366235,C_1829948,1.0,辽宁对外经贸学院,2020-06-05 11:23:39,4,E,781,61,0.0416666666666666,0.0,0.0844036697247706,0.0844036697247706,0.063400576368876,0.0318181818181818,0.063714665545222
U_31136828,C_696575,0.0,辽宁对外经贸学院,2020-10-27 19:39:45,4,E,781,116,0.0416666666666666,0.0,0.110091743119266,0.110091743119266,0.1585014409221901,0.0416666666666666,0.0635688537422746
U_17894682,C_786631,2.0,北华航天工业学院,2020-04-23 11:55:11,0,A,186,154,0.0277777777777777,0.0,0.218348623853211,0.2752293577981651,0.2190201729106628,0.0719696969696969,0.0754627199829984
U_12292687,C_948488,1.0,昆明理工大学,2020-03-06 14:18:23,0,A,476,172,0.0416666666666666,0.0,0.1743119266055046,0.2348623853211009,0.1671469740634005,0.0787878787878787,0.0634668949269677
U_30938214,C_735283,0.0,辽宁对外经贸学院,2020-07-18 10:12:53,4,E,781,143,0.0277777777777777,0.0,0.0036697247706422,0.0036697247706422,0.0,0.0,0.061793870020175
U_29774621,C_1017355,0.0,华南理工大学,2020-05-04 11:32:13,3,D,211,0,0.1388888888888889,0.0,0.0715596330275229,0.0715596330275229,0.031700288184438,0.0083333333333333,0.0809452200025788
U_10844833,C_735164,0.0,桂林理工大学,2020-09-17 10:14:28,4,E,497,138,0.0416666666666666,0.0,0.0091743119266055,0.0146788990825688,0.0057636887608069,0.0022727272727272,0.0656319379159133
U_18177027,C_948113,2.0,西安思源学院,2020-05-07 16:53:36,3,D,721,166,0.4583333333333333,0.0,0.2642201834862385,0.2642201834862385,0.2651296829971181,0.075,0.083343515382545
U_887363,C_735164,0.0,昆明理工大学,2020-12-07 09:32:07,0,A,476,138,0.125,0.0,0.2844036697247706,0.2954128440366972,0.4351585014409221,0.1583333333333333,0.0695247283159606
U_12618718,C_697076,2.0,长沙理工大学,2020-09-08 19:24:43,0,A,862,121,0.125,0.0,0.1981651376146789,0.2825688073394495,0.2161383285302593,0.0613636363636363,0.0704930052544679
U_33007681,C_735164,2.0,昆明理工大学,2020-09-17 10:17:34,0,A,476,138,0.125,0.0,0.1944954128440367,0.2770642201834862,0.2507204610951008,0.0704545454545454,0.0658138147119274
U_10490496,C_1824926,0.0,武汉职业技术学院,2020-08-26 12:11:08,0,A,511,58,0.0138888888888888,0.0,0.3394495412844037,0.3394495412844037,0.5273775216138328,0.1818181818181818,0.0685342054575797
U_25885365,C_735283,0.0,辽宁对外经贸学院,2020-05-09 17:51:00,4,E,781,143,0.0138888888888888,0.0,0.0073394495412844,0.0073394495412844,0.0057636887608069,0.0015151515151515,0.0606344723025574
U_32891654,C_735164,1.0,昆明理工大学,2020-11-17 08:58:36,0,A,476,138,0.1111111111111111,0.0,0.1798165137614679,0.2587155963302752,0.170028818443804,0.0469696969696969,0.0695131794546193
U_6758654,C_1824911,2.0,重庆三峡高等专科学校,2020-06-02 10:22:47,4,E,827,57,0.0277777777777777,0.0,0.1027522935779816,0.1027522935779816,0.0489913544668587,0.0257575757575757,0.0644560757006902
U_32992790,C_735164,1.0,昆明理工大学,2020-10-08 11:05:02,0,A,476,138,0.1111111111111111,0.0,0.018348623853211,0.0238532110091743,0.0230547550432276,0.0106060606060606,0.0608026043105071
U_12089988,C_948488,2.0,中国医科大学,2020-03-06 14:38:16,2,C,69,172,0.0972222222222222,0.0,0.2018348623853211,0.2018348623853211,0.1671469740634005,0.0613636363636363,0.0788005934800854
U_32727908,C_735164,2.0,昆明理工大学,2020-11-17 10:19:22,4,E,476,138,0.0416666666666666,0.0,0.055045871559633,0.055045871559633,0.0864553314121037,0.0401515151515151,0.0620573593716614
U_26653262,C_747056,0.0,辽宁对外经贸学院,2020-04-16 10:48:29,4,E,781,147,0.0416666666666666,0.0,0.0715596330275229,0.0715596330275229,0.0547550432276657,0.0303030303030303,0.0629840316857567
U_30013678,C_786631,2.0,华南理工大学,2020-05-16 16:15:17,3,D,211,154,0.1388888888888889,0.0,0.0256880733944954,0.0256880733944954,0.0115273775216138,0.0037878787878787,0.0793114027867121
U_6760928,C_1824911,2.0,重庆三峡医药高等专科学校,2020-06-10 18:06:13,4,E,822,57,0.0277777777777777,0.0,0.0623853211009174,0.0623853211009174,0.0922190201729106,0.0242424242424242,0.0622503125172796
U_30593449,C_1829948,0.0,辽宁对外经贸学院,2020-06-18 08:47:19,4,E,781,61,0.0416666666666666,0.0,0.0825688073394495,0.0825688073394495,0.0979827089337175,0.0257575757575757,0.0632412365153555
U_12156394,C_682392,0.0,陕西工业职业技术学院,2020-09-09 08:18:39,0,A,876,108,0.125,0.0,0.2201834862385321,0.3137614678899083,0.2190201729106628,0.0537878787878787,0.0603437698322584
U_31682403,C_697076,2.0,辽宁对外经贸学院,2020-08-31 07:59:22,4,E,781,121,0.0416666666666666,0.0,0.018348623853211,0.018348623853211,0.0172910662824207,0.0045454545454545,0.0611469753101183
U_7866601,C_697265,1.0,辽宁对外经贸学院,2020-08-08 00:17:04,4,E,781,125,0.0277777777777777,0.0,0.0018348623853211,0.0018348623853211,0.0028818443804034,0.0007575757575757,0.0612276638169084
U_6653455,C_756642,2.0,辽宁对外经贸学院,2020-05-11 17:58:26,4,E,781,149,0.0277777777777777,0.0,0.0091743119266055,0.0091743119266055,0.0028818443804034,0.0007575757575757,0.061163233848619
U_6758125,C_1824911,2.0,重庆三峡医药高等专科学校,2020-06-05 15:36:32,4,E,822,57,0.0416666666666666,0.0,0.0770642201834862,0.0770642201834862,0.0403458213256484,0.0265151515151515,0.061949160605544
U_30974709,C_1755940,0.0,辽宁对外经贸学院,2020-08-05 11:05:20,4,E,781,23,0.0416666666666666,0.0,0.0091743119266055,0.0091743119266055,0.0086455331412103,0.0022727272727272,0.0613626299910661
U_14850216,C_1992929,2.0,昆明理工大学,2020-11-24 13:50:00,0,A,476,81,0.1111111111111111,0.0,0.1669724770642202,0.1669724770642202,0.2622478386167147,0.0689393939393939,0.066325654105672
U_14955741,C_1914506,1.0,辽宁对外经贸学院,2020-07-30 17:21:42,4,E,781,75,0.0416666666666666,0.0,0.0715596330275229,0.0715596330275229,0.0489913544668587,0.0356060606060606,0.062340499615859
U_11970359,C_948488,1.0,合肥工业大学,2020-03-06 14:55:40,0,A,248,172,0.0416666666666666,0.0,0.1871559633027523,0.2678899082568807,0.2132564841498559,0.059090909090909,0.0680107577743908
U_32385678,C_697076,1.0,昆明理工大学,2020-09-10 19:34:15,0,A,476,121,0.0972222222222222,0.0,0.0091743119266055,0.0091743119266055,0.0057636887608069,0.0015151515151515,0.0567539360356586
U_14530628,C_1017355,1.0,广州中医药大学,2020-05-05 14:44:19,1,B,423,0,0.1388888888888889,0.0,0.0825688073394495,0.0825688073394495,0.1095100864553314,0.0378787878787878,0.1118181937739689
U_12479995,C_697062,0.0,湖北科技学院,2020-04-26 11:17:18,0,A,633,120,0.1111111111111111,0.0,0.1871559633027523,0.2697247706422018,0.1959654178674351,0.0537878787878787,0.0673641057290879
U_33499344,C_2027893,2.0,辽宁对外经贸学院,2020-09-23 14:31:48,4,E,781,84,0.0416666666666666,0.0,0.0110091743119266,0.0110091743119266,0.0144092219020172,0.0053030303030303,0.0613840934409175
U_30474940,C_1628052,1.0,华南理工大学,2020-06-15 11:36:58,3,D,211,5,0.125,0.0,0.2055045871559633,0.2055045871559633,0.1354466858789625,0.1098484848484848,0.08745689095683
U_29957796,C_747056,1.0,辽宁对外经贸学院,2020-05-13 11:30:47,4,E,781,147,0.0416666666666666,0.0,0.0348623853211009,0.0348623853211009,0.0230547550432276,0.0068181818181818,0.0627799605325436
U_15357858,C_1806527,1.0,昆明理工大学,2020-09-02 10:22:53,0,A,476,53,0.0138888888888888,0.0,0.0036697247706422,0.0036697247706422,0.0028818443804034,0.0075757575757575,0.0716883619267165
U_29840192,C_756642,2.0,辽宁对外经贸学院,2020-05-08 11:09:02,4,E,781,149,0.0277777777777777,0.0,0.0018348623853211,0.0018348623853211,0.0028818443804034,0.0007575757575757,0.0614838385593892
U_33655938,C_697076,2.0,辽宁对外经贸学院,2020-11-19 12:43:46,4,E,781,121,0.0416666666666666,0.0,0.0807339449541284,0.0807339449541284,0.0576368876080691,0.0333333333333333,0.0630521313394038
U_15300560,C_735385,0.0,辽宁对外经贸学院,2020-06-13 09:32:49,4,E,781,146,0.0277777777777777,0.0,0.0018348623853211,0.0018348623853211,0.0,0.0,0.0611897189731702
U_30661047,C_1714448,2.0,辽宁对外经贸学院,2020-06-23 14:21:21,4,E,781,8,0.0138888888888888,0.0,0.0073394495412844,0.0073394495412844,0.0086455331412103,0.0022727272727272,0.0613167663526089
U_33329299,C_697076,2.0,辽宁对外经贸学院,2020-10-06 13:38:14,4,E,781,121,0.0416666666666666,0.0,0.036697247706422,0.036697247706422,0.0461095100864553,0.0136363636363636,0.0614000597912453
U_33329492,C_697076,2.0,辽宁对外经贸学院,2020-11-22 14:39:47,4,E,781,121,0.0555555555555555,0.0,0.1669724770642202,0.1669724770642202,0.1873198847262247,0.059090909090909,0.0650489651221845
U_33713436,C_697076,0.0,辽宁对外经贸学院,2020-11-16 16:47:59,4,E,781,121,0.0277777777777777,0.0,0.0862385321100917,0.0862385321100917,0.0576368876080691,0.0227272727272727,0.0620184191071987
U_7139481,C_676676,2.0,深圳信息职业技术学院,2020-04-22 01:04:16,4,E,610,91,0.0416666666666666,0.0,0.0587155963302752,0.0587155963302752,0.0576368876080691,0.0318181818181818,0.060560578408872
U_15397130,C_1017355,1.0,华南理工大学,2020-05-04 19:41:24,3,D,211,0,0.1388888888888889,0.0,0.0825688073394495,0.0825688073394495,0.0288184438040345,0.009090909090909,0.0814228089996524
U_28161292,C_1736024,2.0,广州中医药大学,2020-05-17 14:17:14,4,E,423,14,0.0416666666666666,0.0,0.0110091743119266,0.0110091743119266,0.0172910662824207,0.0075757575757575,0.0613240611522469
U_31277148,C_735130,0.0,昆明理工大学,2020-08-21 16:56:57,0,A,476,137,0.0416666666666666,0.0,0.0,0.0275229357798165,0.0,0.0393939393939393,0.1099975841258238
U_22867204,C_823315,0.0,西安石油大学,2020-07-02 09:54:49,4,E,725,158,0.0833333333333333,0.0,0.091743119266055,0.091743119266055,0.1037463976945244,0.0287878787878787,0.0636258353883267
U_33920439,C_2059281,0.0,辽宁对外经贸学院,2020-09-28 11:01:51,4,E,781,85,0.0416666666666666,0.0,0.0110091743119266,0.0110091743119266,0.0144092219020172,0.0053030303030303,0.0618411054573421
U_4686470,C_682392,0.0,陕西工业职业技术学院,2019-11-01 22:39:25,3,D,876,108,0.4166666666666666,0.0,0.1596330275229358,0.3339449541284404,0.0979827089337175,0.156060606060606,0.0800441958672514
U_5256561,C_674920,0.0,西昌民族幼儿师范高等专科学校,2020-06-12 11:15:50,4,E,751,87,0.0416666666666666,0.0,0.018348623853211,0.018348623853211,0.0201729106628242,0.0053030303030303,0.0644300759056464
U_19946684,C_948395,2.0,西安美术学院,2020-05-12 18:18:06,0,A,727,170,0.0972222222222222,0.0,0.055045871559633,0.055045871559633,0.0806916426512968,0.0469696969696969,0.0651408805880917
U_16632692,C_676646,1.0,辽宁对外经贸学院,2020-08-28 15:16:07,4,E,781,90,0.0277777777777777,0.0,0.018348623853211,0.018348623853211,0.0172910662824207,0.0045454545454545,0.0014847867061584
U_20273587,C_823315,0.0,西安石油大学,2020-06-16 18:23:32,4,E,725,158,0.0277777777777777,0.0,0.0715596330275229,0.0715596330275229,0.0461095100864553,0.0303030303030303,0.0640942922669126
U_14749921,C_1918363,0.0,新乡医学院三全学院,2020-10-30 07:54:57,0,A,461,76,0.0972222222222222,0.0,0.1908256880733945,0.2752293577981651,0.2046109510086455,0.0727272727272727,0.0719095830399746
U_33442625,C_697076,0.0,辽宁对外经贸学院,2020-11-30 19:58:35,4,E,781,121,0.0555555555555555,0.0,0.2238532110091743,0.2238532110091743,0.2593659942363112,0.0856060606060606,0.0665009125336347
U_6902183,C_756642,2.0,中国医科大学,2020-05-11 17:28:33,2,C,69,149,0.1527777777777777,0.0,0.1743119266055046,0.1743119266055046,0.1930835734870317,0.0636363636363636,0.0796497616432407
U_28293935,C_735283,0.0,辽宁对外经贸学院,2020-03-04 15:40:49,4,E,781,143,0.0138888888888888,0.0,0.0642201834862385,0.0642201834862385,0.0403458213256484,0.0295454545454545,0.0623147672472786
U_29841870,C_756642,2.0,昆明理工大学,2020-05-08 12:30:40,0,A,476,149,0.0972222222222222,0.0,0.2201834862385321,0.2660550458715596,0.2161383285302593,0.1015151515151515,0.0764782026446213
U_30904175,C_801420,0.0,辽宁对外经贸学院,2020-07-08 19:45:26,4,E,781,155,0.0277777777777777,0.0,0.0018348623853211,0.0018348623853211,0.0,0.0,0.0612796980733893
U_30573709,C_735321,0.0,辽宁对外经贸学院,2020-06-17 08:36:41,4,E,781,145,0.0416666666666666,0.0,0.0036697247706422,0.0036697247706422,0.0,0.0,0.057248972133292
U_17896590,C_786631,1.0,北华航天工业学院,2020-04-23 11:45:07,0,A,186,154,0.0138888888888888,0.0,0.181651376146789,0.2605504587155963,0.1844380403458213,0.0666666666666666,0.0679892200394108
U_33222224,C_697076,2.0,辽宁对外经贸学院,2020-09-21 12:26:36,4,E,781,121,0.0416666666666666,0.0,0.036697247706422,0.036697247706422,0.0403458213256484,0.0113636363636363,0.0616731764954108
U_31210315,C_801420,2.0,辽宁对外经贸学院,2020-08-16 15:05:37,4,E,781,155,0.0277777777777777,0.0,0.0036697247706422,0.0036697247706422,0.0,0.0,0.0613551222407258
U_30188638,C_1714448,0.0,中国医科大学,2020-05-27 08:21:50,2,C,69,8,0.1388888888888889,0.0,0.1449541284403669,0.1449541284403669,0.0461095100864553,0.0121212121212121,0.0779545948157545
U_29758144,C_1017355,0.0,华南理工大学,2020-05-02 15:35:31,3,D,211,0,0.1388888888888889,0.0,0.0825688073394495,0.0825688073394495,0.0403458213256484,0.0113636363636363,0.0812921266012495
U_15103890,C_682392,1.0,陕西工业职业技术学院,2020-09-02 09:03:15,4,E,876,108,0.0416666666666666,0.0,0.0568807339449541,0.0568807339449541,0.0662824207492795,0.028030303030303,0.0619876799209441
U_30627230,C_1829948,2.0,华南理工大学,2020-06-20 14:51:56,3,D,211,61,0.125,0.0,0.2844036697247706,0.2844036697247706,0.3631123919308357,0.0954545454545454,0.0659896872302873
U_701018,C_801420,0.0,清华大学,2020-07-28 00:21:32,4,E,612,155,0.0416666666666666,0.0,0.0201834862385321,0.0201834862385321,0.0230547550432276,0.0068181818181818,0.0602830937391391
U_19406506,C_697076,1.0,长沙理工大学,2020-09-08 19:24:38,0,A,862,121,0.0138888888888888,0.0,0.0091743119266055,0.0091743119266055,0.0086455331412103,0.0022727272727272,0.0652606232632085
U_30041844,C_696917,2.0,辽宁对外经贸学院,2020-06-16 09:53:49,4,E,781,119,0.0416666666666666,0.0,0.036697247706422,0.036697247706422,0.0230547550432276,0.006060606060606,0.0628580490598294
U_3206953,C_735164,0.0,长沙理工大学,2020-11-27 20:28:50,0,A,862,138,0.125,0.0,0.2862385321100917,0.3247706422018349,0.4207492795389049,0.1515151515151515,0.0680789267608246
U_31100800,C_682392,0.0,昆明理工大学,2020-08-09 08:52:21,0,A,476,108,0.1388888888888889,0.0,0.4495412844036697,0.4495412844036697,0.7060518731988472,0.2469696969696969,0.062833683537617
U_11634555,C_1778562,0.0,南开大学,2020-09-18 13:24:07,3,D,231,49,0.1388888888888889,0.0,0.1889908256880734,0.1889908256880734,0.1844380403458213,0.1037878787878787,0.0776962212334643
U_32059520,C_801420,1.0,辽宁对外经贸学院,2020-09-05 21:01:04,4,E,781,155,0.0416666666666666,0.0,0.0311926605504587,0.0311926605504587,0.0374639769452449,0.0106060606060606,0.0620406947411238
U_12061291,C_735197,0.0,华南理工大学,2020-10-02 00:03:24,4,E,211,141,0.0416666666666666,0.0,0.1045871559633027,0.1045871559633027,0.0432276657060518,0.0272727272727272,0.0572782899974176
U_31757193,C_682392,0.0,昆明理工大学,2020-09-01 11:20:36,0,A,476,108,0.1666666666666666,0.0,0.3009174311926605,0.3009174311926605,0.4610951008645533,0.156060606060606,0.1208062468746393
U_7207711,C_1017355,1.0,广州中医药大学,2020-05-04 17:05:48,0,A,423,0,0.1944444444444444,0.0,0.0825688073394495,0.0825688073394495,0.1066282420749279,0.0371212121212121,0.0687701895020808
U_18928793,C_707103,1.0,辽宁对外经贸学院,2020-11-30 22:11:22,4,E,781,133,0.0416666666666666,0.0,0.055045871559633,0.055045871559633,0.031700288184438,0.0098484848484848,0.0627865966707072
U_6075891,C_1829948,1.0,北方民族大学,2020-06-04 10:56:16,1,B,190,61,0.3333333333333333,0.0,0.4770642201834862,0.4770642201834862,0.3602305475504322,0.0946969696969697,0.1031985337226974
U_33220415,C_697076,0.0,辽宁对外经贸学院,2020-10-14 08:21:38,4,E,781,121,0.0416666666666666,0.0,0.055045871559633,0.055045871559633,0.0662824207492795,0.0204545454545454,0.0622587414032157
U_28355663,C_1738818,1.0,安徽工业大学,2020-06-15 19:28:03,4,E,344,15,0.0277777777777777,0.0,0.0055045871559633,0.0055045871559633,0.0028818443804034,0.0015151515151515,0.0613536464428357
U_29481679,C_735283,2.0,辽宁对外经贸学院,2020-04-20 14:05:35,4,E,781,143,0.0416666666666666,0.0,0.0752293577981651,0.0752293577981651,0.0518731988472622,0.0348484848484848,0.0632711981839297
U_5075999,C_1864065,0.0,湖北理工学院,2020-06-22 19:21:46,4,E,631,67,0.0138888888888888,0.0,0.0770642201834862,0.0770642201834862,0.1210374639769452,0.0621212121212121,0.0614303235526762
U_15400515,C_677087,0.0,辽宁对外经贸学院,2020-11-17 12:05:03,4,E,781,92,0.0416666666666666,0.0,0.1045871559633027,0.1045871559633027,0.1268011527377521,0.0333333333333333,0.0638482004925668
U_32904356,C_735164,1.0,昆明理工大学,2020-09-20 22:24:42,0,A,476,138,0.1111111111111111,0.0,0.2128440366972477,0.2128440366972477,0.2968299711815562,0.0,0.0710461570844515
U_8935803,C_735197,2.0,华南理工大学,2020-09-27 14:00:05,4,E,211,141,0.0138888888888888,0.0,0.0165137614678899,0.0165137614678899,0.0259365994236311,0.0121212121212121,0.0611519722231086
U_6538544,C_1829948,2.0,北方民族大学,2020-06-05 12:08:31,2,C,190,61,0.2083333333333333,0.0,0.3596330275229358,0.3596330275229358,0.5331412103746397,0.1401515151515151,0.0687364739583364
U_5277651,C_674920,0.0,西昌民族幼儿师范,2020-06-29 09:05:17,4,E,747,87,0.0416666666666666,0.0,0.055045871559633,0.055045871559633,0.0691642651296829,0.025,0.0584828184068893
U_31060998,C_735115,1.0,中国医科大学,2020-07-25 16:15:09,2,C,69,136,0.2222222222222222,0.0,0.5211009174311927,0.5211009174311927,0.7953890489913544,0.2765151515151515,0.0696905030091597
U_5795391,C_1824911,2.0,重庆三峡医药高等专科学校,2020-06-11 12:21:44,4,E,822,57,0.0416666666666666,0.0,0.0073394495412844,0.0073394495412844,0.0115273775216138,0.003030303030303,0.0531280491899315
U_31060223,C_735115,1.0,昆明理工大学,2020-07-25 14:01:50,0,A,476,136,0.0277777777777777,0.0,0.5211009174311927,0.5211009174311927,0.4034582132564841,0.1143939393939394,0.0758965599916116
U_14424233,C_735050,1.0,昆明理工大学,2020-05-27 11:17:35,0,A,476,135,0.125,0.0,0.2238532110091743,0.2238532110091743,0.3429394812680115,0.0901515151515151,0.066418431279072
U_13827877,C_1774985,0.0,辽宁对外经贸学院,2020-06-10 08:56:14,4,E,781,46,0.0277777777777777,0.0,0.0055045871559633,0.0055045871559633,0.0057636887608069,0.0015151515151515,0.061239940672511
U_30938188,C_697144,0.0,辽宁对外经贸学院,2020-07-12 15:21:37,4,E,781,123,0.0555555555555555,0.0,0.2899082568807339,0.2899082568807339,0.2622478386167147,0.0712121212121212,0.0693442550719634
U_5732083,C_1824911,2.0,重庆三峡医药高等专科学校,2020-06-05 11:33:13,4,E,822,57,0.0277777777777777,0.0,0.0201834862385321,0.0201834862385321,0.031700288184438,0.0469696969696969,0.0543452506423588
U_14381520,C_1750793,0.0,昆明理工大学,2020-06-03 16:26:03,0,A,476,17,0.0833333333333333,0.0,0.036697247706422,0.036697247706422,0.0547550432276657,0.0287878787878787,0.0700133758925261
U_30841667,C_823315,2.0,辽宁对外经贸学院,2020-07-04 14:51:18,4,E,781,158,0.0416666666666666,0.0,0.0844036697247706,0.0844036697247706,0.1095100864553314,0.0303030303030303,0.0630365760334547
U_5256540,C_674920,0.0,西昌民族幼儿师范高等专科学校,2020-07-07 09:19:16,4,E,751,87,0.0416666666666666,0.0,0.018348623853211,0.018348623853211,0.0115273775216138,0.003030303030303,0.0621605661771304
U_31073948,C_801420,1.0,辽宁对外经贸学院,2020-07-27 19:54:52,4,E,781,155,0.0277777777777777,0.0,0.0091743119266055,0.0091743119266055,0.0028818443804034,0.0007575757575757,0.0615473721537924
U_22262962,C_801420,0.0,南京邮电大学通达学院,2020-09-01 09:58:25,4,E,229,155,0.0277777777777777,0.0,0.0018348623853211,0.0018348623853211,0.0028818443804034,0.0007575757575757,0.0611950179790172
U_30454265,C_1687717,1.0,辽宁对外经贸学院,2020-06-11 14:31:24,4,E,781,7,0.0416666666666666,0.0,0.0128440366972477,0.0128440366972477,0.0028818443804034,0.0007575757575757,0.061556568652725
U_29684584,C_1714448,0.0,辽宁对外经贸学院,2020-04-27 14:34:37,4,E,781,8,0.0416666666666666,0.0,0.0752293577981651,0.0752293577981651,0.0662824207492795,0.0378787878787878,0.0624754410283072
U_32852582,C_735164,1.0,昆明理工大学,2020-09-17 09:28:53,0,A,476,138,0.0138888888888888,0.0,0.0990825688073394,0.1339449541284403,0.1383285302593659,0.0651515151515151,0.0201273223833519
U_33329161,C_697076,2.0,辽宁对外经贸学院,2020-11-17 14:57:56,4,E,781,121,0.0416666666666666,0.0,0.0770642201834862,0.0770642201834862,0.0576368876080691,0.0318181818181818,0.05994589868296
U_4477408,C_1766171,0.0,内蒙古民族大学,2020-09-12 17:00:27,4,E,147,34,0.0416666666666666,0.0,0.0110091743119266,0.0110091743119266,0.0115273775216138,0.003030303030303,0.0613934979382104
U_33849682,C_697076,1.0,昆明理工大学,2020-09-27 17:28:00,0,A,476,121,0.1111111111111111,0.0,0.1669724770642202,0.2935779816513761,0.2219020172910662,0.0621212121212121,0.06016463438089
U_24659495,C_936971,1.0,汉江师范学院,2020-07-29 20:21:10,2,C,519,162,0.1527777777777777,0.0,0.0623853211009174,0.0623853211009174,0.0893371757925072,0.031060606060606,0.0758301342295312
U_33748843,C_697076,2.0,辽宁对外经贸学院,2020-11-16 18:12:52,4,E,781,121,0.0416666666666666,0.0,0.0862385321100917,0.0862385321100917,0.0461095100864553,0.031060606060606,0.0609308848230821
U_25839020,C_948395,0.0,西安美术学院,2020-05-28 10:48:04,4,E,727,170,0.0833333333333333,0.0,0.055045871559633,0.055045871559633,0.063400576368876,0.0378787878787878,0.0625184818318739
U_34040625,C_735164,0.0,昆明理工大学,2020-10-22 22:23:28,0,A,476,138,0.0972222222222222,0.0,0.2055045871559633,0.2788990825688073,0.1930835734870317,0.0439393939393939,0.0676653121165845
U_25342787,C_735197,2.0,辽宁对外经贸学院,2020-11-20 18:50:09,4,E,781,141,0.0416666666666666,0.0,0.110091743119266,0.110091743119266,0.1181556195965417,0.031060606060606,0.0643963603619021
U_29312972,C_786631,1.0,昆明理工大学,2020-04-11 15:21:19,0,A,476,154,0.0833333333333333,0.0,0.1963302752293578,0.2807339449541284,0.2247838616714697,0.0613636363636363,0.0704529061419975
U_29655676,C_1714448,0.0,辽宁对外经贸学院,2020-04-26 09:52:53,4,E,781,8,0.0416666666666666,0.0,0.0660550458715596,0.0660550458715596,0.0720461095100864,0.0378787878787878,0.0624298992920743
U_14692961,C_1736024,1.0,辽宁对外经贸学院,2020-04-22 11:19:26,4,E,781,14,0.0416666666666666,0.0,0.0899082568807339,0.0899082568807339,0.0576368876080691,0.0265151515151515,0.0635861324632094
U_29655833,C_1714448,2.0,辽宁对外经贸学院,2020-04-26 09:59:03,4,E,781,8,0.0416666666666666,0.0,0.0660550458715596,0.0660550458715596,0.0749279538904899,0.0386363636363636,0.0623802322550278
U_15814111,C_948136,0.0,长江大学,2020-05-18 11:40:21,4,E,858,168,0.0555555555555555,0.0,0.1871559633027523,0.1871559633027523,0.0922190201729106,0.0242424242424242,0.066623190807811
U_4740902,C_682392,0.0,陕西工业职业技术学院,2020-09-15 20:22:30,0,A,876,108,0.0138888888888888,0.0,0.073394495412844,0.073394495412844,0.1152737752161383,0.0348484848484848,0.0596216787625932
U_13751340,C_682392,0.0,昆明理工大学,2020-08-16 11:50:14,0,A,476,108,0.0972222222222222,0.0,0.1357798165137614,0.2623853211009174,0.1469740634005763,0.0303030303030303,0.0628207777345914
U_13134292,C_801420,2.0,南京邮电大学通达学院,2020-09-01 09:37:39,4,E,229,155,0.0277777777777777,0.0,0.0018348623853211,0.0018348623853211,0.0028818443804034,0.0007575757575757,0.0611950179790172
U_9810302,C_735197,1.0,辽宁对外经贸学院,2020-09-26 21:46:17,4,E,781,141,0.0416666666666666,0.0,0.0715596330275229,0.0715596330275229,0.0518731988472622,0.0325757575757575,0.0622415270627257
U_33554552,C_697076,2.0,辽宁对外经贸学院,2020-11-20 12:17:29,4,E,781,121,0.0416666666666666,0.0,0.0715596330275229,0.0715596330275229,0.0201729106628242,0.0196969696969696,0.0642905783386383
U_3708933,C_1017355,2.0,广州中医药大学,2020-04-30 19:50:06,3,D,423,0,0.1388888888888889,0.0,0.0807339449541284,0.0807339449541284,0.0259365994236311,0.0083333333333333,0.0809697588567582
U_30348593,C_1829948,2.0,辽宁对外经贸学院,2020-06-04 10:35:37,4,E,781,61,0.0277777777777777,0.0,0.0091743119266055,0.0091743119266055,0.0086455331412103,0.0022727272727272,0.0632266469160795
U_30574145,C_1750793,1.0,昆明理工大学,2020-06-17 08:54:36,0,A,476,17,0.0833333333333333,0.0,0.0348623853211009,0.0348623853211009,0.0288184438040345,0.0151515151515151,0.0702275151568485
U_992172,C_735164,0.0,昆明理工大学,2020-09-16 08:19:19,0,A,476,138,0.0555555555555555,0.0,0.1908256880733945,0.2697247706422018,0.2161383285302593,0.059090909090909,0.0664238342840992
U_30053889,C_676635,2.0,广州中医药大学,2020-05-19 14:10:06,1,B,423,89,0.2222222222222222,0.0,0.0587155963302752,0.0587155963302752,0.0864553314121037,0.0227272727272727,0.1138532002082158
U_10272887,C_1918363,2.0,新乡医学院三全学院,2020-11-02 09:02:11,4,E,461,76,0.0416666666666666,0.0,0.0697247706422018,0.0697247706422018,0.0461095100864553,0.0318181818181818,0.062843484222263
U_29685892,C_813262,1.0,昆明理工大学,2020-04-27 15:36:29,0,A,476,157,0.1111111111111111,0.2,0.2238532110091743,0.2238532110091743,0.2564841498559078,0.0787878787878787,0.0627939310890805
U_31073003,C_682392,0.0,昆明理工大学,2020-07-27 17:13:59,0,A,476,108,0.0277777777777777,0.0,0.1339449541284403,0.2715596330275229,0.2103746397694524,0.0583333333333333,0.058518851646649
U_29664162,C_1714448,1.0,辽宁对外经贸学院,2020-04-26 16:48:10,4,E,781,8,0.0416666666666666,0.0,0.0678899082568807,0.0678899082568807,0.0691642651296829,0.0378787878787878,0.0624249766642127
U_7157553,C_735197,0.0,华南理工大学,2020-09-08 09:55:13,4,E,211,141,0.0555555555555555,0.0,0.0256880733944954,0.0256880733944954,0.0345821325648414,0.0136363636363636,0.0612516876275288
U_4118038,C_735164,2.0,昆明理工大学,2020-11-30 09:02:02,4,E,476,138,0.0416666666666666,0.0,0.055045871559633,0.0587155963302752,0.0806916426512968,0.0371212121212121,0.0622509761310959
U_349030,C_756642,2.0,辽宁对外经贸学院,2020-05-11 19:38:48,4,E,781,149,0.0138888888888888,0.0,0.0091743119266055,0.0091743119266055,0.0144092219020172,0.0053030303030303,0.0608282871556684
U_32992813,C_735164,2.0,昆明理工大学,2020-11-03 12:14:04,0,A,476,138,0.1111111111111111,0.0,0.1706422018348624,0.2605504587155963,0.201729106628242,0.0636363636363636,0.0649062782469843
U_6220228,C_1829948,1.0,北方民族大学,2020-06-04 10:54:31,4,E,190,61,0.0138888888888888,0.0,0.1211009174311926,0.1211009174311926,0.1498559077809798,0.0393939393939393,0.063891389866391
U_15137303,C_1750793,0.0,昆明理工大学,2020-06-15 15:16:08,0,A,476,17,0.0972222222222222,0.0,0.036697247706422,0.036697247706422,0.0518731988472622,0.0272727272727272,0.0701832709341969
U_32612184,C_735164,2.0,昆明理工大学,2020-11-29 20:28:15,0,A,476,138,0.125,0.0,0.2862385321100917,0.291743119266055,0.446685878962536,0.1621212121212121,0.0692828707939506
U_12968387,C_801420,1.0,辽宁对外经贸学院,2020-07-07 22:53:17,4,E,781,155,0.0277777777777777,0.0,0.0055045871559633,0.0055045871559633,0.0,0.0,0.0614305414557204
U_26417129,C_1829948,0.0,北方民族大学,2020-06-17 11:20:58,4,E,190,61,0.0138888888888888,0.0,0.0220183486238532,0.0220183486238532,0.0201729106628242,0.0053030303030303,0.0609423792086624
U_31067277,C_682392,0.0,昆明理工大学,2020-08-19 14:39:10,0,A,476,108,0.1527777777777777,0.0,0.4495412844036697,0.4495412844036697,0.6743515850144092,0.2333333333333333,0.0633651738240727
U_34293459,C_2027893,0.0,辽宁对外经贸学院,2020-10-05 20:04:27,4,E,781,84,0.0416666666666666,0.0,0.0165137614678899,0.0165137614678899,0.0230547550432276,0.0068181818181818,0.0615118985286688
U_29840697,C_756642,2.0,辽宁对外经贸学院,2020-05-08 11:26:57,4,E,781,149,0.0277777777777777,0.0,0.0091743119266055,0.0091743119266055,0.0057636887608069,0.0015151515151515,0.0617515076874503
U_25940646,C_735164,2.0,昆明理工大学,2020-11-30 21:59:57,0,A,476,138,0.125,0.0,0.1889908256880734,0.1963302752293578,0.2968299711815562,0.1196969696969696,0.066561469770548
U_7872900,C_1829948,0.0,北方民族大学,2020-06-18 11:08:45,4,E,190,61,0.0416666666666666,0.0,0.0073394495412844,0.0073394495412844,0.0057636887608069,0.0015151515151515,0.0607736776813927
U_12653767,C_1750793,1.0,北京体育大学,2020-04-18 12:03:46,0,A,159,17,0.0277777777777777,0.0,0.2201834862385321,0.2678899082568807,0.1959654178674351,0.0734848484848484,0.0743951783031849
U_899888,C_735164,0.0,云南农业大学,2020-10-30 21:17:08,0,A,105,138,0.125,0.0,0.2605504587155963,0.2623853211009174,0.409221902017291,0.1439393939393939,0.0652142594382181
U_20838567,C_735115,2.0,辽宁对外经贸学院,2020-05-31 00:15:12,4,E,781,136,0.0555555555555555,0.0,0.0807339449541284,0.0807339449541284,0.0806916426512968,0.0333333333333333,0.0608022031708121
U_12156220,C_682392,1.0,辽宁对外经贸学院,2020-12-05 15:41:48,4,E,781,108,0.0416666666666666,0.0,0.0018348623853211,0.0018348623853211,0.0028818443804034,0.0015151515151515,0.0602854064828126
U_30292010,C_756642,2.0,昆明理工大学,2020-05-31 10:09:24,0,A,476,149,0.0972222222222222,0.0,0.2110091743119266,0.2532110091743119,0.1815561959654178,0.0893939393939394,0.0780829941845354
U_26804386,C_2141845,0.0,宝鸡文理学院,2020-09-16 20:29:41,0,A,356,86,0.0972222222222222,0.0,0.055045871559633,0.055045871559633,0.0835734870317002,0.0219696969696969,0.0693432002231359
U_5095008,C_674920,0.0,西昌民族幼儿师范高等专科学校,2020-06-29 19:15:43,4,E,751,87,0.375,0.0,0.1651376146788991,0.1651376146788991,0.2305475504322766,0.0628787878787878,0.0668276631007191
U_5732142,C_1824911,2.0,重庆三峡医药高等专科学校,2020-06-05 17:48:44,4,E,822,57,0.0972222222222222,0.0,0.0623853211009174,0.0623853211009174,0.0835734870317002,0.0219696969696969,0.0630274686766765
U_9817929,C_948078,0.0,重庆大学,2020-02-16 21:54:43,4,E,835,164,0.0277777777777777,0.0,0.091743119266055,0.091743119266055,0.0547550432276657,0.0325757575757575,0.064844180831736
U_20790771,C_801420,0.0,南京邮电大学,2020-08-31 14:39:52,4,E,228,155,0.0416666666666666,0.0,0.0128440366972477,0.0128440366972477,0.0172910662824207,0.0045454545454545,0.0604508295597358
U_32563068,C_735164,1.0,昆明理工大学,2020-11-14 16:20:42,4,E,476,138,0.0277777777777777,0.0,0.0293577981651376,0.036697247706422,0.0432276657060518,0.0204545454545454,0.0613056334879882
U_4592379,C_1731888,0.0,西安电子科技大学,2020-04-18 09:54:25,4,E,724,12,0.0416666666666666,0.0,0.0642201834862385,0.0642201834862385,0.0461095100864553,0.0371212121212121,0.0645866788616225
U_30678582,C_758928,1.0,辽宁对外经贸学院,2020-07-19 19:40:30,4,E,781,150,0.0416666666666666,0.0,0.0055045871559633,0.0055045871559633,0.0086455331412103,0.0022727272727272,0.0612841007053501
U_5442535,C_2141845,0.0,宝鸡文理学院,2020-09-14 12:17:15,0,A,356,86,0.0972222222222222,0.0,0.055045871559633,0.055045871559633,0.0835734870317002,0.0219696969696969,0.0693432002231359
U_10721234,C_1017355,2.0,广州中医药大学,2020-05-10 10:05:45,4,E,423,0,0.0555555555555555,0.0,0.0146788990825688,0.0146788990825688,0.0086455331412103,0.0022727272727272,0.0612400446716911
U_29503721,C_1755959,1.0,辽宁对外经贸学院,2020-06-17 13:38:56,4,E,781,26,0.0277777777777777,0.0,0.0018348623853211,0.0018348623853211,0.0,0.0,0.060886610886379
U_30366008,C_1829948,1.0,广州中医药大学,2020-06-05 11:18:46,1,B,423,61,0.2638888888888889,0.0,0.4770642201834862,0.4770642201834862,0.3458213256484149,0.0909090909090909,0.1033659030699925
U_4450753,C_735164,1.0,钦州学院,2020-11-24 12:03:27,0,A,849,138,0.0972222222222222,0.0,0.036697247706422,0.036697247706422,0.0576368876080691,0.0265151515151515,0.0695024625867193
U_12167293,C_948387,1.0,深圳信息职业技术学院,2020-10-28 09:32:46,4,E,610,169,0.0416666666666666,0.0,0.036697247706422,0.036697247706422,0.031700288184438,0.0083333333333333,0.0621850109368135
U_33455108,C_697076,2.0,辽宁对外经贸学院,2020-11-23 11:44:16,4,E,781,121,0.0416666666666666,0.0,0.0715596330275229,0.0715596330275229,0.0230547550432276,0.0212121212121212,0.0640431246702664
U_30457680,C_1829948,0.0,辽宁对外经贸学院,2020-06-11 16:55:19,4,E,781,61,0.0416666666666666,0.0,0.0073394495412844,0.0073394495412844,0.0057636887608069,0.0015151515151515,0.0612373753594
U_30290625,C_825821,2.0,辽宁对外经贸学院,2020-08-06 15:39:32,4,E,781,159,0.0416666666666666,0.0,0.0146788990825688,0.0146788990825688,0.0115273775216138,0.009090909090909,0.0618421107827505
U_30966356,C_696575,2.0,辽宁对外经贸学院,2020-08-05 19:34:42,4,E,781,116,0.0416666666666666,0.0,0.0256880733944954,0.0256880733944954,0.0288184438040345,0.0075757575757575,0.0616300515020315
U_28291364,C_735283,1.0,辽宁对外经贸学院,2020-03-04 14:52:36,4,E,781,143,0.0277777777777777,0.0,0.0660550458715596,0.0660550458715596,0.0403458213256484,0.0295454545454545,0.062447069061487
U_34335652,C_1755941,2.0,辽宁对外经贸学院,2020-11-03 17:57:19,4,E,781,24,0.0277777777777777,0.0,0.0036697247706422,0.0036697247706422,0.0028818443804034,0.0007575757575757,0.0614741220645557
U_1141977,C_735164,0.0,昆明理工大学,2020-09-16 13:55:06,0,A,476,138,0.1111111111111111,0.0,0.1944954128440367,0.2568807339449541,0.2276657060518732,0.053030303030303,0.0671166471083741
U_24160913,C_1738818,0.0,安徽工业大学,2020-06-15 19:11:36,4,E,344,15,0.0416666666666666,0.0,0.0128440366972477,0.0128440366972477,0.0144092219020172,0.0075757575757575,0.0602781364448841
U_6131416,C_1017355,0.0,广州中医药大学,2020-03-18 15:07:25,0,A,423,0,0.0277777777777777,0.0,0.2165137614678899,0.273394495412844,0.1959654178674351,0.0598484848484848,0.0727166761062363
U_32731783,C_735164,1.0,昆明理工大学,2020-09-15 10:03:16,0,A,476,138,0.125,0.0,0.1889908256880734,0.2715596330275229,0.2247838616714697,0.0666666666666666,0.0669177412477764
U_31479740,C_697076,2.0,辽宁对外经贸学院,2020-08-26 18:08:00,4,E,781,121,0.0416666666666666,0.0,0.0128440366972477,0.0128440366972477,0.0086455331412103,0.0022727272727272,0.0608689062640397
U_6804263,C_756642,2.0,辽宁对外经贸学院,2020-05-11 19:31:05,4,E,781,149,0.0416666666666666,0.0,0.0660550458715596,0.0660550458715596,0.0518731988472622,0.0295454545454545,0.0619237303298202
U_33330317,C_697076,2.0,辽宁对外经贸学院,2020-11-03 10:08:44,4,E,781,121,0.0416666666666666,0.0,0.091743119266055,0.091743119266055,0.0518731988472622,0.0227272727272727,0.0622009624301155
U_979541,C_735164,0.0,昆明理工大学,2020-09-24 11:47:08,0,A,476,138,0.0138888888888888,0.0,0.1963302752293578,0.2715596330275229,0.2276657060518732,0.0598484848484848,0.0671484708575077
U_8138109,C_735186,1.0,五邑大学,2020-07-15 08:31:03,4,E,119,139,0.0416666666666666,0.0,0.0110091743119266,0.0110091743119266,0.0115273775216138,0.0037878787878787,0.0613949638314167
U_33542817,C_697076,2.0,辽宁对外经贸学院,2020-12-02 15:14:30,4,E,781,121,0.0555555555555555,0.0,0.1834862385321101,0.1834862385321101,0.2824207492795388,0.0916666666666666,0.064569553663287
U_5108323,C_674920,0.0,辽宁对外经贸学院,2020-07-02 09:03:17,4,E,781,87,0.0555555555555555,0.0,0.018348623853211,0.018348623853211,0.0172910662824207,0.0045454545454545,0.0599623305534277
U_32754086,C_735164,1.0,昆明理工大学,2020-12-03 20:11:59,0,A,476,138,0.0833333333333333,0.0,0.018348623853211,0.018348623853211,0.0288184438040345,0.0136363636363636,0.0656482529694306
U_32239367,C_697076,2.0,辽宁对外经贸学院,2020-10-10 10:37:34,4,E,781,121,0.0416666666666666,0.0,0.0862385321100917,0.0862385321100917,0.0806916426512968,0.0348484848484848,0.0606653303450179
U_5832655,C_697766,0.0,武汉职业技术学院,2020-07-06 16:22:40,0,A,511,128,0.0138888888888888,0.0,0.018348623853211,0.018348623853211,0.0115273775216138,0.0037878787878787,0.0656216588933573
U_3755256,C_1992945,1.0,北京交通大学,2020-09-18 16:46:34,4,E,157,82,0.0277777777777777,0.0,0.0036697247706422,0.0036697247706422,0.0,0.0,0.0618339493232777
U_33343966,C_697076,2.0,辽宁对外经贸学院,2020-11-29 11:59:26,4,E,781,121,0.0555555555555555,0.0,0.1834862385321101,0.1834862385321101,0.1066282420749279,0.0287878787878787,0.0667230547824886
U_32885326,C_735164,1.0,昆明理工大学,2020-09-16 10:32:00,3,D,476,138,0.1527777777777777,0.0,0.055045871559633,0.0807339449541284,0.0605187319884726,0.0272727272727272,0.0609464553602338
U_1001694,C_735164,0.0,昆明理工大学,2020-11-18 19:49:32,0,A,476,138,0.1111111111111111,0.0,0.1798165137614679,0.2587155963302752,0.1642651296829971,0.0469696969696969,0.0699478217426224
U_29897644,C_756642,2.0,辽宁对外经贸学院,2020-05-22 08:39:34,4,E,781,149,0.0416666666666666,0.0,0.0660550458715596,0.0660550458715596,0.0461095100864553,0.0325757575757575,0.0627889836995093
U_989990,C_735164,0.0,昆明理工大学,2020-09-16 15:24:55,0,A,476,138,0.1111111111111111,0.0,0.1981651376146789,0.2807339449541284,0.2363112391930835,0.0659090909090909,0.0655269552589531
U_32410441,C_948120,0.0,辽宁对外经贸学院,2020-09-11 13:23:51,4,E,781,167,0.0416666666666666,0.0,0.0091743119266055,0.0091743119266055,0.0144092219020172,0.0037878787878787,0.0613861932338886
U_5832665,C_697766,0.0,武汉职业技术学院,2020-07-08 06:51:26,0,A,511,128,0.1111111111111111,0.0,0.2,0.2697247706422018,0.2046109510086455,0.0674242424242424,0.0687223102604649
U_1851031,C_735186,2.0,辽宁对外经贸学院,2020-07-23 16:43:11,4,E,781,139,0.0416666666666666,0.0,0.0110091743119266,0.0110091743119266,0.0115273775216138,0.0045454545454545,0.0613708063075646
U_12196456,C_948109,2.0,中国医科大学,2020-09-09 19:20:46,2,C,69,165,0.1666666666666666,0.0,0.2110091743119266,0.2110091743119266,0.1786743515850144,0.0712121212121212,0.0719974920612741
U_20297978,C_682556,0.0,辽宁对外经贸学院,2020-06-14 08:32:43,4,E,781,112,0.0416666666666666,0.0,0.0587155963302752,0.0587155963302752,0.0461095100864553,0.0128787878787878,0.0629851162486357
U_33224767,C_697076,0.0,辽宁对外经贸学院,2020-09-27 16:28:22,0,A,781,121,0.1111111111111111,0.0,0.0275229357798165,0.0275229357798165,0.0403458213256484,0.0128787878787878,0.0637996724941604
U_22326633,C_1829948,2.0,北方民族大学,2020-06-17 18:29:14,4,E,190,61,0.0833333333333333,0.0,0.0990825688073394,0.0990825688073394,0.1123919308357348,0.0295454545454545,0.0636831686506547
U_31106141,C_747056,0.0,辽宁对外经贸学院,2020-07-30 22:29:41,4,E,781,147,0.0277777777777777,0.0,0.0073394495412844,0.0073394495412844,0.0028818443804034,0.0015151515151515,0.0615255125165879
U_33344019,C_697076,1.0,辽宁对外经贸学院,2020-11-17 11:38:27,4,E,781,121,0.0416666666666666,0.0,0.0862385321100917,0.0862385321100917,0.0806916426512968,0.0378787878787878,0.0614692836265066
U_20257487,C_801420,0.0,南京邮电大学通达学院,2020-09-01 09:47:07,4,E,229,155,0.0277777777777777,0.0,0.0018348623853211,0.0018348623853211,0.0028818443804034,0.0007575757575757,0.0611950179790172
U_29994283,C_766175,0.0,华南理工大学,2020-05-15 14:26:47,3,D,211,151,0.1388888888888889,0.0,0.0403669724770642,0.0403669724770642,0.0201729106628242,0.0053030303030303,0.0799373788045278
U_21123499,C_948120,0.0,辽宁对外经贸学院,2020-10-02 13:28:53,4,E,781,167,0.0416666666666666,0.0,0.0752293577981651,0.0752293577981651,0.0547550432276657,0.0333333333333333,0.1035057891295149
U_18482635,C_735164,1.0,昆明理工大学,2020-09-16 08:26:22,0,A,476,138,0.1111111111111111,0.0,0.0091743119266055,0.0091743119266055,0.0144092219020172,0.006060606060606,0.0548942375527935
U_29446216,C_674920,1.0,辽宁对外经贸学院,2020-04-17 20:27:08,4,E,781,87,0.0555555555555555,0.0,0.0788990825688073,0.0788990825688073,0.0691642651296829,0.034090909090909,0.0621119490365695
U_31083171,C_707079,2.0,辽宁对外经贸学院,2020-07-28 11:47:34,4,E,781,132,0.0416666666666666,0.0,0.0110091743119266,0.0110091743119266,0.0057636887608069,0.0015151515151515,0.0613864854220615
U_27030771,C_735385,1.0,辽宁工程技术大学,2020-11-03 14:57:59,4,E,785,146,0.0416666666666666,0.0,0.0715596330275229,0.0715596330275229,0.063400576368876,0.0318181818181818,0.0612885578130719
U_32753991,C_735164,1.0,昆明理工大学,2020-10-22 20:12:20,4,E,476,138,0.0416666666666666,0.0,0.0807339449541284,0.0807339449541284,0.0403458213256484,0.0272727272727272,0.0628329902097491
U_5739187,C_756642,0.0,昆明理工大学,2020-05-07 21:46:27,0,A,476,149,0.0694444444444444,0.0,0.0091743119266055,0.0091743119266055,0.0115273775216138,0.0037878787878787,0.0743027428413769
U_31278282,C_735195,2.0,辽宁对外经贸学院,2020-08-21 20:49:08,4,E,781,140,0.0277777777777777,0.0,0.0036697247706422,0.0036697247706422,0.0028818443804034,0.0007575757575757,0.0366234565526791
U_30975358,C_1808023,0.0,辽宁对外经贸学院,2020-07-29 10:45:24,4,E,781,54,0.0277777777777777,0.0,0.0018348623853211,0.0018348623853211,0.0,0.0,0.0610965852311525
U_30491649,C_1829948,1.0,辽宁对外经贸学院,2020-06-13 19:06:04,4,E,781,61,0.0833333333333333,0.0,0.1688073394495413,0.1688073394495413,0.1671469740634005,0.0439393939393939,0.0660166675890299
U_33343338,C_697076,2.0,辽宁对外经贸学院,2020-11-16 21:00:27,4,E,781,121,0.0555555555555555,0.0,0.1559633027522936,0.1559633027522936,0.239193083573487,0.075,0.0639734798859425
U_10513708,C_1750793,0.0,北京体育大学,2020-06-16 16:33:28,0,A,159,17,0.0833333333333333,0.0,0.036697247706422,0.036697247706422,0.0547550432276657,0.0287878787878787,0.06995741938125
U_33158154,C_735164,2.0,昆明理工大学,2020-09-20 08:23:23,0,A,476,138,0.1111111111111111,0.0,0.2293577981651376,0.2935779816513761,0.2247838616714697,0.0613636363636363,0.0637628023086173
U_30170282,C_786631,0.0,中国医科大学,2020-05-25 16:01:27,2,C,69,154,0.1527777777777777,0.0,0.2532110091743119,0.2532110091743119,0.1412103746397694,0.0446969696969697,0.0778021617316693
U_11534578,C_735197,1.0,辽宁石油化工大学,2020-11-15 18:37:40,4,E,790,141,0.0416666666666666,0.0,0.0715596330275229,0.0715596330275229,0.0144092219020172,0.0189393939393939,0.0641780066546116
U_29680312,C_1017355,2.0,昆明理工大学,2020-04-27 22:45:20,0,A,476,0,0.0972222222222222,0.0,0.0825688073394495,0.0825688073394495,0.1152737752161383,0.0393939393939393,0.0681219428026818
U_33443254,C_697076,1.0,辽宁对外经贸学院,2020-11-09 15:24:48,4,E,781,121,0.0277777777777777,0.0,0.0568807339449541,0.0568807339449541,0.0893371757925072,0.0378787878787878,0.0606551681394122
U_30057064,C_747056,0.0,辽宁对外经贸学院,2020-05-19 16:04:02,4,E,781,147,0.0277777777777777,0.0,0.0036697247706422,0.0036697247706422,0.0,0.0,0.0614122623617192
U_32558818,C_1992950,0.0,辽宁对外经贸学院,2020-09-14 00:09:21,4,E,781,83,0.0416666666666666,0.0,0.0073394495412844,0.0073394495412844,0.0086455331412103,0.0454545454545454,0.0605653772281858
U_32612186,C_735164,2.0,昆明理工大学,2020-11-29 22:50:59,0,A,476,138,0.0972222222222222,0.0,0.1798165137614679,0.2568807339449541,0.1671469740634005,0.0454545454545454,0.069168753979247
U_30385616,C_674920,1.0,辽宁对外经贸学院,2020-06-11 17:55:14,4,E,781,87,0.0416666666666666,0.0,0.0165137614678899,0.0165137614678899,0.0144092219020172,0.0037878787878787,0.0609976622014383
U_29021133,C_735385,0.0,辽宁对外经贸学院,2020-04-16 09:45:18,4,E,781,146,0.0416666666666666,0.0,0.0697247706422018,0.0697247706422018,0.0489913544668587,0.0325757575757575,0.0624394573119666
U_2453320,C_747056,2.0,西南石油大学,2020-05-09 07:56:30,4,E,712,147,0.0277777777777777,0.0,0.0036697247706422,0.0036697247706422,0.0,0.0,0.0613007653358877
U_29794582,C_766175,1.0,辽宁对外经贸学院,2020-05-06 13:13:44,4,E,781,151,0.0416666666666666,0.0,0.0697247706422018,0.0697247706422018,0.0518731988472622,0.0318181818181818,0.062388829520589
U_6766176,C_1824911,2.0,重庆三峡医药高等专科学校,2020-06-25 16:26:18,0,A,822,57,0.0833333333333333,0.0,0.0862385321100917,0.0862385321100917,0.1354466858789625,0.0356060606060606,0.0708693040023928
U_1925087,C_758928,0.0,四川中医药高等专科学校,2020-05-08 14:45:03,4,E,284,150,0.0416666666666666,0.0,0.0495412844036697,0.0495412844036697,0.0691642651296829,0.0181818181818181,0.0622246692908536
U_7864754,C_1829948,0.0,北方民族大学,2020-06-16 14:18:22,4,E,190,61,0.1666666666666666,0.0,0.0018348623853211,0.0018348623853211,0.0,0.0,0.0618061518281194
U_30595738,C_1829948,1.0,辽宁对外经贸学院,2020-06-18 10:56:28,4,E,781,61,0.0416666666666666,0.0,0.0073394495412844,0.0073394495412844,0.0028818443804034,0.0007575757575757,0.0612713880436592
U_22274666,C_948395,2.0,西安美术学院,2020-02-17 19:08:18,1,B,727,170,0.2222222222222222,0.0,0.0348623853211009,0.0587155963302752,0.0547550432276657,0.0242424242424242,0.1126389255898592
U_30371136,C_1829948,0.0,辽宁对外经贸学院,2020-06-05 16:14:49,4,E,781,61,0.0416666666666666,0.0,0.0825688073394495,0.0825688073394495,0.100864553314121,0.0265151515151515,0.067258383133927
U_12574025,C_735385,2.0,辽宁对外经贸学院,2020-08-07 10:04:43,4,E,781,146,0.0277777777777777,0.0,0.0091743119266055,0.0091743119266055,0.0115273775216138,0.003030303030303,0.0613553500484538
U_28565897,C_1736024,1.0,广州中医药大学,2020-05-12 15:55:20,4,E,423,14,0.0416666666666666,0.0,0.0091743119266055,0.0146788990825688,0.0086455331412103,0.003030303030303,0.0615390670764041
U_32129739,C_2027893,2.0,辽宁对外经贸学院,2020-09-07 18:30:18,4,E,781,84,0.0416666666666666,0.0,0.0165137614678899,0.0165137614678899,0.0172910662824207,0.0053030303030303,0.0615799238971872
U_31101810,C_682392,1.0,昆明理工大学,2020-07-30 15:17:38,0,A,476,108,0.0972222222222222,0.0,0.1229357798165137,0.2513761467889908,0.1354466858789625,0.0234848484848484,0.063183135640031
U_29481864,C_682157,0.0,辽宁对外经贸学院,2020-04-20 14:40:24,4,E,781,105,0.0416666666666666,0.0,0.0660550458715596,0.0660550458715596,0.0576368876080691,0.034090909090909,0.0630036924831517
U_1157952,C_948136,2.0,鲁东大学,2020-06-09 10:26:49,4,E,900,168,0.0416666666666666,0.0,0.018348623853211,0.018348623853211,0.0172910662824207,0.0045454545454545,0.061598396132523
U_6118335,C_1017355,1.0,广州中医药大学,2020-04-17 16:44:50,0,A,423,0,0.125,0.0,0.1651376146788991,0.2605504587155963,0.2132564841498559,0.0787878787878787,0.0652361586941578
U_12286315,C_682392,0.0,陕西工业职也技术学,2020-11-13 11:58:49,0,A,877,108,0.0138888888888888,0.0,0.1522935779816513,0.163302752293578,0.1095100864553314,0.0666666666666666,0.0744869154847832
U_29946597,C_1714448,1.0,辽宁对外经贸学院,2020-05-12 15:48:07,4,E,781,8,0.0277777777777777,0.0,0.0091743119266055,0.0091743119266055,0.0028818443804034,0.0007575757575757,0.0620747767581698
U_30111332,C_1828108,2.0,辽宁对外经贸学院,2020-07-24 15:00:40,4,E,781,60,0.0416666666666666,0.0,0.0165137614678899,0.0165137614678899,0.0144092219020172,0.0037878787878787,0.0615080357019766
U_6758243,C_1824911,2.0,重庆三峡医药高等专科学校,2020-06-02 09:50:12,4,E,822,57,0.0277777777777777,0.0,0.0807339449541284,0.0807339449541284,0.0432276657060518,0.0242424242424242,0.0678880288371004
U_16682894,C_948113,2.0,西安思源学院,2020-02-20 20:54:27,0,A,721,166,0.0416666666666666,0.0,0.1926605504587156,0.2697247706422018,0.2103746397694524,0.0583333333333333,0.0664933503075334
U_3094200,C_735164,2.0,昆明理工大学,2020-10-27 16:20:20,0,A,476,138,0.0138888888888888,0.0,0.1889908256880734,0.2660550458715596,0.2103746397694524,0.0598484848484848,0.066275046123662
U_30459381,C_1829948,2.0,辽宁对外经贸学院,2020-06-11 18:46:03,4,E,781,61,0.0416666666666666,0.0,0.0311926605504587,0.0311926605504587,0.0374639769452449,0.0098484848484848,0.0726278558540248
U_6766553,C_1824911,2.0,重庆三峡医药高等专科,2020-06-02 10:31:26,4,E,820,57,0.0972222222222222,0.0,0.0807339449541284,0.0807339449541284,0.0576368876080691,0.0295454545454545,0.067258615893997
U_31399621,C_735197,1.0,辽宁对外经贸学院,2020-08-23 16:25:36,4,E,781,141,0.0416666666666666,0.0,0.073394495412844,0.073394495412844,0.0662824207492795,0.0318181818181818,0.0609922542440692
U_31172758,C_801420,1.0,辽宁对外经贸学院,2020-08-11 16:08:01,4,E,781,155,0.0277777777777777,0.0,0.0073394495412844,0.0073394495412844,0.0028818443804034,0.0007575757575757,0.0614719479864558
U_34579659,C_735164,2.0,中国医科大学,2020-10-09 19:01:40,2,C,69,138,0.1527777777777777,0.0,0.236697247706422,0.3889908256880734,0.2334293948126801,0.081060606060606,0.0845496879695318
U_30633167,C_1829948,0.0,中国医科大学,2020-06-21 09:16:09,2,C,69,61,0.2222222222222222,0.0,0.2458715596330275,0.2458715596330275,0.1354466858789625,0.0356060606060606,0.0689381630350893
U_30856194,C_697766,2.0,昆明理工大学,2020-07-08 15:15:47,0,A,476,128,0.0972222222222222,0.0,0.1045871559633027,0.1045871559633027,0.1556195965417867,0.0431818181818181,0.0683961242603587
U_18522471,C_1829948,0.0,北方民族大学,2020-06-16 16:34:52,4,E,190,61,0.0138888888888888,0.0,0.0073394495412844,0.0073394495412844,0.0086455331412103,0.0022727272727272,0.0604750663210585
U_31194773,C_801420,2.0,辽宁对外经贸学院,2020-08-13 23:54:05,4,E,781,155,0.0277777777777777,0.0,0.0073394495412844,0.0073394495412844,0.0028818443804034,0.0007575757575757,0.0614719479864558
U_13549159,C_1776290,2.0,河北农业大学,2020-05-16 14:53:17,0,A,545,48,0.1111111111111111,0.0,0.2110091743119266,0.2770642201834862,0.2276657060518732,0.0916666666666666,0.0728136627702624
U_29772076,C_682575,2.0,辽宁对外经贸学院,2020-05-03 23:42:12,4,E,781,113,0.0416666666666666,0.0,0.0256880733944954,0.0256880733944954,0.0403458213256484,0.0106060606060606,0.0618434033439898
U_32739688,C_735164,1.0,昆明理工大学,2020-09-15 10:58:05,0,A,476,138,0.1111111111111111,0.0,0.1834862385321101,0.2642201834862385,0.2363112391930835,0.0628787878787878,0.0731993759201641
U_30489071,C_1750795,0.0,辽宁对外经贸学院,2020-06-13 14:16:34,4,E,781,18,0.0416666666666666,0.0,0.0055045871559633,0.0055045871559633,0.0086455331412103,0.0045454545454545,0.0612159564806258
U_13542732,C_674920,1.0,辽宁对外经贸学院,2020-07-09 21:38:11,4,E,781,87,0.0416666666666666,0.0,0.0642201834862385,0.0642201834862385,0.0,0.0166666666666666,0.0648520649600616
U_18295868,C_697062,1.0,湖北科技学院,2020-04-25 10:49:54,0,A,633,120,0.125,0.0,0.1963302752293578,0.2825688073394495,0.2420749279538904,0.0636363636363636,0.0645273002820844
U_11011749,C_1738818,0.0,云南财经大学,2020-05-21 20:49:00,0,A,117,15,0.0833333333333333,0.0,0.0642201834862385,0.0642201834862385,0.100864553314121,0.0446969696969697,0.0692814098530862
U_33442556,C_697076,1.0,辽宁对外经贸学院,2020-11-09 15:30:46,4,E,781,121,0.0416666666666666,0.0,0.091743119266055,0.091743119266055,0.0518731988472622,0.0219696969696969,0.0622490991935109
U_13008225,C_707079,2.0,辽宁对外经贸学院,2020-06-26 20:21:13,4,E,781,132,0.0416666666666666,0.0,0.0990825688073394,0.0990825688073394,0.1123919308357348,0.0431818181818181,0.0631064189114552
U_30118630,C_766175,2.0,中国医科大学,2020-05-26 15:32:43,2,C,69,151,0.0833333333333333,0.0,0.1834862385321101,0.1834862385321101,0.2219020172910662,0.0606060606060606,0.0769252257874072
U_3700095,C_1017355,2.0,广州中医药大学,2020-05-10 09:43:53,4,E,423,0,0.0416666666666666,0.0,0.0275229357798165,0.0275229357798165,0.0086455331412103,0.0022727272727272,0.0616356922194706
U_33384273,C_735164,2.0,昆明理工大学,2020-11-23 13:26:36,4,E,476,138,0.0555555555555555,0.0,0.1192660550458715,0.1192660550458715,0.1873198847262247,0.075,0.0634672861619789
U_22225079,C_1864063,2.0,辽宁对外经贸学院,2020-07-29 21:53:29,4,E,781,66,0.0416666666666666,0.0,0.0018348623853211,0.0018348623853211,0.0,0.0,0.0615635365977967
U_11490057,C_735164,0.0,鲁东大学,2020-11-23 10:26:32,0,A,900,138,0.125,0.0,0.2862385321100917,0.2990825688073394,0.4495677233429394,0.1636363636363636,0.067288305183766
U_33013847,C_735164,2.0,昆明理工大学,2020-09-17 18:27:42,0,A,476,138,0.0138888888888888,0.0,0.0990825688073394,0.1027522935779816,0.1527377521613832,0.0727272727272727,0.1272592974766319
U_10407981,C_676646,2.0,天津商业大学,2020-08-17 16:49:53,4,E,316,90,0.0277777777777777,0.0,0.018348623853211,0.018348623853211,0.0230547550432276,0.006060606060606,0.0076585759895372
U_3487406,C_735197,1.0,辽宁对外经贸学院,2020-09-09 18:11:44,4,E,781,141,0.0416666666666666,0.0,0.0146788990825688,0.0146788990825688,0.0115273775216138,0.003030303030303,0.0613834149700754
U_31211743,C_1808487,1.0,辽宁对外经贸学院,2020-08-30 22:04:10,4,E,781,55,0.0277777777777777,0.0,0.0146788990825688,0.0146788990825688,0.0144092219020172,0.0068181818181818,0.0119956148786398
U_2024021,C_1750793,2.0,北京体育大学,2020-05-13 13:04:08,0,A,159,17,0.0972222222222222,0.0,0.0348623853211009,0.0348623853211009,0.0547550432276657,0.0287878787878787,0.0688218374758925
U_33329438,C_697076,2.0,辽宁对外经贸学院,2020-11-04 12:07:51,4,E,781,121,0.0416666666666666,0.0,0.0825688073394495,0.0825688073394495,0.0489913544668587,0.0325757575757575,0.0609149432344638
U_33459858,C_2027893,1.0,北京石油化工学院,2020-09-23 10:45:11,4,E,176,84,0.0555555555555555,0.0,0.0165137614678899,0.0165137614678899,0.0230547550432276,0.0068181818181818,0.0593527814537377
U_16401365,C_674959,2.0,辽宁对外经贸学院,2020-06-15 21:50:45,4,E,781,88,0.0416666666666666,0.0,0.0422018348623853,0.0422018348623853,0.031700288184438,0.0098484848484848,0.0628366945615001
U_33391898,C_2059281,1.0,辽宁对外经贸学院,2020-09-22 16:39:01,4,E,781,85,0.0416666666666666,0.0,0.018348623853211,0.018348623853211,0.0172910662824207,0.0083333333333333,0.0230853175366388
U_29696841,C_948136,0.0,辽宁对外经贸学院,2020-04-28 07:48:03,4,E,781,168,0.0416666666666666,0.0,0.0623853211009174,0.0623853211009174,0.0778097982708933,0.0204545454545454,0.062246811211547
U_30474245,C_1829948,2.0,辽宁对外经贸学院,2020-06-12 16:00:11,4,E,781,61,0.0416666666666666,0.0,0.0073394495412844,0.0073394495412844,0.0028818443804034,0.0007575757575757,0.0612713880436592
U_33448261,C_2059281,2.0,辽宁对外经贸学院,2020-09-23 09:07:16,4,E,781,85,0.0138888888888888,0.0,0.018348623853211,0.018348623853211,0.0172910662824207,0.0068181818181818,0.061490633172494
U_30035714,C_758928,1.0,辽宁对外经贸学院,2020-05-18 13:25:57,4,E,781,150,0.0555555555555555,0.0,0.2201834862385321,0.2201834862385321,0.3458213256484149,0.0984848484848484,0.0660931069864586
U_34270313,C_697076,1.0,辽宁对外经贸学院,2020-11-16 13:38:04,4,E,781,121,0.0555555555555555,0.0,0.1834862385321101,0.1834862385321101,0.1239193083573487,0.0356060606060606,0.0665082419996661
U_30979109,C_735115,1.0,辽宁对外经贸学院,2020-07-31 21:31:05,4,E,781,136,0.0555555555555555,0.0,0.1706422018348624,0.1706422018348624,0.1556195965417867,0.05,0.0653124198072776
U_33322987,C_2059281,0.0,辽宁对外经贸学院,2020-09-22 06:53:31,4,E,781,85,0.0138888888888888,0.0,0.0091743119266055,0.0091743119266055,0.0086455331412103,0.003030303030303,0.0595342798325109
U_31277675,C_735130,1.0,昆明理工大学,2020-08-21 18:20:59,0,A,476,137,0.0972222222222222,0.0,0.0807339449541284,0.3211009174311927,0.1268011527377521,0.0469696969696969,0.0560489998783804
U_33329251,C_697076,1.0,辽宁对外经贸学院,2020-12-06 12:59:05,4,E,781,121,0.0416666666666666,0.0,0.036697247706422,0.036697247706422,0.0576368876080691,0.0181818181818181,0.0612568529201442
U_32743899,C_735164,0.0,昆明理工大学,2020-12-01 10:02:06,0,A,476,138,0.125,0.0,0.2862385321100917,0.3082568807339449,0.4495677233429394,0.1636363636363636,0.0697782337461502
U_15399417,C_756642,2.0,莆田市第一医院重症医学科,2020-05-07 21:29:43,1,B,695,149,0.2222222222222222,0.0,0.0275229357798165,0.0385321100917431,0.0432276657060518,0.0265151515151515,0.114293938829114
U_30940880,C_1875539,0.0,辽宁对外经贸学院,2020-07-13 07:09:00,4,E,781,69,0.0416666666666666,0.0,0.055045871559633,0.055045871559633,0.031700288184438,0.0833333333333333,0.0622720731076457
U_30254035,C_1714448,2.0,中国医科大学,2020-05-28 12:32:12,2,C,69,8,0.125,0.0,0.055045871559633,0.055045871559633,0.0403458213256484,0.0106060606060606,0.0743269944597254
U_14331914,C_1410126,1.0,华南理工大学,2020-06-19 11:47:27,3,D,211,2,0.0138888888888888,0.0,0.0165137614678899,0.0165137614678899,0.0172910662824207,0.0053030303030303,0.0751759991955976
U_30830056,C_676635,0.0,华南理工大学,2020-07-03 11:19:58,3,D,211,89,0.1388888888888889,0.0,0.0642201834862385,0.0642201834862385,0.0259365994236311,0.0068181818181818,0.0805339775301151
U_29348598,C_758928,1.0,辽宁对外经贸学院,2020-04-13 20:30:49,4,E,781,150,0.0416666666666666,0.0,0.073394495412844,0.073394495412844,0.0489913544668587,0.0333333333333333,0.0624850337145928
U_13749086,C_682392,0.0,昆明理工大学,2020-09-14 20:14:34,0,A,476,108,0.0138888888888888,0.0,0.1559633027522936,0.2788990825688073,0.2161383285302593,0.0242424242424242,0.0569644402810168
U_6101863,C_1017355,1.0,广州中医药大学,2020-03-04 12:43:54,1,B,423,0,0.0277777777777777,0.0,0.0311926605504587,0.0385321100917431,0.0489913544668587,0.0219696969696969,0.1115680113652029
U_8051578,C_1731884,0.0,保山学院,2020-05-25 10:12:28,4,E,127,11,0.0138888888888888,0.0,0.018348623853211,0.018348623853211,0.0230547550432276,0.006060606060606,0.0609943441323565
U_30203322,C_1714448,0.0,昆明理工大学,2020-05-27 13:53:10,0,A,476,8,0.0972222222222222,0.0,0.1449541284403669,0.1449541284403669,0.2103746397694524,0.0553030303030303,0.0689374300884862
U_15218756,C_948120,0.0,辽宁对外经贸学院,2020-10-10 17:17:44,4,E,781,167,0.0416666666666666,0.0,0.0091743119266055,0.0091743119266055,0.0144092219020172,0.0037878787878787,0.0613861932338886
U_30585435,C_1829948,0.0,辽宁对外经贸学院,2020-06-17 17:01:59,4,E,781,61,0.0694444444444444,0.0,0.0513761467889908,0.0513761467889908,0.063400576368876,0.0166666666666666,0.0622818737922918
U_31100440,C_747056,0.0,辽宁对外经贸学院,2020-07-30 13:35:18,4,E,781,147,0.0555555555555555,0.0,0.3137614678899083,0.3137614678899083,0.1268011527377521,0.0333333333333333,0.0726618536812583
U_19167677,C_1738818,0.0,安徽工业大学,2020-06-16 18:22:41,4,E,344,15,0.0138888888888888,0.0,0.0055045871559633,0.0055045871559633,0.0057636887608069,0.003030303030303,0.0595477551548564
U_2596463,C_735164,0.0,云南农业大学,2020-12-01 17:08:57,2,C,105,138,0.1944444444444444,0.0,0.2862385321100917,0.3577981651376147,0.3919308357348703,0.1454545454545454,0.0700341955379288
U_33058827,C_1992929,2.0,辽宁对外经贸学院,2020-09-17 17:49:14,4,E,781,81,0.0416666666666666,0.0,0.0036697247706422,0.0036697247706422,0.0057636887608069,0.0015151515151515,0.0164288187098511
U_2104161,C_1828106,2.0,Hust,2020-08-27 22:17:09,4,E,20,59,0.0416666666666666,0.0,0.0623853211009174,0.0623853211009174,0.0835734870317002,0.0181818181818181,0.0391141285532946
U_9043479,C_735164,0.0,昆明理工大学,2020-09-15 09:10:25,0,A,476,138,0.1111111111111111,0.0,0.1853211009174312,0.3174311926605505,0.1959654178674351,0.081060606060606,0.0652777583662278
U_29776630,C_854832,0.0,广州中医药大学,2020-05-26 09:59:26,1,B,423,161,0.2222222222222222,0.0,0.0880733944954128,0.0880733944954128,0.0547550432276657,0.0174242424242424,0.1137725463678191
U_11970707,C_948488,1.0,中国医科大学,2020-03-06 10:24:18,2,C,69,172,0.0138888888888888,0.0,0.1963302752293578,0.1963302752293578,0.1613832853025936,0.0553030303030303,0.0769890317606156
U_32904206,C_735164,1.0,昆明理工大学,2020-09-20 23:04:54,0,A,476,138,0.125,0.0,0.2128440366972477,0.2899082568807339,0.2680115273775216,0.0704545454545454,0.0646934761149784
U_30502064,C_1750793,2.0,昆明理工大学,2020-06-15 01:09:31,0,A,476,17,0.0972222222222222,0.0,0.036697247706422,0.036697247706422,0.0489913544668587,0.0257575757575757,0.0702208592093173
U_27956983,C_707035,0.0,辽宁对外经贸学院,2020-07-30 23:02:49,4,E,781,130,0.0416666666666666,0.0,0.0330275229357798,0.0330275229357798,0.0374639769452449,0.0113636363636363,0.0629448388518565
U_11706191,C_948120,1.0,辽宁对外经贸学院,2020-11-25 19:32:36,4,E,781,167,0.0416666666666666,0.0,0.018348623853211,0.018348623853211,0.0115273775216138,0.003030303030303,0.0617973118978046
U_872140,C_735164,2.0,锦州医科大学,2020-10-23 22:41:49,3,D,853,138,0.1527777777777777,0.0,0.2293577981651376,0.2293577981651376,0.2046109510086455,0.0856060606060606,0.0762774594651738
U_32885139,C_735164,1.0,昆明理工大学,2020-09-22 08:54:37,2,C,476,138,0.1111111111111111,0.0,0.0256880733944954,0.0256880733944954,0.0403458213256484,0.0196969696969696,0.0678539864387898
U_12986238,C_1771156,1.0,辽宁对外经贸学院,2020-10-27 21:53:22,4,E,781,36,0.0416666666666666,0.0,0.018348623853211,0.0256880733944954,0.0288184438040345,0.0075757575757575,0.0385967611647497
U_27580698,C_735283,1.0,辽宁对外经贸学院,2020-04-20 14:08:41,4,E,781,143,0.0416666666666666,0.0,0.073394495412844,0.073394495412844,0.0547550432276657,0.0348484848484848,0.0632528101384064
U_34529997,C_697076,1.0,辽宁对外经贸学院,2020-11-17 11:38:14,4,E,781,121,0.0416666666666666,0.0,0.0844036697247706,0.0844036697247706,0.0576368876080691,0.0431818181818181,0.0658858316680277
U_19912701,C_948436,2.0,西安美术学院,2020-05-25 16:00:00,4,E,727,171,0.0416666666666666,0.0,0.0532110091743119,0.0532110091743119,0.0691642651296829,0.0128787878787878,0.0628055641402344
U_3699351,C_1017355,0.0,广州中医药大学,2020-04-23 14:20:43,2,C,423,0,0.1527777777777777,0.0,0.1779816513761468,0.1779816513761468,0.1815561959654178,0.0651515151515151,0.0714481337251959
U_27712142,C_1844112,2.0,内蒙古大学,2020-08-19 08:05:51,0,A,145,63,0.1666666666666666,0.2,0.3669724770642202,0.3908256880733945,0.5533141210374639,0.5765151515151515,0.0192539042966496
U_30041606,C_676646,0.0,中国医科大学,2020-07-29 14:45:59,2,C,69,90,0.125,0.0,0.018348623853211,0.018348623853211,0.0201729106628242,0.0053030303030303,0.0747385786437812
U_28295373,C_1750795,0.0,辽宁对外经贸学院,2020-06-13 09:32:43,4,E,781,18,0.0416666666666666,0.0,0.0055045871559633,0.0055045871559633,0.0057636887608069,0.003030303030303,0.0612535497080882
U_14074261,C_674920,0.0,吉林大学,2020-05-02 20:39:38,4,E,255,87,0.0416666666666666,0.0,0.018348623853211,0.018348623853211,0.0172910662824207,0.0045454545454545,0.0631964326780677
U_30111982,C_1750793,0.0,昆明理工大学,2020-05-21 22:15:58,0,A,476,17,0.0972222222222222,0.0,0.036697247706422,0.036697247706422,0.0489913544668587,0.0257575757575757,0.0702208592093173
U_31066167,C_682392,0.0,华南理工大学,2020-08-20 12:09:38,3,D,211,108,0.125,0.0,0.4495412844036697,0.4495412844036697,0.2507204610951008,0.0818181818181818,0.0821013194604823
U_29655365,C_1714448,2.0,辽宁对外经贸学院,2020-04-26 09:37:18,4,E,781,8,0.0416666666666666,0.0,0.0678899082568807,0.0678899082568807,0.063400576368876,0.0363636363636363,0.062426437605077
U_30326340,C_676635,0.0,华南理工大学,2020-06-02 18:59:41,3,D,211,89,0.1388888888888889,0.0,0.0642201834862385,0.0642201834862385,0.0893371757925072,0.0234848484848484,0.0797857034287553
U_31634444,C_1992917,2.0,辽宁对外经贸学院,2020-08-29 10:32:12,4,E,781,80,0.0416666666666666,0.0,0.0862385321100917,0.0862385321100917,0.0547550432276657,0.028030303030303,0.0639962111353236
U_16136180,C_786631,1.0,北华航天工业学院,2020-04-11 15:02:05,0,A,186,154,0.1111111111111111,0.0,0.1908256880733945,0.2660550458715596,0.2219020172910662,0.0803030303030303,0.0710868108592161
U_11605306,C_697076,0.0,长沙理工大学,2020-09-09 19:32:39,4,E,862,121,0.0416666666666666,0.0,0.0752293577981651,0.0752293577981651,0.0518731988472622,0.034090909090909,0.0626573058803819
U_29995002,C_766175,2.0,昆明理工大学,2020-05-15 14:44:12,0,A,476,151,0.1111111111111111,0.0,0.1889908256880734,0.2807339449541284,0.2247838616714697,0.0621212121212121,0.0641823449061275
U_11064829,C_676646,2.0,天津商业大学,2020-08-11 07:21:19,4,E,316,90,0.0416666666666666,0.0,0.0091743119266055,0.0091743119266055,0.0144092219020172,0.0037878787878787,0.0605934867208845
U_7374697,C_1824911,2.0,重庆三峡医药高等专科学校,2020-06-10 18:12:12,4,E,822,57,0.0555555555555555,0.0,0.0678899082568807,0.0678899082568807,0.0403458213256484,0.028030303030303,0.0631878849359256
U_25355134,C_735197,0.0,辽宁石油化工大学,2020-10-15 15:48:45,3,D,790,141,0.4583333333333333,0.0,0.3376146788990826,0.3376146788990826,0.5302593659942363,0.1515151515151515,0.0763252792786867
U_19339967,C_1017355,1.0,广中医,2020-03-13 12:21:50,2,C,420,0,0.0277777777777777,0.0,0.1889908256880734,0.1889908256880734,0.1613832853025936,0.0613636363636363,0.0744688542938261
U_33224750,C_697076,1.0,辽宁对外经贸学院,2020-09-24 15:11:11,4,E,781,121,0.0416666666666666,0.0,0.0275229357798165,0.0275229357798165,0.0432276657060518,0.0136363636363636,0.0141785590645074
U_31099851,C_682392,1.0,昆明理工大学,2020-07-30 13:22:15,0,A,476,108,0.125,0.0,0.4495412844036697,0.4495412844036697,0.685878962536023,0.2401515151515151,0.0629466266472871
U_28977349,C_948436,2.0,辽宁对外经贸学院,2020-05-18 00:12:04,4,E,781,171,0.0416666666666666,0.0,0.0697247706422018,0.0697247706422018,0.0489913544668587,0.0333333333333333,0.0624749507464578
U_32722463,C_735164,1.0,中国医科大学,2020-09-15 08:30:30,2,C,69,138,0.1388888888888889,0.0,0.1963302752293578,0.1963302752293578,0.1844380403458213,0.0628787878787878,0.0744552898293261
U_33329073,C_697076,2.0,辽宁对外经贸学院,2020-12-05 16:09:05,4,E,781,121,0.0555555555555555,0.0,0.1853211009174312,0.1853211009174312,0.1671469740634005,0.05,0.0660591586826443
U_31683184,C_682392,0.0,昆明理工大学,2020-09-14 19:35:03,0,A,476,108,0.1111111111111111,0.0,0.091743119266055,0.2495412844036697,0.1440922190201729,0.0492424242424242,0.0426090422064385
U_3674569,C_735197,0.0,华南理工大学,2020-10-14 15:57:15,4,E,211,141,0.0972222222222222,0.0,0.0477064220183486,0.0477064220183486,0.0461095100864553,0.031060606060606,0.0625372016843054
U_27256552,C_1829948,0.0,北方民族大学,2020-06-19 11:59:56,4,E,190,61,0.0138888888888888,0.0,0.0220183486238532,0.0220183486238532,0.0144092219020172,0.0037878787878787,0.0610104045771807
U_25253122,C_735385,0.0,华侨大学,2020-10-28 13:08:37,4,E,201,146,0.0277777777777777,0.0,0.0018348623853211,0.0018348623853211,0.0,0.0,0.0612535893268235
U_33224328,C_697076,2.0,辽宁对外经贸学院,2020-12-03 18:23:14,4,E,781,121,0.0416666666666666,0.0,0.0862385321100917,0.0862385321100917,0.0806916426512968,0.0356060606060606,0.0608845903308784
U_31015091,C_674920,0.0,辽宁对外经贸学院,2020-07-19 11:56:04,4,E,781,87,0.0555555555555555,0.0,0.2201834862385321,0.2201834862385321,0.3458213256484149,0.0931818181818181,0.0654472225541522
U_29580538,C_756642,0.0,辽宁对外经贸学院,2020-04-30 21:57:25,4,E,781,149,0.0416666666666666,0.0,0.0678899082568807,0.0678899082568807,0.0547550432276657,0.0318181818181818,0.0631344838330767
U_24523905,C_1017355,2.0,广州中医药大学,2020-04-25 10:36:59,1,B,423,0,0.0277777777777777,0.0,0.0293577981651376,0.036697247706422,0.0461095100864553,0.0196969696969696,0.1103872145781788
U_31095864,C_1912004,2.0,辽宁对外经贸学院,2020-09-28 16:57:19,4,E,781,74,0.0277777777777777,0.0,0.0055045871559633,0.0055045871559633,0.0028818443804034,0.0007575757575757,0.0618643913690175
U_29775305,C_697062,2.0,辽宁对外经贸学院,2020-05-04 13:29:46,4,E,781,120,0.0416666666666666,0.0,0.1449541284403669,0.1449541284403669,0.0806916426512968,0.0212121212121212,0.0655880324917673
U_30327575,C_676635,2.0,广州中医药大学,2020-06-02 19:38:44,1,B,423,89,0.2222222222222222,0.0,0.0642201834862385,0.0642201834862385,0.0518731988472622,0.0136363636363636,0.116657879813229
U_6131287,C_1017355,2.0,广州中医药大学,2020-03-18 15:17:12,4,E,423,0,0.1111111111111111,0.0,0.0715596330275229,0.0715596330275229,0.0547550432276657,0.0318181818181818,0.0625542179311188
U_29031312,C_677087,2.0,辽宁对外经贸学院,2020-05-24 10:20:20,4,E,781,92,0.0416666666666666,0.0,0.0311926605504587,0.0311926605504587,0.0374639769452449,0.0098484848484848,0.0618857508196887
U_27270792,C_735115,1.0,中国医科大学,2020-02-25 17:17:40,2,C,69,136,0.0694444444444444,0.0,0.1614678899082569,0.2275229357798165,0.201729106628242,0.053030303030303,0.0613332824128891
U_32995100,C_735164,1.0,昆明理工大学,2020-09-17 10:57:29,0,A,476,138,0.1111111111111111,0.0,0.1926605504587156,0.2770642201834862,0.2219020172910662,0.0568181818181818,4.231257452782936e-05
U_11903048,C_707358,1.0,深圳职业技术学院,2020-03-02 17:14:38,0,A,611,134,0.1388888888888889,0.0,0.1908256880733945,0.2825688073394495,0.1959654178674351,0.0507575757575757,0.0698402766856376
U_31066783,C_682392,0.0,辽宁对外经贸学院,2020-09-15 20:37:57,4,E,781,108,0.0555555555555555,0.0,0.0623853211009174,0.0623853211009174,0.0288184438040345,0.0075757575757575,0.0632417515589144
U_31057741,C_801420,2.0,辽宁对外经贸学院,2020-07-24 23:06:38,4,E,781,155,0.0277777777777777,0.0,0.0036697247706422,0.0036697247706422,0.0,0.0,0.0613551222407258
U_30593590,C_1829948,2.0,辽宁对外经贸学院,2020-06-18 08:55:28,4,E,781,61,0.0833333333333333,0.0,0.0422018348623853,0.0422018348623853,0.0144092219020172,0.0037878787878787,0.0626152803069073
U_7751212,C_1017355,2.0,广州中医药大学,2020-03-12 12:07:23,3,D,423,0,0.0277777777777777,0.0,0.1724770642201835,0.1944954128440367,0.1066282420749279,0.1340909090909091,0.0823578210575294
U_20889551,C_801420,2.0,南京邮电大学,2020-09-04 13:51:43,4,E,228,155,0.0416666666666666,0.0,0.0091743119266055,0.0091743119266055,0.0086455331412103,0.0022727272727272,0.0614659952714763
U_30564334,C_1829948,1.0,辽宁对外经贸学院,2020-06-16 17:53:58,4,E,781,61,0.0138888888888888,0.0,0.0073394495412844,0.0073394495412844,0.0057636887608069,0.0015151515151515,0.0606228144896939
U_34488402,C_1912004,0.0,辽宁对外经贸学院,2020-10-08 22:49:37,4,E,781,74,0.0277777777777777,0.0,0.0055045871559633,0.0055045871559633,0.0086455331412103,0.0022727272727272,0.0617963660004992
U_11607497,C_1472684,0.0,辽宁对外经贸学院,2020-11-26 07:40:14,4,E,781,3,0.0416666666666666,0.0,0.018348623853211,0.018348623853211,0.0144092219020172,0.0037878787878787,0.0617241559030643
U_13819330,C_1992950,0.0,长春职业技术学院,2020-11-09 20:23:51,4,E,857,83,0.0277777777777777,0.0,0.0036697247706422,0.0036697247706422,0.0,0.0,0.0613007653358877
U_31683543,C_682392,2.0,昆明理工大学,2020-09-14 23:20:12,0,A,476,108,0.0972222222222222,0.0,0.1137614678899082,0.2605504587155963,0.1786743515850144,0.0431818181818181,0.0494759595031421
U_33329129,C_697076,0.0,辽宁对外经贸学院,2020-11-23 10:15:42,4,E,781,121,0.0416666666666666,0.0,0.073394495412844,0.073394495412844,0.0461095100864553,0.0121212121212121,0.0645558653902392
U_29083483,C_674920,2.0,辽宁对外经贸学院,2020-05-02 01:11:24,4,E,781,87,0.0416666666666666,0.0,0.0807339449541284,0.0807339449541284,0.0720461095100864,0.034090909090909,0.0610766966260295
U_29412494,C_1017355,2.0,辽宁对外经贸学院,2020-04-30 13:39:09,4,E,781,0,0.0416666666666666,0.0,0.0715596330275229,0.0715596330275229,0.0605187319884726,0.0318181818181818,0.061530009243045
U_1059566,C_735164,0.0,湖北大学,2020-09-15 15:32:04,0,A,621,138,0.1111111111111111,0.0,0.2073394495412844,0.2862385321100917,0.2247838616714697,0.0787878787878787,0.0783063745188677
U_18072673,C_823315,1.0,西安石油大学,2020-04-26 16:48:00,4,E,725,158,0.0416666666666666,0.0,0.073394495412844,0.073394495412844,0.0576368876080691,0.0325757575757575,0.0629211963715633
U_7088754,C_773985,0.0,湖南工业大学,2020-07-23 08:01:34,4,E,641,153,0.0277777777777777,0.0,0.0055045871559633,0.0055045871559633,0.0,0.0,0.0613476194427275
U_7287294,C_735164,0.0,石家庄铁道大学,2020-11-17 10:41:53,0,A,673,138,0.125,0.0,0.2862385321100917,0.2954128440366972,0.4438040345821325,0.1613636363636363,0.0670135492544272
U_31040346,C_1824926,1.0,辽宁对外经贸学院,2020-07-22 13:22:46,4,E,781,58,0.0138888888888888,0.0,0.0807339449541284,0.0807339449541284,0.0979827089337175,0.0393939393939393,0.0625309369717854
U_33329502,C_697076,2.0,辽宁对外经贸学院,2020-09-22 08:44:27,4,E,781,121,0.0416666666666666,0.0,0.0844036697247706,0.0844036697247706,0.0720461095100864,0.0325757575757575,0.0610871559721499
U_30559878,C_1829948,0.0,辽宁对外经贸学院,2020-06-16 14:51:06,4,E,781,61,0.0416666666666666,0.0,0.0311926605504587,0.0311926605504587,0.0288184438040345,0.0075757575757575,0.0619457484419659
U_31083883,C_682392,0.0,中国医科大学,2020-07-30 17:43:21,2,C,69,108,0.0416666666666666,0.0,0.4495412844036697,0.4495412844036697,0.3458213256484149,0.1181818181818181,0.0716902190549339
U_7319286,C_674920,0.0,湖南工业大学,2020-06-16 15:55:06,4,E,641,87,0.0416666666666666,0.0,0.055045871559633,0.055045871559633,0.0662824207492795,0.0174242424242424,0.0626066335179271
U_5314533,C_1750793,0.0,内蒙古农业大学职业技术学院,2020-05-20 20:48:08,0,A,142,17,0.0555555555555555,0.0,0.036697247706422,0.036697247706422,0.0461095100864553,0.0242424242424242,0.0698733682343009
U_12737585,C_948387,1.0,深圳信息职业技术学院,2020-10-27 14:04:54,4,E,610,169,0.0416666666666666,0.0,0.0311926605504587,0.0311926605504587,0.0172910662824207,0.0045454545454545,0.0621288117607836
U_29132990,C_735385,1.0,中国医科大学,2020-07-03 13:34:37,2,C,69,146,0.1666666666666666,0.0,0.0899082568807339,0.0899082568807339,0.1268011527377521,0.0333333333333333,0.0699593408899123
U_5798790,C_1824911,2.0,重庆三峡医药高等专科学校,2020-06-12 08:45:00,4,E,822,57,0.1111111111111111,0.0,0.0623853211009174,0.0623853211009174,0.0922190201729106,0.0242424242424242,0.0630577324381075
U_33547450,C_697076,2.0,辽宁对外经贸学院,2020-11-19 21:56:35,4,E,781,121,0.0416666666666666,0.0,0.0715596330275229,0.0715596330275229,0.0230547550432276,0.0204545454545454,0.0640181004865795
U_30372545,C_1829948,2.0,华南理工大学,2020-06-05 17:29:17,3,D,211,61,0.0416666666666666,0.0,0.0422018348623853,0.0422018348623853,0.063400576368876,0.0166666666666666,0.0478787252369874
U_32058978,C_1761368,0.0,华南理工大学,2020-09-05 19:57:35,3,D,211,31,0.1388888888888889,0.0,0.0990825688073394,0.0990825688073394,0.0691642651296829,0.0196969696969696,0.0821288742908868
U_9478339,C_756642,2.0,辽宁对外经贸学院,2020-05-11 21:43:22,4,E,781,149,0.0277777777777777,0.0,0.0091743119266055,0.0091743119266055,0.0115273775216138,0.0037878787878787,0.0616799017757288
U_33275072,C_697076,0.0,辽宁对外经贸学院,2020-10-16 13:34:42,4,E,781,121,0.0416666666666666,0.0,0.0844036697247706,0.0844036697247706,0.0778097982708933,0.0325757575757575,0.0606204423179175
U_32026924,C_1760297,0.0,辽宁对外经贸学院,2020-09-06 17:26:09,4,E,781,29,0.0416666666666666,0.0,0.018348623853211,0.018348623853211,0.0086455331412103,0.003030303030303,0.0619866845002196
U_30385126,C_1829948,1.0,昆明理工大学,2020-06-06 16:55:26,0,A,476,61,0.2222222222222222,0.0,0.1688073394495413,0.1688073394495413,0.1152737752161383,0.0303030303030303,0.0724124636471984
U_6766442,C_1824911,2.0,重庆三峡医院高等专科学校,2020-06-03 16:24:42,4,E,825,57,0.0416666666666666,0.0,0.0770642201834862,0.0770642201834862,0.0432276657060518,0.0234848484848484,0.0583857871717859
U_30027820,C_674920,0.0,辽宁对外经贸学院,2020-05-18 01:52:47,4,E,781,87,0.0416666666666666,0.0,0.018348623853211,0.018348623853211,0.0201729106628242,0.0053030303030303,0.0610050560479146
U_30349831,C_674920,0.0,辽宁对外经贸学院,2020-06-06 13:06:08,4,E,781,87,0.0416666666666666,0.0,0.073394495412844,0.073394495412844,0.1152737752161383,0.0303030303030303,0.0639149332998458
U_7374715,C_1824911,2.0,重庆三峡医药高等专科学校,2020-06-10 18:17:14,4,E,822,57,0.0972222222222222,0.0,0.0623853211009174,0.0623853211009174,0.0864553314121037,0.0227272727272727,0.0654441471498241
U_29753710,C_1017355,2.0,华南理工大学,2020-05-01 18:05:11,3,D,211,0,0.1388888888888889,0.0,0.0752293577981651,0.0752293577981651,0.0691642651296829,0.0212121212121212,0.0806413740168425
U_537666,C_735164,1.0,北京理工大学,2020-11-23 10:37:37,0,A,175,138,0.125,0.0,0.2862385321100917,0.3045871559633027,0.4438040345821325,0.1606060606060606,0.0672558871536028
U_6911448,C_680814,1.0,辽宁对外经贸学院,2020-05-21 20:07:10,4,E,781,96,0.0277777777777777,0.0,0.0091743119266055,0.0091743119266055,0.0057636887608069,0.0015151515151515,0.0614574475293343
U_27945819,C_681411,1.0,黑龙江工程学院,2020-06-23 12:12:06,4,E,908,103,0.0416666666666666,0.0,0.0311926605504587,0.0311926605504587,0.031700288184438,0.0083333333333333,0.0618966855906328
U_32729148,C_735164,2.0,辽宁对外经贸学院,2020-09-21 13:53:16,4,E,781,138,0.0416666666666666,0.0,0.0201834862385321,0.0201834862385321,0.031700288184438,0.0151515151515151,0.0614447744863787
U_30687783,C_676635,1.0,广州中医药大学,2020-06-26 09:26:07,1,B,423,89,0.2222222222222222,0.0,0.0642201834862385,0.0642201834862385,0.0951008645533141,0.025,0.1161476895493415
U_30693338,C_758928,0.0,辽宁对外经贸学院,2020-06-26 22:52:08,4,E,781,150,0.0416666666666666,0.0,0.0110091743119266,0.0110091743119266,0.0115273775216138,0.003030303030303,0.0614763506184166
U_29961308,C_1714448,2.0,辽宁对外经贸学院,2020-05-13 14:57:48,4,E,781,8,0.0416666666666666,0.0,0.0770642201834862,0.0770642201834862,0.0201729106628242,0.0053030303030303,0.0646612759878595
U_30367302,C_1829948,2.0,广州中医药大学,2020-06-05 12:39:26,1,B,423,61,0.3055555555555555,0.0,0.4770642201834862,0.4770642201834862,0.4553314121037464,0.1196969696969696,0.1024703413677952
U_2662846,C_735164,0.0,南昌工程学院,2020-10-27 17:32:35,0,A,234,138,0.0138888888888888,0.0,0.0568807339449541,0.073394495412844,0.0778097982708933,0.0348484848484848,0.0686521454802401
U_1589194,C_2027893,0.0,北京石油化工学院,2020-09-01 09:59:42,4,E,176,84,0.0416666666666666,0.0,0.0605504587155963,0.0605504587155963,0.0345821325648414,0.0295454545454545,0.0009077970535061
U_31048878,C_801420,0.0,辽宁对外经贸学院,2020-07-23 14:06:47,4,E,781,155,0.0416666666666666,0.0,0.0073394495412844,0.0073394495412844,0.0028818443804034,0.0007575757575757,0.0614607755030999
U_15322047,C_813262,0.0,华南理工大学,2020-06-05 19:55:34,3,D,211,157,0.1527777777777777,0.0,0.1761467889908257,0.2110091743119266,0.132564841498559,0.1378787878787878,0.082179923031327
U_29797310,C_948395,1.0,西安美术学院,2020-05-26 14:32:32,3,D,727,170,0.1805555555555555,0.0,0.110091743119266,0.110091743119266,0.1095100864553314,0.0606060606060606,0.0815787087230768
U_14348213,C_682392,1.0,陕西工业职业技术学院,2020-09-04 15:48:42,4,E,876,108,0.0416666666666666,0.0,0.018348623853211,0.018348623853211,0.0201729106628242,0.0053030303030303,0.0610043379583372
U_30593434,C_1829948,2.0,辽宁对外经贸学院,2020-06-18 08:45:10,4,E,781,61,0.625,0.0,0.4,0.4,0.3659942363112392,0.0962121212121212,0.0783325971692975
U_28499207,C_697107,0.0,辽宁对外经贸学院,2020-05-10 14:13:09,4,E,781,122,0.0416666666666666,0.0,0.1192660550458715,0.1192660550458715,0.1440922190201729,0.0409090909090909,0.0643527599436991
U_31086761,C_676646,1.0,辽宁对外经贸学院,2020-08-10 01:50:30,4,E,781,90,0.0416666666666666,0.0,0.0422018348623853,0.0422018348623853,0.0576368876080691,0.0151515151515151,0.0620771736916557
U_5152492,C_735197,2.0,华南理工大学,2020-09-27 09:17:36,4,E,211,141,0.0416666666666666,0.0,0.0880733944954128,0.0880733944954128,0.132564841498559,0.0,0.0667325880406714
U_29934387,C_697062,2.0,辽宁对外经贸学院,2020-05-12 08:25:39,4,E,781,120,0.0555555555555555,0.0,0.1889908256880734,0.1889908256880734,0.2190201729106628,0.0583333333333333,0.0657619587397554
U_32936597,C_1808487,1.0,辽宁对外经贸学院,2020-09-16 17:00:03,4,E,781,55,0.0277777777777777,0.0,0.0073394495412844,0.0073394495412844,0.0,0.0,0.0614713735147939
U_32312545,C_697076,2.0,辽宁对外经贸学院,2020-09-09 19:33:14,4,E,781,121,0.0416666666666666,0.0,0.0844036697247706,0.0844036697247706,0.0691642651296829,0.0393939393939393,0.0632797558307555
U_34127425,C_1774987,2.0,昆明理工大学,2020-10-21 21:51:32,0,A,476,47,0.0833333333333333,0.0,0.0036697247706422,0.0036697247706422,0.0057636887608069,0.003030303030303,0.097051582874947
U_30581157,C_1829948,1.0,辽宁对外经贸学院,2020-06-17 14:13:37,4,E,781,61,0.0416666666666666,0.0,0.0311926605504587,0.0311926605504587,0.0374639769452449,0.0098484848484848,0.0618437103891884
U_17663185,C_735283,2.0,浙江商业职业技术学院,2020-02-24 12:12:01,3,D,598,143,0.1666666666666666,0.0,0.1871559633027523,0.1944954128440367,0.1556195965417867,0.084090909090909,0.0772183945239789
U_32753993,C_735164,1.0,昆明理工大学,2020-11-17 22:02:06,2,C,476,138,0.1666666666666666,0.0,0.2862385321100917,0.3137614678899083,0.446685878962536,0.1628787878787878,0.0771013855415981
U_27377232,C_758928,2.0,辽宁对外经贸学院,2020-05-22 14:58:26,4,E,781,150,0.0277777777777777,0.0,0.0055045871559633,0.0055045871559633,0.0057636887608069,0.0015151515151515,0.0619189958909513
U_1528190,C_682407,1.0,清华大学,2020-05-12 21:32:53,4,E,612,110,0.0277777777777777,0.0,0.0018348623853211,0.0018348623853211,0.0,0.0,0.0612535893268235
U_29928975,C_735115,1.0,昆明理工大学,2020-05-11 18:02:51,0,A,476,136,0.1111111111111111,0.0,0.3467889908256881,0.3467889908256881,0.440922190201729,0.1469696969696969,0.0694121071085148
U_12649563,C_735197,0.0,辽宁石油化工大学,2020-09-09 18:28:11,3,D,790,141,0.1666666666666666,0.0,0.1669724770642202,0.2880733944954128,0.0864553314121037,0.1295454545454545,0.0768734639097315
U_33224466,C_697076,2.0,辽宁对外经贸学院,2020-11-16 10:16:04,4,E,781,121,0.0416666666666666,0.0,0.0844036697247706,0.0844036697247706,0.0749279538904899,0.0333333333333333,0.0621070907891528
U_15399157,C_697076,2.0,泽大,2020-09-24 14:08:23,0,A,589,121,0.0694444444444444,0.0,0.0110091743119266,0.0110091743119266,0.0144092219020172,0.0037878787878787,0.0747468688641437
U_34270316,C_682392,0.0,辽宁对外经贸学院,2020-10-05 13:42:37,4,E,781,108,0.0694444444444444,0.0,0.3009174311926605,0.3009174311926605,0.2190201729106628,0.0734848484848484,0.0699564982456542
U_30180007,C_1724288,2.0,辽宁对外经贸学院,2020-05-25 21:22:55,4,E,781,9,0.0416666666666666,0.0,0.0275229357798165,0.0275229357798165,0.0432276657060518,0.0151515151515151,0.0617079369832989
U_30569478,C_1750793,1.0,昆明理工大学,2020-06-16 20:23:07,0,A,476,17,0.125,0.0,0.036697247706422,0.036697247706422,0.0547550432276657,0.0287878787878787,0.0704102813351515
U_478264,C_735164,2.0,云南财经大学,2020-09-26 10:51:51,4,E,117,138,0.0555555555555555,0.0,0.0807339449541284,0.0807339449541284,0.0778097982708933,0.0234848484848484,0.0630481100377703
U_34220980,C_1912004,0.0,辽宁对外经贸学院,2020-10-04 19:00:08,4,E,781,74,0.0416666666666666,0.0,0.0091743119266055,0.0091743119266055,0.0057636887608069,0.0015151515151515,0.062409173741168
U_33017903,C_735164,1.0,昆明理工大学,2020-11-08 09:36:10,0,A,476,138,0.0416666666666666,0.0,0.2862385321100917,0.3229357798165138,0.4149855907780979,0.1462121212121212,0.0703513534187275
U_25330348,C_747056,0.0,辽宁对外经贸学院,2020-05-12 09:26:35,4,E,781,147,0.0416666666666666,0.0,0.0091743119266055,0.0091743119266055,0.0057636887608069,0.0015151515151515,0.0603603601776673
U_6758293,C_1824911,2.0,重庆三峡医药高等专科学校,2020-06-25 11:26:57,4,E,822,57,0.1111111111111111,0.0,0.0862385321100917,0.0862385321100917,0.1354466858789625,0.0356060606060606,0.0635280167308592
U_30938824,C_677087,1.0,辽宁对外经贸学院,2020-11-08 21:02:45,4,E,781,92,0.0416666666666666,0.0,0.073394495412844,0.073394495412844,0.0720461095100864,0.0189393939393939,0.0632122801721896
U_31108276,C_674920,1.0,辽宁对外经贸学院,2020-07-31 12:30:31,4,E,781,87,0.0416666666666666,0.0,0.018348623853211,0.018348623853211,0.0115273775216138,0.003030303030303,0.0611070941006921
U_4866510,C_766175,2.0,深圳信息职业技术学院,2020-06-15 15:40:52,4,E,610,151,0.0416666666666666,0.0,0.0220183486238532,0.0220183486238532,0.0345821325648414,0.009090909090909,0.0615413649630518
U_8253383,C_735164,0.0,岭南师范学院,2020-10-20 14:18:39,0,A,389,138,0.1111111111111111,0.0,0.1761467889908257,0.2660550458715596,0.2190201729106628,0.0446969696969697,0.0536154225679886
U_30560109,C_1829948,0.0,华南理工大学,2020-06-16 14:59:11,3,D,211,61,0.25,0.0,0.4770642201834862,0.4770642201834862,0.7492795389048991,0.1969696969696969,0.0705419393449112
U_32853745,C_735164,1.0,昆明理工大学,2020-11-30 22:27:54,0,A,476,138,0.0833333333333333,0.0,0.0091743119266055,0.0091743119266055,0.0144092219020172,0.006060606060606,0.06606453197362
U_3958160,C_697076,2.0,辽宁省交通高等专科学校,2020-10-05 08:06:55,0,A,789,121,0.1527777777777777,0.0,0.5541284403669725,0.5541284403669725,0.8703170028818443,0.2931818181818181,0.0781882809736079
U_33246423,C_697076,1.0,辽宁对外经贸学院,2020-11-24 15:02:05,4,E,781,121,0.0416666666666666,0.0,0.0715596330275229,0.0715596330275229,0.0201729106628242,0.0196969696969696,0.0639084655413073
U_30566724,C_1829948,2.0,中国医科大学,2020-06-16 19:29:49,2,C,69,61,0.0277777777777777,0.0,0.4770642201834862,0.4770642201834862,0.2939481268011527,0.0772727272727272,0.0757475291664207
U_34570471,C_948120,0.0,中国医科大学,2020-10-09 16:49:03,2,C,69,167,0.0972222222222222,0.0,0.0697247706422018,0.0697247706422018,0.0432276657060518,0.0113636363636363,0.0794641082496025
U_24736182,C_948395,1.0,昆明理工大学,2020-05-19 13:50:21,0,A,476,170,0.0138888888888888,0.0,0.018348623853211,0.018348623853211,0.0230547550432276,0.0166666666666666,0.0661490090219737
U_6509969,C_1824911,2.0,重庆三峡医药高等专科学校,2020-06-05 11:33:00,4,E,822,57,0.2777777777777778,0.0,0.0623853211009174,0.0623853211009174,0.0979827089337175,0.0257575757575757,0.0663462905144239
U_30365441,C_1829948,0.0,华南理工大学,2020-06-05 10:42:48,3,D,211,61,0.2916666666666666,0.0,0.4770642201834862,0.4770642201834862,0.7463976945244957,0.1962121212121212,0.0709728574717957
U_16095270,C_735283,2.0,辽宁对外经贸学院,2020-05-28 16:23:41,4,E,781,143,0.0416666666666666,0.0,0.0201834862385321,0.0201834862385321,0.0172910662824207,0.0045454545454545,0.0622685866589389
U_29316101,C_676635,1.0,广州中医药大学,2020-06-06 13:26:42,1,B,423,89,0.2222222222222222,0.0,0.0642201834862385,0.0642201834862385,0.0864553314121037,0.0227272727272727,0.1162497375068029
U_30279738,C_786631,1.0,辽宁对外经贸学院,2020-05-29 22:06:38,4,E,781,154,0.0416666666666666,0.0,0.0458715596330275,0.0458715596330275,0.0432276657060518,0.0166666666666666,0.0624112636294553
U_29507035,C_948113,0.0,中国医科大学,2020-05-09 14:32:51,2,C,69,166,0.1527777777777777,0.0,0.0660550458715596,0.0660550458715596,0.0806916426512968,0.0219696969696969,0.0709877343069027
U_34077805,C_735164,0.0,昆明理工大学,2020-11-29 22:46:45,0,A,476,138,0.0972222222222222,0.0,0.1798165137614679,0.2568807339449541,0.1671469740634005,0.0454545454545454,0.0693785203256602
U_961809,C_735164,0.0,昆明理工大学,2020-09-15 09:07:03,0,A,476,138,0.1111111111111111,0.0,0.2036697247706422,0.2825688073394495,0.2132564841498559,0.059090909090909,0.0683849715863704
U_30350668,C_1829948,2.0,辽宁对外经贸学院,2020-06-04 12:46:02,4,E,781,61,0.0416666666666666,0.0,0.0825688073394495,0.0825688073394495,0.0576368876080691,0.0318181818181818,0.0663074245350899
U_30578859,C_1829948,1.0,辽宁对外经贸学院,2020-06-17 11:42:20,4,E,781,61,0.0138888888888888,0.0,0.0036697247706422,0.0036697247706422,0.0,0.0,0.0605399964758812
U_21239421,C_948395,0.0,西安美术学院,2020-02-26 18:33:37,2,C,727,170,0.0138888888888888,0.0,0.1743119266055046,0.1743119266055046,0.1585014409221901,0.0606060606060606,0.0746087975716065
U_15052540,C_786631,2.0,河北师范大学汇华学院,2020-05-25 15:54:18,0,A,557,154,0.2361111111111111,0.0,0.255045871559633,0.255045871559633,0.3948126801152737,0.1393939393939394,0.0703509720884002
U_30892974,C_735197,1.0,辽宁对外经贸学院,2020-09-13 10:38:27,4,E,781,141,0.0277777777777777,0.0,0.0091743119266055,0.0091743119266055,0.0115273775216138,0.003030303030303,0.0628027858764211
U_30707090,C_735385,1.0,华南理工大学,2020-06-30 10:04:44,3,D,211,146,0.1944444444444444,0.0,0.4513761467889908,0.4513761467889908,0.7089337175792507,0.1901515151515151,0.0845809273423197
U_30851972,C_674920,0.0,辽宁对外经贸学院,2020-07-05 20:15:15,4,E,781,87,0.0555555555555555,0.0,0.2201834862385321,0.2201834862385321,0.3458213256484149,0.0931818181818181,0.0654472225541522
U_30602538,C_1829948,0.0,辽宁对外经贸学院,2020-06-18 16:31:46,4,E,781,61,0.0416666666666666,0.0,0.0311926605504587,0.0311926605504587,0.0403458213256484,0.0106060606060606,0.0618096977049292
U_10720281,C_1017355,0.0,广州中医药大学,2020-04-14 11:49:57,4,E,423,0,0.0416666666666666,0.0,0.0587155963302752,0.0587155963302752,0.0720461095100864,0.0409090909090909,0.0637286658158104
U_31085561,C_682392,0.0,华南理工大学,2020-08-03 20:09:26,3,D,211,108,0.0972222222222222,0.0,0.0788990825688073,0.2623853211009174,0.1239193083573487,0.1598484848484848,0.0742285171407834
U_31643126,C_1806527,2.0,昆明理工大学,2020-08-31 13:40:33,0,A,476,53,0.0833333333333333,0.0,0.0036697247706422,0.0036697247706422,0.0057636887608069,0.0151515151515151,0.0749107468103901
U_34269333,C_697076,2.0,辽宁对外经贸学院,2020-11-19 10:08:55,4,E,781,121,0.0416666666666666,0.0,0.055045871559633,0.055045871559633,0.0864553314121037,0.0272727272727272,0.0628781506156547
U_33224807,C_697076,1.0,辽宁对外经贸学院,2020-09-24 14:09:51,0,A,781,121,0.125,0.0,0.1853211009174312,0.2752293577981651,0.2190201729106628,0.0689393939393939,0.0681999719018646
U_30561645,C_1829948,2.0,贵州省锦屏县三江中学,2020-06-16 15:56:32,4,E,767,61,0.0416666666666666,0.0,0.0623853211009174,0.0623853211009174,0.0489913544668587,0.0128787878787878,0.0629869139487502
U_8018601,C_1829948,2.0,广州中医药大学,2020-06-13 12:12:41,1,B,423,61,0.3611111111111111,0.0,0.4752293577981651,0.4752293577981651,0.3112391930835734,0.0818181818181818,0.1046247388608832
U_6159534,C_735197,0.0,华南理工大学,2020-10-14 16:40:21,3,D,211,141,0.5277777777777778,0.0,0.0770642201834862,0.0770642201834862,0.1037463976945244,0.0318181818181818,0.0872861738264017
U_4661657,C_682392,0.0,陕西工业职业技术学院,2019-12-28 23:17:47,0,A,876,108,0.9722222222222222,0.2,0.2678899082568807,0.4678899082568807,0.3804034582132564,0.0507575757575757,0.0797279145509714
U_29912636,C_735164,2.0,昆明理工大学,2020-09-16 10:27:01,0,A,476,138,0.1111111111111111,0.0,0.2165137614678899,0.2807339449541284,0.2247838616714697,0.0583333333333333,0.071497875047371
U_14341629,C_735164,0.0,哈尔滨理工大学,2020-09-15 16:00:22,0,A,276,138,0.1111111111111111,0.0,0.1963302752293578,0.2844036697247706,0.201729106628242,0.0704545454545454,0.076772966035289
U_33220341,C_697076,1.0,辽宁对外经贸学院,2020-11-19 19:50:06,4,E,781,121,0.0416666666666666,0.0,0.0844036697247706,0.0844036697247706,0.0778097982708933,0.0333333333333333,0.0621797465973598
U_32312606,C_697076,0.0,昆明理工大学,2020-09-09 19:40:35,0,A,476,121,0.0972222222222222,0.0,0.0311926605504587,0.0311926605504587,0.0461095100864553,0.0136363636363636,0.0546424159188543
U_34071974,C_735164,1.0,昆明理工大学,2020-10-26 10:09:40,0,A,476,138,0.1111111111111111,0.0,0.1926605504587156,0.273394495412844,0.2190201729106628,0.0598484848484848,0.0651555948763318
U_24875068,C_948395,2.0,西安美术学院,2020-05-26 11:22:15,0,A,727,170,0.1666666666666666,0.0,0.110091743119266,0.110091743119266,0.1671469740634005,0.0954545454545454,0.0686538490858583
U_30099455,C_735115,1.0,辽宁对外经贸学院,2020-05-21 10:13:57,4,E,781,136,0.0416666666666666,0.0,0.0018348623853211,0.0018348623853211,0.0028818443804034,0.0007575757575757,0.0602193026229565
U_5581745,C_1824911,2.0,重庆三峡医药高等专科学校,2020-06-02 09:50:17,0,A,822,57,0.0555555555555555,0.0,0.0623853211009174,0.0623853211009174,0.0951008645533141,0.025,0.0721774750234218
U_25313633,C_674959,2.0,辽宁对外经贸学院,2020-06-08 19:46:52,4,E,781,88,0.0416666666666666,0.0,0.018348623853211,0.018348623853211,0.0172910662824207,0.0053030303030303,0.0609658929280658
U_6818406,C_756642,2.0,广州中医药大学,2020-05-11 18:32:27,1,B,423,149,0.2222222222222222,0.0,0.0091743119266055,0.0091743119266055,0.0115273775216138,0.0045454545454545,0.1159246162602079
U_5658680,C_1750793,0.0,北京体育大学,2020-06-16 19:44:01,0,A,159,17,0.0277777777777777,0.0,0.0348623853211009,0.0348623853211009,0.0518731988472622,0.0272727272727272,0.069390381184542
U_30721580,C_735115,0.0,辽宁对外经贸学院,2020-06-29 09:41:36,4,E,781,136,0.0416666666666666,0.0,0.0146788990825688,0.0146788990825688,0.0115273775216138,0.003030303030303,0.0606452139321669
U_33841960,C_735164,1.0,辽宁对外经贸学院,2020-11-26 11:17:05,4,E,781,138,0.0555555555555555,0.0,0.1357798165137614,0.1357798165137614,0.2132564841498559,0.0946969696969697,0.0639031764401441
U_21126248,C_948113,0.0,西安思源学院,2020-03-30 10:15:57,4,E,721,166,0.0277777777777777,0.0,0.073394495412844,0.073394495412844,0.0518731988472622,0.0303030303030303,0.0617126862791935
U_13061174,C_801420,0.0,南京邮电大学通达学院,2020-09-01 09:41:03,4,E,229,155,0.0277777777777777,0.0,0.0018348623853211,0.0018348623853211,0.0028818443804034,0.0007575757575757,0.0611950179790172
U_33895625,C_697076,1.0,辽宁对外经贸学院,2020-11-16 14:07:47,4,E,781,121,0.0416666666666666,0.0,0.0752293577981651,0.0752293577981651,0.031700288184438,0.0272727272727272,0.0645682462450219
U_963453,C_735164,0.0,昆明理工大学,2020-11-17 09:51:54,0,A,476,138,0.0416666666666666,0.0,0.2036697247706422,0.2752293577981651,0.1873198847262247,0.0424242424242424,0.067779087219696
U_33102596,C_735164,1.0,昆明理工大学,2020-09-19 16:12:57,0,A,476,138,0.1111111111111111,0.0,0.2018348623853211,0.273394495412844,0.2305475504322766,0.0613636363636363,0.0669073512344427
U_10272769,C_1918363,0.0,新乡医学院三全学院,2020-11-17 13:20:04,4,E,461,76,0.0416666666666666,0.0,0.0165137614678899,0.0165137614678899,0.0172910662824207,0.0106060606060606,0.061821850751984
U_20272740,C_801420,0.0,天津大学,2020-08-26 18:18:59,4,E,319,155,0.0277777777777777,0.0,0.0018348623853211,0.0018348623853211,0.0,0.0,0.0612535893268235
U_25268975,C_948395,2.0,西安美术学院,2020-05-27 22:09:53,0,A,727,170,0.5833333333333333,0.0,0.110091743119266,0.110091743119266,0.1671469740634005,0.0969696969696969,0.0726157325210216
U_6159580,C_735197,0.0,华南理工大学,2020-10-04 21:24:43,3,D,211,141,0.1944444444444444,0.0,0.0807339449541284,0.1798165137614679,0.0893371757925072,0.1553030303030303,0.0681953414621759
U_9844855,C_1875539,2.0,吉林医药学院,2020-08-24 21:45:35,4,E,254,69,0.0416666666666666,0.0,0.0110091743119266,0.0110091743119266,0.0057636887608069,0.0151515151515151,0.0874754779397622
U_29816063,C_674920,2.0,辽宁对外经贸学院,2020-05-07 16:39:41,4,E,781,87,0.0694444444444444,0.0,0.036697247706422,0.036697247706422,0.0432276657060518,0.0113636363636363,0.0653167382494258
U_27221886,C_1736024,0.0,集宁师范学院,2020-05-25 07:47:26,0,A,883,14,0.0833333333333333,0.0,0.1669724770642202,0.1669724770642202,0.2478386167146974,0.1037878787878787,0.0674353649768755
U_30615166,C_823315,2.0,辽宁对外经贸学院,2020-06-19 14:36:43,4,E,781,158,0.0416666666666666,0.0,0.0055045871559633,0.0055045871559633,0.0057636887608069,0.0022727272727272,0.0608911175175199
U_5647280,C_1824911,2.0,重庆三峡医药高等专科学校,2020-06-13 16:32:42,4,E,822,57,0.0416666666666666,0.0,0.0678899082568807,0.0678899082568807,0.0576368876080691,0.0295454545454545,0.0623595611798826
U_5581734,C_1824911,2.0,重庆三峡医药高等专科学校,2020-06-02 09:50:33,2,C,822,57,0.0138888888888888,0.0,0.1743119266055046,0.1743119266055046,0.1469740634005763,0.0553030303030303,0.0842571036093059
U_16632752,C_1844112,0.0,内蒙古大学,2020-08-19 08:11:04,0,A,145,63,0.1666666666666666,0.0,0.3669724770642202,0.4165137614678899,0.5302593659942363,0.546969696969697,0.2264530522752625
U_30537057,C_1829948,1.0,辽宁对外经贸学院,2020-06-15 14:27:14,4,E,781,61,0.0138888888888888,0.0,0.0018348623853211,0.0018348623853211,0.0,0.0,0.0604645772608866
U_18520824,C_756642,2.0,华南理工大学,2020-05-15 12:22:02,3,D,211,149,0.125,0.0,0.0623853211009174,0.0623853211009174,0.0489913544668587,0.0136363636363636,0.0801931375502879
U_33713515,C_697076,2.0,辽宁对外经贸学院,2020-11-16 16:48:07,4,E,781,121,0.0416666666666666,0.0,0.0623853211009174,0.0623853211009174,0.0806916426512968,0.0257575757575757,0.0633010855673753
U_30690195,C_735243,0.0,辽宁对外经贸学院,2020-06-26 15:34:43,4,E,781,142,0.0416666666666666,0.0,0.0275229357798165,0.0275229357798165,0.0201729106628242,0.0053030303030303,0.0616109206052212
U_30594154,C_1829948,0.0,辽宁对外经贸学院,2020-06-18 09:24:57,4,E,781,61,0.0138888888888888,0.0,0.0311926605504587,0.0311926605504587,0.0201729106628242,0.0053030303030303,0.0614332256250373
U_15876270,C_735164,0.0,河师大,2020-10-12 21:33:24,0,A,582,138,0.1111111111111111,0.0,0.1981651376146789,0.2568807339449541,0.2305475504322766,0.0765151515151515,0.0765098134430526
U_29078950,C_735385,2.0,辽宁对外经贸学院,2020-06-09 19:38:55,4,E,781,146,0.0416666666666666,0.0,0.0128440366972477,0.0128440366972477,0.0086455331412103,0.0022727272727272,0.0615402061150441
U_16570027,C_801420,0.0,辽宁对外经贸学院,2020-07-08 17:03:18,4,E,781,155,0.0416666666666666,0.0,0.073394495412844,0.073394495412844,0.1066282420749279,0.0113636363636363,0.06304140456682
U_24668161,C_801420,1.0,中央司法警官学院,2020-08-22 23:19:55,4,E,88,155,0.0277777777777777,0.0,0.0055045871559633,0.0055045871559633,0.0,0.0,0.0613476194427275
U_28890432,C_1714448,2.0,中国医科大学,2020-03-20 10:24:27,2,C,69,8,0.0277777777777777,0.0,0.1871559633027523,0.1871559633027523,0.1585014409221901,0.0628787878787878,0.0766844231142247
U_17197408,C_676635,2.0,辽宁对外经贸学院,2020-06-09 17:36:18,4,E,781,89,0.0416666666666666,0.0,0.0091743119266055,0.0091743119266055,0.0057636887608069,0.0015151515151515,0.0607656053640743
U_23324007,C_823315,0.0,西安石油大学,2020-07-05 17:42:01,4,E,725,158,0.0138888888888888,0.0,0.0880733944954128,0.0880733944954128,0.1152737752161383,0.0318181818181818,0.0626774371502587
U_34702248,C_707103,0.0,华南理工大学,2020-10-25 10:54:39,3,D,211,133,0.125,0.0,0.055045871559633,0.055045871559633,0.0172910662824207,0.0045454545454545,0.0805823371488965
U_11064802,C_676646,2.0,天津商业大学,2020-08-17 16:53:59,4,E,316,90,0.0277777777777777,0.0,0.0091743119266055,0.0091743119266055,0.0144092219020172,0.0037878787878787,0.0370850482748009
U_5277626,C_674920,0.0,西昌民族幼儿师范高等专科学校,2020-07-14 18:23:22,4,E,751,87,0.0694444444444444,0.0,0.2201834862385321,0.2201834862385321,0.3458213256484149,0.0931818181818181,0.0637527391498499
U_14633032,C_1732845,2.0,铜仁学院,2020-03-25 16:54:01,2,C,850,13,0.0972222222222222,0.0,0.1559633027522936,0.1559633027522936,0.132564841498559,0.078030303030303,0.077137859539788
U_23444412,C_948120,1.0,中国农业大学,2020-09-25 22:54:06,4,E,67,167,0.0138888888888888,0.0,0.0091743119266055,0.0091743119266055,0.0144092219020172,0.0037878787878787,0.0601021797367117
U_30014110,C_1806527,1.0,昆明理工大学,2020-09-15 23:15:41,0,A,476,53,0.0694444444444444,0.0,0.0073394495412844,0.0073394495412844,0.0028818443804034,0.0075757575757575,0.0715698424800522
U_8512100,C_735197,0.0,华南理工大学,2020-10-15 16:43:20,4,E,211,141,0.0416666666666666,0.0,0.0660550458715596,0.0660550458715596,0.0518731988472622,0.031060606060606,0.0623119047936528
U_29807699,C_735115,0.0,中国医科大学,2020-06-02 17:46:04,2,C,69,136,0.1666666666666666,0.0,0.1449541284403669,0.2110091743119266,0.1239193083573487,0.0348484848484848,0.0687236275834138
U_3668476,C_1750793,0.0,北京体育大学,2020-06-05 20:02:11,4,E,159,17,0.0277777777777777,0.0,0.0220183486238532,0.0220183486238532,0.0345821325648414,0.0181818181818181,0.0612041005740859
U_5644436,C_1017355,0.0,广州中医药大学,2020-05-09 20:58:36,4,E,423,0,0.0416666666666666,0.0,0.0458715596330275,0.0458715596330275,0.0259365994236311,0.0068181818181818,0.0625357853145183
U_33224490,C_697076,1.0,辽宁对外经贸学院,2020-11-20 10:41:45,4,E,781,121,0.0416666666666666,0.0,0.0825688073394495,0.0825688073394495,0.0691642651296829,0.031060606060606,0.0611352134980747
U_31181101,C_801420,0.0,辽宁对外经贸学院,2020-08-12 16:41:24,4,E,781,155,0.0277777777777777,0.0,0.0055045871559633,0.0055045871559633,0.0057636887608069,0.0015151515151515,0.0613625160872021
U_20262891,C_948120,0.0,辽宁对外经贸学院,2020-09-24 16:53:04,4,E,781,167,0.0277777777777777,0.0,0.0844036697247706,0.0844036697247706,0.0518731988472622,0.0272727272727272,0.0648725825126076
U_16102639,C_786631,1.0,北华航天工业学院,2020-03-30 10:05:19,0,A,186,154,0.0277777777777777,0.0,0.1889908256880734,0.2623853211009174,0.2046109510086455,0.0757575757575757,0.0708323496270373
U_15201622,C_735197,1.0,辽宁石油化工大学,2020-09-09 10:04:56,4,E,790,141,0.0416666666666666,0.0,0.0458715596330275,0.0458715596330275,0.0547550432276657,0.0295454545454545,0.0643613918756537
U_30422298,C_676635,0.0,华南理工大学,2020-06-09 16:59:13,3,D,211,89,0.1388888888888889,0.0,0.0642201834862385,0.0642201834862385,0.0864553314121037,0.0227272727272727,0.0798197161130145
U_22337304,C_676635,0.0,中国矿业大学（北京）,2020-04-30 11:30:49,2,C,85,89,0.1527777777777777,0.0,0.1779816513761468,0.1779816513761468,0.170028818443804,0.0643939393939393,0.0768929117564243
U_32612209,C_735164,2.0,昆明理工大学,2020-11-28 22:10:02,0,A,476,138,0.125,0.0,0.2862385321100917,0.3412844036697248,0.409221902017291,0.1424242424242424,0.0713704215758955
U_26873199,C_2141845,0.0,宝鸡文理学院,2020-09-11 13:40:56,2,C,356,86,0.0138888888888888,0.0,0.055045871559633,0.055045871559633,0.0864553314121037,0.0227272727272727,0.0752568263679613
U_19223522,C_697062,2.0,湖北科技学院,2020-04-25 11:09:16,0,A,633,120,0.1111111111111111,0.0,0.1926605504587156,0.2788990825688073,0.2247838616714697,0.0598484848484848,0.0655703476787956
U_30662805,C_676635,0.0,辽宁对外经贸学院,2020-06-23 15:53:50,4,E,781,89,0.0138888888888888,0.0,0.036697247706422,0.036697247706422,0.0489913544668587,0.0128787878787878,0.0618726865417219
U_30613719,C_1829948,2.0,华南理工大学,2020-06-19 12:40:47,3,D,211,61,0.2777777777777778,0.0,0.4678899082568807,0.4678899082568807,0.5706051873198847,0.15,0.072538203608372
U_20289760,C_735130,1.0,辽宁对外经贸学院,2020-10-11 05:37:39,4,E,781,137,0.0416666666666666,0.0,0.073394495412844,0.073394495412844,0.0403458213256484,0.0303030303030303,0.0639858013126223
U_5643130,C_1824911,2.0,辽宁对外经贸学院,2020-06-03 20:01:13,4,E,781,57,0.1111111111111111,0.0,0.0623853211009174,0.0623853211009174,0.0893371757925072,0.0234848484848484,0.0643210649554553
U_11064797,C_676646,2.0,天津商业大学,2020-08-11 07:27:41,4,E,316,90,0.0416666666666666,0.0,0.018348623853211,0.018348623853211,0.0288184438040345,0.0075757575757575,0.0601611769859225
U_20572928,C_823315,0.0,西安石油大学,2020-06-13 19:32:30,4,E,725,158,0.0277777777777777,0.0,0.0899082568807339,0.0899082568807339,0.0518731988472622,0.025,0.0648240446095173
U_18618400,C_1776290,1.0,辽宁对外经贸学院,2020-05-22 15:28:04,4,E,781,48,0.0416666666666666,0.0,0.0697247706422018,0.0697247706422018,0.0461095100864553,0.0325757575757575,0.0626830184395947
U_33275555,C_697076,2.0,辽宁对外经贸学院,2020-11-17 12:26:11,4,E,781,121,0.0277777777777777,0.0,0.0275229357798165,0.0275229357798165,0.0201729106628242,0.006060606060606,0.0596309049755773
U_4334808,C_735164,0.0,聊城大学东昌学院,2020-11-27 13:35:35,0,A,689,138,0.125,0.0,0.2862385321100917,0.3357798165137615,0.4293948126801152,0.1537878787878787,0.0683055607837938
U_30457167,C_1829948,2.0,辽宁对外经贸学院,2020-06-11 16:26:18,4,E,781,61,0.0416666666666666,0.0,0.0128440366972477,0.0128440366972477,0.0057636887608069,0.0015151515151515,0.0614636379567257
U_32577481,C_735164,1.0,昆明理工大学,2020-09-18 21:23:24,0,A,476,138,0.1111111111111111,0.0,0.1889908256880734,0.273394495412844,0.2132564841498559,0.0583333333333333,0.0418971419779205
U_30111753,C_1750793,2.0,昆明理工大学,2020-05-21 21:42:38,0,A,476,17,0.0972222222222222,0.0,0.036697247706422,0.036697247706422,0.0518731988472622,0.0272727272727272,0.0701832709341969
U_6332752,C_676635,0.0,山东师范大学历山学院,2020-06-22 16:24:49,4,E,372,89,0.0416666666666666,0.0,0.0091743119266055,0.0091743119266055,0.0057636887608069,0.0015151515151515,0.061388847689154
U_25262256,C_801420,0.0,辽宁对外经贸学院,2020-09-02 15:26:48,4,E,781,155,0.0277777777777777,0.0,0.0036697247706422,0.0036697247706422,0.0,0.0,0.0613551222407258
U_16646910,C_1844112,2.0,昆明理工大学,2020-08-19 08:07:49,0,A,476,63,0.0138888888888888,0.0,0.3577981651376147,0.3761467889908257,0.5417867435158501,0.5606060606060606,0.1091510558910643
U_31065882,C_697076,2.0,辽宁对外经贸学院,2020-07-29 09:25:39,4,E,781,121,0.0416666666666666,0.0,0.036697247706422,0.036697247706422,0.0403458213256484,0.0113636363636363,0.0604358982488678
U_19943598,C_948395,2.0,西安美术学院,2020-05-25 20:26:22,0,A,727,170,0.125,0.0,0.110091743119266,0.110091743119266,0.1642651296829971,0.0924242424242424,0.0683016930047597
U_33312091,C_2059281,2.0,辽宁对外经贸学院,2020-09-21 19:44:57,4,E,781,85,0.0416666666666666,0.0,0.0091743119266055,0.0091743119266055,0.0115273775216138,0.0037878787878787,0.0618032745174679
U_5076009,C_1864065,1.0,湖北理工学院,2020-06-20 10:32:03,4,E,631,67,0.0416666666666666,0.0,0.0091743119266055,0.0091743119266055,0.0144092219020172,0.0075757575757575,0.0566277850301062
U_9478284,C_756642,2.0,辽宁对外经贸学院,2020-05-11 16:41:05,4,E,781,149,0.0416666666666666,0.0,0.0091743119266055,0.0091743119266055,0.0057636887608069,0.0015151515151515,0.0608702582533819
U_6229023,C_1017355,1.0,广州中医药大学,2020-05-08 12:48:39,3,D,423,0,0.1388888888888889,0.0,0.0825688073394495,0.0825688073394495,0.0547550432276657,0.0166666666666666,0.0806996878428693
U_5581770,C_1824911,1.0,重庆三峡医药高等专科学校,2020-06-15 21:38:03,4,E,822,57,0.1805555555555555,0.0,0.0678899082568807,0.0678899082568807,0.1037463976945244,0.0272727272727272,0.0637168990514248
U_4238271,C_677087,0.0,北方工业大学,2020-06-08 17:32:12,4,E,189,92,0.0555555555555555,0.0,0.1779816513761468,0.1779816513761468,0.2593659942363112,0.0681818181818181,0.0647362593967657
U_30291488,C_674920,0.0,辽宁对外经贸学院,2020-05-31 09:22:31,4,E,781,87,0.0555555555555555,0.0,0.2201834862385321,0.2201834862385321,0.3285302593659942,0.0878787878787878,0.0656548742505684
U_32966480,C_735164,2.0,昆明理工大学,2020-09-16 22:18:20,0,A,476,138,0.0138888888888888,0.0,0.1889908256880734,0.2642201834862385,0.2132564841498559,0.0583333333333333,0.0660269288414738
U_28100157,C_1829948,2.0,华南理工大学,2020-06-05 10:53:49,3,D,211,61,0.2638888888888889,0.0,0.4678899082568807,0.4678899082568807,0.6512968299711815,0.1712121212121212,0.0714535565395907
U_30806281,C_1829948,2.0,辽宁对外经贸学院,2020-07-01 12:26:14,4,E,781,61,0.0138888888888888,0.0,0.0422018348623853,0.0422018348623853,0.0230547550432276,0.006060606060606,0.0618517381354295
U_30253789,C_825821,1.0,辽宁对外经贸学院,2020-08-27 09:10:21,4,E,781,159,0.0416666666666666,0.0,0.0018348623853211,0.0018348623853211,0.0,0.0,0.0614788515510827
U_23548252,C_674920,0.0,西昌民族幼专,2020-07-19 19:12:22,4,E,745,87,0.0972222222222222,0.0,0.2201834862385321,0.2201834862385321,0.3429394812680115,0.0916666666666666,0.0739342886030424
U_19901137,C_948113,2.0,西安思源学院,2020-02-25 13:56:30,4,E,721,166,0.0277777777777777,0.0,0.0899082568807339,0.0899082568807339,0.0518731988472622,0.025,0.0642102513528078
U_38944,C_735164,2.0,南航,2020-09-16 10:07:31,0,A,235,138,0.0972222222222222,0.0,0.055045871559633,0.0660550458715596,0.0778097982708933,0.0363636363636363,0.0697017646346701
U_16716533,C_735306,2.0,辽宁对外经贸学院,2020-10-12 00:06:13,4,E,781,144,0.0972222222222222,0.0,0.036697247706422,0.0477064220183486,0.0432276657060518,0.0568181818181818,0.0608214232097769
U_10272953,C_1918363,1.0,新乡医学院三全学院,2020-11-15 21:31:03,4,E,461,76,0.0416666666666666,0.0,0.0495412844036697,0.0495412844036697,0.0461095100864553,0.0303030303030303,0.0627820355638052
U_3323463,C_735164,0.0,红河学院,2020-09-15 14:36:05,2,C,684,138,0.1527777777777777,0.0,0.1522935779816513,0.2110091743119266,0.1469740634005763,0.0689393939393939,0.0645824000382095
U_19969299,C_948120,0.0,中国农业大学,2020-10-01 11:00:09,4,E,67,167,0.0555555555555555,0.0,0.110091743119266,0.110091743119266,0.0547550432276657,0.031060606060606,0.0571221773232909
U_32753973,C_735164,2.0,昆明理工大学,2020-11-17 08:28:13,0,A,476,138,0.0138888888888888,0.0,0.2862385321100917,0.3284403669724771,0.4322766570605187,0.1553030303030303,0.0700388507393271
U_29738906,C_676646,1.0,辽宁对外经贸学院,2020-06-02 09:30:19,4,E,781,90,0.0277777777777777,0.0,0.0091743119266055,0.0091743119266055,0.0086455331412103,0.0022727272727272,0.0612978087877655
U_6906981,C_948488,0.0,中国医科大学,2020-05-15 14:53:16,2,C,69,172,0.1388888888888889,0.0,0.091743119266055,0.091743119266055,0.0403458213256484,0.0106060606060606,0.0742982411625779
U_20260681,C_801420,1.0,辽宁对外经贸学院,2020-09-01 09:36:38,4,E,781,155,0.0277777777777777,0.0,0.0055045871559633,0.0055045871559633,0.0057636887608069,0.0015151515151515,0.0613625160872021
U_16751611,C_1776290,0.0,河北农业大学,2020-05-12 12:00:58,2,C,545,48,0.1388888888888889,0.0,0.181651376146789,0.181651376146789,0.1873198847262247,0.0628787878787878,0.078453612596286
U_6509845,C_1824911,2.0,重庆三峡医药高等专科学校,2020-06-05 21:33:29,4,E,822,57,0.1805555555555555,0.0,0.0348623853211009,0.0348623853211009,0.0489913544668587,0.0128787878787878,0.063098108881725
U_30458577,C_1829948,1.0,辽宁对外经贸学院,2020-06-11 17:49:06,4,E,781,61,0.0277777777777777,0.0,0.0220183486238532,0.0220183486238532,0.0144092219020172,0.0037878787878787,0.0612564468281073
U_10272759,C_1918363,2.0,新乡医学院三全学院,2020-11-02 08:56:36,4,E,461,76,0.0277777777777777,0.0,0.073394495412844,0.073394495412844,0.0547550432276657,0.0303030303030303,0.0618705421776736
U_33219915,C_697076,1.0,辽宁对外经贸学院,2020-11-23 19:05:19,0,A,781,121,0.1527777777777777,0.0,0.5541284403669725,0.5541284403669725,0.855907780979827,0.2878787878787879,0.0765988119795729
U_30187374,C_766175,2.0,华南理工大学,2020-05-28 15:56:51,3,D,211,151,0.1527777777777777,0.0,0.1834862385321101,0.1834862385321101,0.0720461095100864,0.0189393939393939,0.0852079829706725
U_30155445,C_948395,1.0,昆明理工大学,2020-05-25 12:09:22,0,A,476,170,0.1111111111111111,0.0,0.110091743119266,0.110091743119266,0.1729106628242074,0.1,0.0691259261263825
U_30156425,C_674920,2.0,辽宁对外经贸学院,2020-05-25 01:10:31,4,E,781,87,0.0416666666666666,0.0,0.018348623853211,0.018348623853211,0.0144092219020172,0.0037878787878787,0.0610730814164329
U_30570235,C_1829948,2.0,辽宁对外经贸学院,2020-06-16 20:52:34,4,E,781,61,0.2916666666666666,0.0,0.0990825688073394,0.0990825688073394,0.1210374639769452,0.0318181818181818,0.0656793932953802
U_29782606,C_1017355,0.0,华南理工大学,2020-05-05 16:03:31,3,D,211,0,0.1388888888888889,0.0,0.0752293577981651,0.0752293577981651,0.0403458213256484,0.0106060606060606,0.0809922375367018
U_14426993,C_747056,0.0,宝鸡文理学院,2020-05-12 18:42:32,4,E,356,147,0.0416666666666666,0.0,0.0256880733944954,0.0256880733944954,0.031700288184438,0.009090909090909,0.0620543830141716
U_29777865,C_1755909,2.0,辽宁对外经贸学院,2020-06-28 22:40:18,4,E,781,21,0.0277777777777777,0.0,0.0110091743119266,0.0110091743119266,0.0115273775216138,0.0037878787878787,0.0616305021651456
U_30367727,C_1829948,2.0,中国医科大学,2020-06-05 13:18:53,2,C,69,61,0.4305555555555555,0.0,0.4770642201834862,0.4770642201834862,0.2824207492795388,0.0742424242424242,0.0797203176584767
U_24693845,C_2027893,2.0,辽宁对外经贸学院,2020-09-09 22:03:10,4,E,781,84,0.0277777777777777,0.0,0.0110091743119266,0.0110091743119266,0.0086455331412103,0.0022727272727272,0.0614592798958421
U_7417001,C_735164,0.0,陕西理工大学,2020-12-04 16:12:14,0,A,880,138,0.0972222222222222,0.0,0.1357798165137614,0.2513761467889908,0.1642651296829971,0.0363636363636363,0.0597017531789862
U_31205285,C_1912004,0.0,辽宁对外经贸学院,2020-08-16 10:07:24,4,E,781,74,0.0277777777777777,0.0,0.0146788990825688,0.0146788990825688,0.0230547550432276,0.006060606060606,0.0682915336384967
U_15218754,C_948120,0.0,中国农业大学,2020-09-27 21:27:45,0,A,67,167,0.0972222222222222,0.0,0.2201834862385321,0.2623853211009174,0.1959654178674351,0.0772727272727272,0.0719359592130038
U_13820896,C_682392,2.0,昆明理工大学,2019-11-03 13:01:19,0,A,476,108,0.125,0.0,0.1596330275229358,0.2954128440366972,0.239193083573487,0.0492424242424242,0.0566632338935202
U_16755700,C_1776290,2.0,河北农业大学,2020-04-27 21:37:41,2,C,545,48,0.125,0.0,0.0091743119266055,0.0091743119266055,0.0144092219020172,0.0075757575757575,0.0763902936233219
U_642646,C_674920,1.0,深圳信息职业技术学院,2020-06-03 18:39:23,4,E,610,87,0.0416666666666666,0.0,0.110091743119266,0.110091743119266,0.1123919308357348,0.0303030303030303,0.063577208343082
U_11129706,C_735164,0.0,昆明理工大学,2020-09-17 10:16:54,0,A,476,138,0.0972222222222222,0.0,0.055045871559633,0.055045871559633,0.0864553314121037,0.0401515151515151,0.0648321813072805
U_32612170,C_735164,2.0,昆明理工大学,2020-11-29 13:10:39,0,A,476,138,0.125,0.0,0.2862385321100917,0.2935779816513761,0.4495677233429394,0.1636363636363636,0.0693044927187432
U_24543347,C_948120,2.0,中国农业大学,2020-10-19 23:35:15,3,D,67,167,0.125,0.0,0.018348623853211,0.018348623853211,0.0201729106628242,0.0053030303030303,0.078188672208619
U_27744833,C_1774985,2.0,辽宁对外经贸学院,2020-08-10 03:09:34,4,E,781,46,0.0277777777777777,0.0,0.0018348623853211,0.0018348623853211,0.0,0.0,0.0162037927453167
U_19903124,C_948395,2.0,西安美术学院,2020-02-19 16:28:50,4,E,727,170,0.0138888888888888,0.0,0.0880733944954128,0.0880733944954128,0.0461095100864553,0.0265151515151515,0.0671275670222925
U_29968572,C_681411,2.0,辽宁对外经贸学院,2020-05-13 20:58:00,4,E,781,103,0.0416666666666666,0.0,0.0403669724770642,0.0403669724770642,0.0547550432276657,0.0143939393939393,0.0622264174675489
U_30303572,C_674920,2.0,辽宁对外经贸学院,2020-06-01 13:53:14,4,E,781,87,0.0277777777777777,0.0,0.018348623853211,0.018348623853211,0.0230547550432276,0.006060606060606,0.0608383007910167
U_30561951,C_1829948,1.0,辽宁对外经贸学院,2020-06-16 16:07:25,4,E,781,61,0.0416666666666666,0.0,0.0201834862385321,0.0201834862385321,0.0057636887608069,0.0015151515151515,0.0617653197690459
U_12918120,C_1829948,2.0,北方民族大学,2020-06-12 09:56:29,1,B,190,61,0.0277777777777777,0.0,0.0422018348623853,0.0422018348623853,0.0259365994236311,0.0068181818181818,0.0927994476986301
U_30602871,C_1829948,2.0,辽宁对外经贸学院,2020-06-18 16:57:54,4,E,781,61,0.0277777777777777,0.0,0.0073394495412844,0.0073394495412844,0.0057636887608069,0.0015151515151515,0.0607551163039024
U_16103690,C_786631,1.0,北华航天工业学院,2020-05-23 15:09:50,0,A,186,154,0.1111111111111111,0.0,0.1541284403669724,0.2403669724770642,0.1902017291066282,0.0689393939393939,0.0582744139545022
U_31261988,C_801420,1.0,辽宁对外经贸学院,2020-08-20 13:24:11,4,E,781,155,0.0416666666666666,0.0,0.0568807339449541,0.0568807339449541,0.0691642651296829,0.0333333333333333,0.0642974918079489
U_29668437,C_1714448,2.0,辽宁对外经贸学院,2020-04-26 21:35:44,4,E,781,8,0.0416666666666666,0.0,0.0678899082568807,0.0678899082568807,0.0547550432276657,0.0318181818181818,0.0634348829888415
U_18569930,C_1776290,2.0,河北农业大学,2020-06-04 12:13:44,2,C,545,48,0.1527777777777777,0.0,0.1834862385321101,0.1834862385321101,0.1556195965417867,0.0643939393939393,0.0819844491436751
U_29939793,C_735115,1.0,中国医科大学,2020-05-12 11:50:24,2,C,69,136,0.1944444444444444,0.0,0.3559633027522936,0.3559633027522936,0.2478386167146974,0.081060606060606,0.0696083684185309
U_13928142,C_674920,0.0,辽宁对外经贸学院,2020-06-05 17:15:40,4,E,781,87,0.0416666666666666,0.0,0.036697247706422,0.036697247706422,0.0461095100864553,0.0121212121212121,0.0614531538488956
U_15255247,C_1925903,1.0,辽宁对外经贸学院,2020-10-22 13:08:27,4,E,781,77,0.0277777777777777,0.0,0.0018348623853211,0.0018348623853211,0.0,0.0,0.0610734379850507
U_30896352,C_735115,0.0,辽宁对外经贸学院,2020-07-07 22:46:09,4,E,781,136,0.0416666666666666,0.0,0.055045871559633,0.055045871559633,0.0288184438040345,0.0075757575757575,0.0621004001752282
U_29911063,C_677087,1.0,辽宁对外经贸学院,2020-11-13 10:58:59,4,E,781,92,0.0416666666666666,0.0,0.073394495412844,0.073394495412844,0.0576368876080691,0.0325757575757575,0.0620354848774312
U_14749820,C_1918363,2.0,新乡医学院三全学院,2020-10-30 07:54:47,0,A,461,76,0.1111111111111111,0.0,0.2091743119266055,0.2844036697247706,0.2190201729106628,0.0757575757575757,0.0751035612904347
U_34071980,C_735164,2.0,昆明理工大学,2020-10-26 19:22:32,0,A,476,138,0.1111111111111111,0.0,0.1853211009174312,0.2623853211009174,0.1642651296829971,0.0545454545454545,0.0719905488779119
U_16207956,C_735283,2.0,辽宁对外经贸学院,2020-07-15 20:18:48,4,E,781,143,0.0277777777777777,0.0,0.0018348623853211,0.0018348623853211,0.0028818443804034,0.0007575757575757,0.0616844381209212
U_34268547,C_697076,2.0,辽宁对外经贸学院,2020-11-18 22:33:16,4,E,781,121,0.0416666666666666,0.0,0.1009174311926605,0.1009174311926605,0.1066282420749279,0.0303030303030303,0.0647973217725542
U_5073093,C_735197,0.0,华南理工大学,2020-09-24 20:58:32,3,D,211,141,0.1666666666666666,0.0,0.1871559633027523,0.2513761467889908,0.0720461095100864,0.1469696969696969,0.085085769076941
U_29484588,C_1828108,0.0,辽宁对外经贸学院,2020-08-01 10:39:14,4,E,781,60,0.0277777777777777,0.0,0.0073394495412844,0.0073394495412844,0.0115273775216138,0.003030303030303,0.061164942406579
U_30600206,C_1829948,0.0,辽宁对外经贸学院,2020-06-18 14:39:49,4,E,781,61,0.0138888888888888,0.0,0.0073394495412844,0.0073394495412844,0.0057636887608069,0.0015151515151515,0.0606228144896939
U_18580475,C_1776290,0.0,河北农业大学,2020-05-12 11:56:37,2,C,545,48,0.125,0.0,0.0220183486238532,0.0220183486238532,0.0288184438040345,0.0174242424242424,0.0767195401707305
U_28497795,C_674920,2.0,辽宁对外经贸学院,2020-05-24 15:38:58,4,E,781,87,0.0416666666666666,0.0,0.055045871559633,0.055045871559633,0.0749279538904899,0.0196969696969696,0.0629729235828456
U_30671019,C_1824911,0.0,辽宁对外经贸学院,2020-06-24 10:04:50,4,E,781,57,0.4861111111111111,0.0,0.0862385321100917,0.0862385321100917,0.0749279538904899,0.0196969696969696,0.0674642123685193
U_20285784,C_680897,2.0,华南理工大学,2020-04-26 14:34:35,3,D,211,99,0.1527777777777777,0.0,0.181651376146789,0.2110091743119266,0.1412103746397694,0.1477272727272727,0.0805086710629391
U_12754289,C_682750,0.0,长春工业大学,2020-07-09 15:44:27,4,E,855,115,0.0416666666666666,0.0,0.0036697247706422,0.0036697247706422,0.0028818443804034,0.0015151515151515,0.0612768356197635
U_9793627,C_697107,0.0,哈尔滨工程大学,2020-05-02 09:54:50,4,E,273,122,0.0277777777777777,0.0,0.0036697247706422,0.0036697247706422,0.0028818443804034,0.0007575757575757,0.0612745624948254
U_31252002,C_676635,0.0,广州中医药大学,2020-08-19 06:43:53,1,B,423,89,0.1944444444444444,0.0,0.0275229357798165,0.0275229357798165,0.0403458213256484,0.0106060606060606,0.090952802246413
U_13185691,C_735164,0.0,山东农业大学,2020-11-25 15:46:39,4,E,365,138,0.0555555555555555,0.0,0.1192660550458715,0.1266055045871559,0.1873198847262247,0.075,0.0623792962624063
U_9485260,C_756642,2.0,华南理工大学,2020-05-11 18:02:17,3,D,211,149,0.1388888888888889,0.0,0.1963302752293578,0.1963302752293578,0.1440922190201729,0.1378787878787878,0.0887897444499539
U_9054420,C_786631,2.0,河北师范大学,2020-04-28 10:13:20,0,A,556,154,0.125,0.0,0.1614678899082569,0.2568807339449541,0.1786743515850144,0.0462121212121212,0.0703898182583665
U_14919572,C_1736024,1.0,西北工业大学,2020-04-05 11:25:57,4,E,703,14,0.0416666666666666,0.0,0.1137614678899082,0.1137614678899082,0.0691642651296829,0.0295454545454545,0.0591373199141245
U_29492774,C_735115,1.0,辽宁对外经贸学院,2020-06-14 17:27:42,4,E,781,136,0.0138888888888888,0.0,0.055045871559633,0.055045871559633,0.031700288184438,0.0106060606060606,0.0614410899439953
U_34269101,C_697076,2.0,辽宁对外经贸学院,2020-11-16 22:25:24,0,A,781,121,0.0972222222222222,0.0,0.5541284403669725,0.5541284403669725,0.8703170028818443,0.2931818181818181,0.0766026599492394
U_11435158,C_801420,2.0,南京邮电大学通达学院,2020-09-04 09:42:34,4,E,229,155,0.0277777777777777,0.0,0.0036697247706422,0.0036697247706422,0.0,0.0,0.061304449878271
U_11064893,C_676646,0.0,天津商业大学,2020-08-17 12:56:26,4,E,316,90,0.0277777777777777,0.0,0.0091743119266055,0.0091743119266055,0.0115273775216138,0.003030303030303,0.0288917952071392
U_31683229,C_682392,0.0,辽宁对外经贸学院,2020-10-13 20:29:29,4,E,781,108,0.1388888888888889,0.0,0.0018348623853211,0.0018348623853211,0.0,0.0,0.0608991502161029
U_29782600,C_674920,0.0,辽宁对外经贸学院,2020-05-16 23:29:19,4,E,781,87,0.0416666666666666,0.0,0.0788990825688073,0.0788990825688073,0.0662824207492795,0.034090909090909,0.0615517549763854
U_30559804,C_1824911,1.0,辽宁对外经贸学院,2020-06-18 08:23:06,4,E,781,57,0.0416666666666666,0.0,0.073394495412844,0.073394495412844,0.0547550432276657,0.0318181818181818,0.062243334667524
U_30283272,C_676646,1.0,辽宁对外经贸学院,2020-07-16 13:23:05,4,E,781,90,0.0277777777777777,0.0,0.0091743119266055,0.0091743119266055,0.0115273775216138,0.003030303030303,0.0612637961035064
U_29213517,C_948136,2.0,辽宁对外经贸学院,2020-05-16 09:21:47,4,E,781,168,0.0416666666666666,0.0,0.0422018348623853,0.0422018348623853,0.0576368876080691,0.0151515151515151,0.0622630598453639
U_30889715,C_697076,1.0,昆明理工大学,2020-07-07 09:57:26,0,A,476,121,0.0833333333333333,0.0,0.163302752293578,0.2678899082568807,0.1930835734870317,0.0333333333333333,0.0604219623587244
U_30259786,C_674920,0.0,辽宁对外经贸学院,2020-05-28 17:51:42,4,E,781,87,0.0416666666666666,0.0,0.036697247706422,0.036697247706422,0.0201729106628242,0.0053030303030303,0.0617592680072281
U_313050,C_1750793,0.0,师大附中,2020-06-16 19:27:10,0,A,393,17,0.0555555555555555,0.0,0.036697247706422,0.036697247706422,0.0432276657060518,0.0227272727272727,0.0696582038352025
U_15575607,C_948113,1.0,西安思源学院,2020-05-01 09:01:24,4,E,721,166,0.0416666666666666,0.0,0.0110091743119266,0.0110091743119266,0.0028818443804034,0.0007575757575757,0.0613271613182845
U_33555043,C_697076,2.0,辽宁对外经贸学院,2020-12-06 22:17:57,4,E,781,121,0.0416666666666666,0.0,0.0330275229357798,0.0330275229357798,0.0201729106628242,0.0053030303030303,0.061562491653653
U_30581212,C_1829948,1.0,辽宁对外经贸学院,2020-06-17 14:15:51,4,E,781,61,0.0416666666666666,0.0,0.0220183486238532,0.0220183486238532,0.0057636887608069,0.0015151515151515,0.0618407439363824
U_14430356,C_1806527,1.0,昆明理工大学,2020-06-28 08:28:27,0,A,476,53,0.1111111111111111,0.0,0.2110091743119266,0.2715596330275229,0.1902017291066282,0.081060606060606,0.0799596049150338
U_16326542,C_676646,0.0,辽宁对外经贸学院,2020-08-04 23:44:41,4,E,781,90,0.0416666666666666,0.0,0.018348623853211,0.018348623853211,0.0230547550432276,0.006060606060606,0.0615048513461265
U_10467644,C_1750793,2.0,北京体育大学,2020-06-16 18:46:44,4,E,159,17,0.0277777777777777,0.0,0.0165137614678899,0.0165137614678899,0.0230547550432276,0.0121212121212121,0.0611282059342676
U_19184896,C_1774975,1.0,广州中医药大学,2020-04-26 16:31:14,1,B,423,44,0.25,0.0,0.0,0.0165137614678899,0.0,0.0,0.1059708844397018
U_28271768,C_735115,2.0,辽宁对外经贸学院,2020-05-03 10:34:25,4,E,781,136,0.0416666666666666,0.0,0.0110091743119266,0.0110091743119266,0.0028818443804034,0.0007575757575757,0.0605964086026133
U_12186542,C_1714448,2.0,中国医科大学,2020-05-07 20:46:21,0,A,69,8,0.0972222222222222,0.0,0.1449541284403669,0.1449541284403669,0.1585014409221901,0.0416666666666666,0.067724324222821
U_34167789,C_1992950,1.0,辽宁对外经贸学院,2020-09-30 22:27:01,4,E,781,83,0.0555555555555555,0.0,0.036697247706422,0.036697247706422,0.0345821325648414,0.1818181818181818,0.0608539254297525
U_12175374,C_948488,1.0,合肥工业大学,2020-03-06 14:36:49,1,B,248,172,0.0277777777777777,0.0,0.0495412844036697,0.0495412844036697,0.0778097982708933,0.0212121212121212,0.1085231927008235
U_11628976,C_735283,1.0,云南师范大学文理学院,2020-05-28 22:23:55,4,E,113,143,0.0416666666666666,0.0,0.0587155963302752,0.0587155963302752,0.0576368876080691,0.031060606060606,0.0603628115869143
U_15488434,C_2059281,1.0,辽宁对外经贸学院,2020-11-22 17:56:12,4,E,781,85,0.0416666666666666,0.0,0.0091743119266055,0.0091743119266055,0.0115273775216138,0.0037878787878787,0.0618032745174679
U_5798606,C_1824911,2.0,重庆三峡医药高等专科学校,2020-06-10 19:25:56,4,E,822,57,0.0138888888888888,0.0,0.0568807339449541,0.0568807339449541,0.0605187319884726,0.0393939393939393,0.0621342246704946
U_22144589,C_948120,0.0,中国农业大学,2020-10-03 14:28:59,0,A,67,167,0.0138888888888888,0.0,0.1211009174311926,0.1211009174311926,0.1902017291066282,0.0606060606060606,0.0689718241030726
U_31633915,C_1992917,2.0,辽宁对外经贸学院,2020-08-29 09:51:01,4,E,781,80,0.0416666666666666,0.0,0.073394495412844,0.073394495412844,0.0489913544668587,0.0363636363636363,0.0620088610873064
U_29920681,C_735115,1.0,昆明理工大学,2020-05-11 11:25:34,0,A,476,136,0.1388888888888889,0.0,0.4587155963302752,0.4587155963302752,0.6801152737752161,0.2340909090909091,0.0690212880941007
U_4413773,C_1829948,0.0,北方民族大学,2020-06-11 17:03:43,4,E,190,61,0.0277777777777777,0.0,0.0311926605504587,0.0311926605504587,0.0374639769452449,0.0098484848484848,0.0612477108969726
U_20289741,C_948113,2.0,西安思源学院,2020-03-30 13:43:05,0,A,721,166,0.0416666666666666,0.0,0.1908256880733945,0.2678899082568807,0.2103746397694524,0.059090909090909,0.0667841666816963
U_34596317,C_735164,0.0,中国医科大学,2020-10-10 07:57:03,2,C,69,138,0.1527777777777777,0.0,0.236697247706422,0.344954128440367,0.2622478386167147,0.0946969696969697,0.0832841268983231
U_30611514,C_1829948,0.0,北方民族大学,2020-06-19 10:48:28,4,E,190,61,0.2916666666666666,0.0,0.1119266055045871,0.1119266055045871,0.1556195965417867,0.0409090909090909,0.0656854500095399
U_27735724,C_1017355,1.0,昆明理工大学,2020-05-08 14:07:35,0,A,476,0,0.1388888888888889,0.0,0.0825688073394495,0.0825688073394495,0.1152737752161383,0.0393939393939393,0.0686999157703339
U_33198303,C_1912004,2.0,哈尔滨师范大学,2020-11-14 21:34:35,4,E,275,74,0.0277777777777777,0.0,0.0220183486238532,0.0220183486238532,0.0172910662824207,0.0045454545454545,0.0615779677221315
U_27110533,C_1992929,1.0,辽宁对外经贸学院,2020-10-12 23:00:50,4,E,781,81,0.0416666666666666,0.0,0.0623853211009174,0.0623853211009174,0.0403458213256484,0.0272727272727272,0.0089876139554564
U_17641290,C_677087,1.0,辽宁对外经贸学院,2020-12-01 08:48:46,4,E,781,92,0.0416666666666666,0.0,0.0091743119266055,0.0091743119266055,0.0115273775216138,0.003030303030303,0.0612868096363765
U_972262,C_735164,0.0,昆明理工大学,2020-11-28 14:06:24,0,A,476,138,0.1111111111111111,0.0,0.1339449541284403,0.1376146788990825,0.2103746397694524,0.0765151515151515,0.065999279916573
U_13535066,C_948120,0.0,中国农业大学,2020-10-02 13:31:13,0,A,67,167,0.0833333333333333,0.0,0.1211009174311926,0.1211009174311926,0.132564841498559,0.0401515151515151,0.0511682117167365
U_33384305,C_735164,2.0,昆明理工大学,2020-10-16 12:27:06,4,E,476,138,0.0138888888888888,0.0,0.0091743119266055,0.0091743119266055,0.0144092219020172,0.006060606060606,0.0604791718125045
U_33344138,C_697076,0.0,辽宁对外经贸学院,2020-11-16 18:27:35,4,E,781,121,0.0416666666666666,0.0,0.1963302752293578,0.1963302752293578,0.1873198847262247,0.0537878787878787,0.0659307989325987
U_30190564,C_948395,0.0,中国医科大学,2020-05-26 16:24:57,2,C,69,170,0.1527777777777777,0.0,0.110091743119266,0.110091743119266,0.0979827089337175,0.0515151515151515,0.0750097243158653
U_30992224,C_676635,2.0,辽宁对外经贸学院,2020-07-18 12:39:45,4,E,781,89,0.0416666666666666,0.0,0.0091743119266055,0.0091743119266055,0.0115273775216138,0.003030303030303,0.0617980943678268
U_32966828,C_1828106,2.0,辽宁对外经贸学院,2020-09-16 22:48:10,4,E,781,59,0.0416666666666666,0.0,0.0715596330275229,0.0715596330275229,0.063400576368876,0.0356060606060606,0.062595812650847
U_1308575,C_1741505,1.0,包头机电工业职业学校,2020-07-12 07:34:24,4,E,153,16,0.0416666666666666,0.0,0.0091743119266055,0.0091743119266055,0.0057636887608069,0.0015151515151515,0.061388847689154
U_10727244,C_1750793,1.0,北京体育大学,2020-06-08 13:46:41,4,E,159,17,0.0138888888888888,0.0,0.0073394495412844,0.0073394495412844,0.0086455331412103,0.0045454545454545,0.0608067593253722
U_1298944,C_735164,0.0,昆明医科大学,2020-10-25 18:02:21,4,E,471,138,0.0416666666666666,0.0,0.0807339449541284,0.0807339449541284,0.0691642651296829,0.031060606060606,0.062013100291984
U_30968402,C_680979,0.0,辽宁对外经贸学院,2020-07-15 19:41:21,4,E,781,100,0.0416666666666666,0.0,0.0623853211009174,0.0623853211009174,0.0374639769452449,0.0136363636363636,0.063276992423968
U_2622266,C_735164,2.0,大理大学,2020-12-03 11:57:18,2,C,301,138,0.125,0.0,0.0348623853211009,0.0568807339449541,0.031700288184438,0.009090909090909,0.0773816385704604
U_16633758,C_1844112,2.0,内蒙古大学,2020-08-19 08:09:34,0,A,145,63,0.1666666666666666,0.0,0.3669724770642202,0.4275229357798165,0.5360230547550432,0.553030303030303,0.3049813440012308
U_32597679,C_1738818,2.0,辽宁对外经贸学院,2020-09-14 13:42:42,4,E,781,15,0.0416666666666666,0.0,0.0697247706422018,0.0697247706422018,0.0576368876080691,0.031060606060606,0.0615993618391961
U_2104138,C_1828106,2.0,华中科技大学,2020-08-29 16:25:48,4,E,200,59,0.0277777777777777,0.0,0.0623853211009174,0.0623853211009174,0.0115273775216138,0.0401515151515151,0.0008500980882409
U_30933690,C_697076,0.0,辽宁对外经贸学院,2020-10-13 22:42:01,4,E,781,121,0.0416666666666666,0.0,0.036697247706422,0.036697247706422,0.0288184438040345,0.0083333333333333,0.0521560180020771
U_10605985,C_948078,0.0,重庆大学,2020-02-14 20:18:15,4,E,835,164,0.0416666666666666,0.0,0.0788990825688073,0.0788990825688073,0.0576368876080691,0.0325757575757575,0.0618941995149924
U_5277634,C_674920,0.0,西昌民族幼儿师范高等专科学校,2020-06-21 19:14:16,4,E,751,87,0.0416666666666666,0.0,0.0880733944954128,0.0880733944954128,0.0893371757925072,0.0212121212121212,0.0600541915435738
U_12408293,C_735197,0.0,华南理工大学,2020-09-09 21:34:11,4,E,211,141,0.0277777777777777,0.0,0.0091743119266055,0.0091743119266055,0.0086455331412103,0.0022727272727272,0.0652628815311209
U_4682724,C_682392,0.0,陕西工业职业技术学院,2019-10-31 11:31:32,0,A,876,108,0.0416666666666666,0.0,0.181651376146789,0.273394495412844,0.2161383285302593,0.053030303030303,0.0643208173383596
U_23150681,C_697062,0.0,昆明理工大学,2020-04-27 11:04:55,0,A,476,120,0.1111111111111111,0.0,0.1981651376146789,0.2807339449541284,0.2449567723342939,0.0651515151515151,0.0647864365250292
U_13817720,C_735164,1.0,湖北汽车工业学院科技学院,2020-09-16 13:55:53,2,C,629,138,0.1666666666666666,0.0,0.1229357798165137,0.146788990825688,0.1152737752161383,0.1053030303030303,0.0737361057843639
U_14499992,C_682392,1.0,陕西工业职业技术学院,2020-09-01 10:13:19,4,E,876,108,0.0277777777777777,0.0,0.0348623853211009,0.0348623853211009,0.0489913544668587,0.0128787878787878,0.0608607398522249
U_30845324,C_749807,1.0,辽宁对外经贸学院,2020-07-04 23:12:13,4,E,781,148,0.0416666666666666,0.0,0.0238532110091743,0.0238532110091743,0.0230547550432276,0.006060606060606,0.0619245474662359
U_29311640,C_680814,1.0,华南理工大学,2020-06-27 03:30:20,3,D,211,96,0.125,0.0,0.0256880733944954,0.0256880733944954,0.0086455331412103,0.0022727272727272,0.0770603999599253
U_31013620,C_681031,1.0,辽宁对外经贸学院,2020-07-19 08:30:43,4,E,781,101,0.0277777777777777,0.0,0.0055045871559633,0.0055045871559633,0.0057636887608069,0.0015151515151515,0.0613020232307336
U_18095004,C_735164,1.0,电子科技大学中山学院,2020-11-26 23:19:51,0,A,667,138,0.125,0.0,0.2862385321100917,0.2954128440366972,0.4351585014409221,0.1583333333333333,0.0670913852122754
U_33896277,C_697076,2.0,辽宁对外经贸学院,2020-10-04 16:46:38,4,E,781,121,0.0416666666666666,0.0,0.0311926605504587,0.0311926605504587,0.031700288184438,0.0083333333333333,0.0613510217016218
U_33638258,C_2027893,0.0,辽宁对外经贸学院,2020-09-24 19:35:26,4,E,781,84,0.0416666666666666,0.0,0.0165137614678899,0.0165137614678899,0.0259365994236311,0.0083333333333333,0.0614743102535484
U_22286875,C_676635,2.0,中国矿业大学（北京）,2020-04-28 15:28:28,2,C,85,89,0.1527777777777777,0.0,0.1688073394495413,0.1688073394495413,0.1729106628242074,0.0643939393939393,0.0774876979248713
U_30685721,C_749807,1.0,辽宁对外经贸学院,2020-06-25 20:01:06,4,E,781,148,0.0416666666666666,0.0,0.0825688073394495,0.0825688073394495,0.1123919308357348,0.0295454545454545,0.0632836335144735
U_34268822,C_697076,1.0,辽宁对外经贸学院,2020-11-16 22:30:27,0,A,781,121,0.0972222222222222,0.0,0.1596330275229358,0.236697247706422,0.0720461095100864,0.0265151515151515,0.0756932168326598
U_30555656,C_1829948,1.0,辽宁对外经贸学院,2020-06-16 12:01:54,4,E,781,61,0.1111111111111111,0.0,0.073394495412844,0.073394495412844,0.0922190201729106,0.0242424242424242,0.0632437027816282
U_29789003,C_697155,0.0,辽宁对外经贸学院,2020-05-18 08:58:37,4,E,781,124,0.0416666666666666,0.0,0.0091743119266055,0.0091743119266055,0.0144092219020172,0.0037878787878787,0.0604712084467082
U_4364772,C_677087,0.0,中国人民解放军陆军边海防学院,2020-07-02 18:16:29,3,D,64,92,0.1805555555555555,0.0,0.1944954128440367,0.2220183486238532,0.1181556195965417,0.1424242424242424,0.0837231916276547
U_30602001,C_1829948,0.0,辽宁对外经贸学院,2020-06-18 16:08:40,4,E,781,61,0.0138888888888888,0.0,0.0311926605504587,0.0311926605504587,0.0230547550432276,0.006060606060606,0.0613992129407782
U_29728365,C_1017355,0.0,中国医科大学,2020-04-29 22:18:00,2,C,69,0,0.125,0.0,0.0275229357798165,0.0275229357798165,0.0172910662824207,0.0068181818181818,0.0754978915152652
U_25858773,C_948395,1.0,西安美术学院,2020-05-29 15:37:10,2,C,727,170,0.1527777777777777,0.0,0.110091743119266,0.110091743119266,0.1037463976945244,0.0575757575757575,0.073754850398505
U_31270580,C_674959,1.0,辽宁对外经贸学院,2020-12-04 11:24:43,4,E,781,88,0.0277777777777777,0.0,0.0055045871559633,0.0055045871559633,0.0057636887608069,0.0015151515151515,0.0616415458876118
U_33366349,C_697076,2.0,辽宁对外经贸学院,2020-09-25 14:16:05,4,E,781,121,0.0416666666666666,0.0,0.0844036697247706,0.0844036697247706,0.0749279538904899,0.034090909090909,0.0609942153714668
U_989850,C_735164,1.0,昆明理工大学,2020-09-16 13:55:47,0,A,476,138,0.0138888888888888,0.0,0.1889908256880734,0.2642201834862385,0.2132564841498559,0.0583333333333333,0.0660269288414738
U_4121801,C_1017355,1.0,广州中医药大学,2020-05-07 14:50:34,1,B,423,0,0.1527777777777777,0.0,0.0825688073394495,0.0825688073394495,0.0720461095100864,0.0227272727272727,0.1124159315381961
U_30099181,C_1750793,2.0,昆明理工大学,2020-05-21 10:07:03,0,A,476,17,0.0694444444444444,0.0,0.036697247706422,0.036697247706422,0.0432276657060518,0.0227272727272727,0.0700314420358251
U_6758163,C_1824911,2.0,重庆三峡医药高等专科学校,2020-06-10 18:25:27,4,E,822,57,0.2638888888888889,0.0,0.0862385321100917,0.0862385321100917,0.132564841498559,0.0348484848484848,0.06691901895199
U_29799707,C_766175,2.0,辽宁对外经贸学院,2020-05-28 12:09:37,4,E,781,151,0.0277777777777777,0.0,0.0201834862385321,0.0201834862385321,0.0086455331412103,0.0022727272727272,0.0615055991497554
U_15769096,C_735306,0.0,学生,2020-10-22 20:29:21,4,E,333,144,0.0555555555555555,0.0,0.055045871559633,0.0642201834862385,0.0778097982708933,0.1363636363636363,0.0591681432901916
U_30116619,C_681031,0.0,辽宁对外经贸学院,2020-05-22 11:28:40,4,E,781,101,0.0416666666666666,0.0,0.0348623853211009,0.0348623853211009,0.0259365994236311,0.009090909090909,0.0622599299652748
U_30170820,C_786631,0.0,华南理工大学,2020-05-25 16:20:01,3,D,211,154,0.1527777777777777,0.0,0.2311926605504587,0.2311926605504587,0.1239193083573487,0.034090909090909,0.0868491593666221
U_30606467,C_674920,2.0,辽宁对外经贸学院,2020-06-18 20:29:30,4,E,781,87,0.0555555555555555,0.0,0.2201834862385321,0.2201834862385321,0.3371757925072046,0.0909090909090909,0.0655492606069297
U_15311218,C_707358,0.0,辽宁对外经贸学院,2020-06-07 10:18:39,4,E,781,134,0.0416666666666666,0.0,0.0128440366972477,0.018348623853211,0.0115273775216138,0.003030303030303,0.0615909032392085
U_9866951,C_735195,0.0,河北医科大学临床学院,2020-11-04 22:25:22,4,E,549,140,0.0416666666666666,0.0,0.0275229357798165,0.0275229357798165,0.0374639769452449,0.0098484848484848,0.0617018951261649
U_11044731,C_676646,2.0,天津商业大学,2020-08-11 00:28:46,4,E,316,90,0.0416666666666666,0.0,0.018348623853211,0.018348623853211,0.0259365994236311,0.0068181818181818,0.0608569463583195
U_7687049,C_1750793,2.0,北京体育大学,2020-06-05 20:11:39,0,A,159,17,0.0694444444444444,0.0,0.036697247706422,0.036697247706422,0.0461095100864553,0.0242424242424242,0.0699378922970867
U_11324012,C_697766,0.0,武汉职业技术学院,2020-07-06 21:37:29,0,A,511,128,0.0972222222222222,0.0,0.1045871559633027,0.1045871559633027,0.1642651296829971,0.0454545454545454,0.0678680213757715
U_29773092,C_677087,0.0,华南理工大学,2020-05-05 10:06:01,3,D,211,92,0.1666666666666666,0.0,0.3596330275229358,0.3596330275229358,0.1440922190201729,0.0378787878787878,0.0909434882339094
U_9810764,C_735197,0.0,华南理工大学,2020-09-24 11:28:33,4,E,211,141,0.0416666666666666,0.0,0.0697247706422018,0.0697247706422018,0.0403458213256484,0.0409090909090909,0.0634564751995826
U_30500697,C_823315,1.0,辽宁对外经贸学院,2020-06-14 21:07:57,4,E,781,158,0.0277777777777777,0.0,0.0770642201834862,0.0770642201834862,0.0461095100864553,0.0303030303030303,0.0638437483371869
U_12528594,C_786631,0.0,河北师范大学,2020-05-12 16:24:20,3,D,556,154,0.2361111111111111,0.0,0.255045871559633,0.255045871559633,0.1959654178674351,0.0651515151515151,0.081447337949148
U_15168662,C_766175,0.0,辽宁对外经贸学院,2020-05-27 23:00:44,4,E,781,151,0.0277777777777777,0.0,0.0110091743119266,0.0110091743119266,0.0115273775216138,0.003030303030303,0.0614864484435774
U_34499241,C_697076,1.0,辽宁对外经贸学院,2020-12-01 17:29:52,4,E,781,121,0.0555555555555555,0.0,0.1834862385321101,0.1834862385321101,0.2881844380403458,0.0916666666666666,0.064508689381175
U_15270697,C_1736024,0.0,辽宁对外经贸学院,2020-04-13 14:31:59,4,E,781,14,0.0555555555555555,0.0,0.055045871559633,0.055045871559633,0.0576368876080691,0.0416666666666666,0.0584309822440848
U_32992797,C_735164,1.0,昆明理工大学,2020-09-23 17:12:40,0,A,476,138,0.0972222222222222,0.0,0.0091743119266055,0.0091743119266055,0.0144092219020172,0.006060606060606,0.0630189605532698
U_4952135,C_676646,0.0,辽宁对外经贸学院,2020-06-19 05:11:32,4,E,781,90,0.0277777777777777,0.0,0.0091743119266055,0.0091743119266055,0.0086455331412103,0.0022727272727272,0.0612978087877655
U_31060997,C_735115,1.0,华南理工大学,2020-07-25 16:15:21,3,D,211,136,0.0138888888888888,0.0,0.5211009174311927,0.5211009174311927,0.2939481268011527,0.0962121212121212,0.0814759723900895
U_30349186,C_1829948,2.0,华南理工大学,2020-06-04 11:15:24,3,D,211,61,0.125,0.0,0.1082568807339449,0.1082568807339449,0.1037463976945244,0.0272727272727272,0.0540795624510629
U_29696842,C_747056,1.0,华南理工大学,2020-04-28 07:41:28,3,D,211,147,0.1944444444444444,0.0,0.1834862385321101,0.2844036697247706,0.132564841498559,0.1583333333333333,0.0794130347474527
U_30537240,C_1829948,0.0,辽宁对外经贸学院,2020-06-15 14:33:01,4,E,781,61,0.0416666666666666,0.0,0.0220183486238532,0.0220183486238532,0.0259365994236311,0.0068181818181818,0.0612526979052791
U_9255566,C_735385,0.0,华南理工大学,2020-05-20 14:09:18,3,D,211,146,0.1527777777777777,0.0,0.0532110091743119,0.0532110091743119,0.0518731988472622,0.0136363636363636,0.0783891281522356
U_34127507,C_735164,1.0,中国医科大学,2020-11-27 19:55:10,2,C,69,138,0.1388888888888889,0.0,0.1504587155963302,0.163302752293578,0.2305475504322766,0.1015151515151515,0.078658659360856
U_9328373,C_697076,0.0,运城学院,2020-12-03 13:05:56,4,E,799,121,0.0416666666666666,0.0,0.018348623853211,0.018348623853211,0.0086455331412103,0.0022727272727272,0.0616819817593323
U_30472557,C_676646,2.0,辽宁对外经贸学院,2020-06-17 22:17:31,4,E,781,90,0.0416666666666666,0.0,0.018348623853211,0.018348623853211,0.0172910662824207,0.0045454545454545,0.0615728717623029
U_28931994,C_735283,1.0,辽宁对外经贸学院,2020-05-05 11:18:52,4,E,781,143,0.0277777777777777,0.0,0.0018348623853211,0.0018348623853211,0.0,0.0,0.0617184508051804
U_10435771,C_747056,2.0,中国矿业大学(北京),2020-05-15 16:37:14,4,E,84,147,0.0555555555555555,0.0,0.1394495412844036,0.1394495412844036,0.1469740634005763,0.0439393939393939,0.0642434914717285
U_31199316,C_1912004,1.0,辽宁对外经贸学院,2020-09-20 21:41:42,4,E,781,74,0.0416666666666666,0.0,0.0825688073394495,0.0825688073394495,0.0518731988472622,0.0318181818181818,0.0594499662114403
U_33110307,C_697076,1.0,辽宁对外经贸学院,2020-09-18 15:53:54,4,E,781,121,0.0138888888888888,0.0,0.0146788990825688,0.0146788990825688,0.0172910662824207,0.0045454545454545,0.0190486402277185
U_5153759,C_735197,0.0,华南理工大学,2020-09-15 16:31:38,3,D,211,141,0.1388888888888889,0.0,0.0018348623853211,0.0018348623853211,0.0028818443804034,0.0007575757575757,0.0808883968314679
U_30407972,C_1829948,1.0,华南理工大学,2020-06-08 19:07:26,3,D,211,61,0.1944444444444444,0.0,0.0825688073394495,0.344954128440367,0.0720461095100864,0.153030303030303,0.0565011932661236
U_12696160,C_948387,2.0,深圳信息职业技术学院,2020-09-01 19:05:42,1,B,610,169,0.2083333333333333,0.0,0.0091743119266055,0.0091743119266055,0.0057636887608069,0.0015151515151515,0.0585394468592529
U_30433292,C_735164,2.0,昆明理工大学,2020-10-29 21:11:07,0,A,476,138,0.0138888888888888,0.0,0.2036697247706422,0.2788990825688073,0.2622478386167147,0.0734848484848484,0.06411085289827
U_33647726,C_735164,0.0,昆明理工大学,2020-09-27 20:32:10,0,A,476,138,0.0138888888888888,0.0,0.0110091743119266,0.0110091743119266,0.0172910662824207,0.0075757575757575,0.06244404813292
U_30855518,C_1824926,2.0,昆明理工大学,2020-07-15 22:11:23,0,A,476,58,0.1111111111111111,0.0,0.1541284403669724,0.2623853211009174,0.1296829971181556,0.0401515151515151,0.0696392264609915
U_16313827,C_674959,1.0,辽宁对外经贸学院,2020-04-04 23:04:52,4,E,781,88,0.0416666666666666,0.0,0.0697247706422018,0.0697247706422018,0.0461095100864553,0.0325757575757575,0.0628325345942931
U_31104314,C_682392,0.0,昆明理工大学,2020-08-21 18:06:18,0,A,476,108,0.0972222222222222,0.0,0.4495412844036697,0.4495412844036697,0.6512968299711815,0.2272727272727272,0.0683290379659191
U_30254997,C_766175,0.0,广州中医药大学,2020-05-28 17:33:24,1,B,423,151,0.0694444444444444,0.0,0.146788990825688,0.146788990825688,0.2161383285302593,0.059090909090909,0.1081878201064684
U_17513508,C_801420,1.0,辽宁对外经贸学院,2020-08-03 17:05:23,4,E,781,155,0.0416666666666666,0.0,0.1137614678899082,0.1137614678899082,0.1498559077809798,0.025,0.0641797399742812
U_3097140,C_680979,2.0,西安,2020-07-20 10:32:46,4,E,714,100,0.0416666666666666,0.0,0.0091743119266055,0.0091743119266055,0.0086455331412103,0.003030303030303,0.06133527820668
U_7158813,C_735197,0.0,华南理工大学,2020-09-20 10:37:10,4,E,211,141,0.0416666666666666,0.0,0.0201834862385321,0.0201834862385321,0.0230547550432276,0.006060606060606,0.0619764430571433
U_33090273,C_735164,1.0,昆明理工大学,2020-10-18 20:34:11,0,A,476,138,0.0833333333333333,0.0,0.0018348623853211,0.0018348623853211,0.0,0.0,0.0020906258414432
U_6866326,C_756642,2.0,玉林市第一人民,2020-05-11 18:19:07,4,E,657,149,0.0416666666666666,0.0,0.0660550458715596,0.0660550458715596,0.0518731988472622,0.0303030303030303,0.0617516017819467
U_33761627,C_1912004,1.0,辽宁对外经贸学院,2020-11-11 22:15:23,4,E,781,74,0.0416666666666666,0.0,0.0055045871559633,0.0055045871559633,0.0057636887608069,0.0015151515151515,0.0608760376363945
U_30593432,C_1829948,0.0,中国医科大学,2020-06-18 08:45:28,2,C,69,61,0.5138888888888888,0.0,0.4440366972477064,0.4440366972477064,0.2881844380403458,0.0757575757575757,0.079088522638913
U_7615479,C_735164,0.0,四川理工学院,2020-10-27 10:46:54,0,A,291,138,0.1111111111111111,0.0,0.1889908256880734,0.2678899082568807,0.2132564841498559,0.0545454545454545,0.0665453898526752
U_30389722,C_1829948,0.0,辽宁对外经贸学院,2020-06-07 11:03:32,4,E,781,61,0.0138888888888888,0.0,0.0073394495412844,0.0073394495412844,0.0028818443804034,0.0007575757575757,0.0606568271739531
U_5095243,C_674920,0.0,西昌民族幼儿师范高等专科学校,2020-06-11 18:50:39,4,E,751,87,0.0972222222222222,0.0,0.0,0.0,0.0,0.0189393939393939,0.0248303303559174
U_34124258,C_2027893,0.0,辽宁对外经贸学院,2020-09-30 11:33:15,4,E,781,84,0.0416666666666666,0.0,0.0091743119266055,0.0091743119266055,0.0144092219020172,0.0037878787878787,0.0613158353123292
U_30389479,C_1829948,2.0,中国医科大学,2020-06-07 10:35:16,2,C,69,61,0.0694444444444444,0.0,0.0311926605504587,0.0311926605504587,0.0432276657060518,0.0113636363636363,0.0715649248045325
U_33344098,C_697076,2.0,辽宁对外经贸学院,2020-11-17 11:40:22,4,E,781,121,0.0416666666666666,0.0,0.0807339449541284,0.0807339449541284,0.0461095100864553,0.0378787878787878,0.065779361269238
U_6766968,C_1824911,2.0,重庆三峡医药高等专科专科学校,2020-06-20 11:47:19,4,E,821,57,0.0833333333333333,0.0,0.0073394495412844,0.0073394495412844,0.0057636887608069,0.0015151515151515,0.061378363581324
U_33499325,C_2027893,1.0,辽宁对外经贸学院,2020-09-23 14:32:39,4,E,781,84,0.0416666666666666,0.0,0.0110091743119266,0.0110091743119266,0.0115273775216138,0.0037878787878787,0.0614216866683798
U_12945241,C_1992950,0.0,华南农业大学,2020-10-15 10:20:39,4,E,209,83,0.0,0.0,0.073394495412844,0.073394495412844,0.0951008645533141,0.0007575757575757,0.013688117859753
U_30422757,C_1829948,0.0,中国医科大学,2020-06-09 17:22:39,2,C,69,61,0.3472222222222222,0.0,0.4770642201834862,0.4770642201834862,0.409221902017291,0.1075757575757575,0.0774299635228484
U_1773472,C_735164,1.0,昆明理工大学,2020-11-28 19:06:08,0,A,476,138,0.1111111111111111,0.0,0.1908256880733945,0.2660550458715596,0.1844380403458213,0.05,0.0710192163444442
U_11806112,C_948120,0.0,中国农业大学,2020-10-05 16:07:15,4,E,67,167,0.0138888888888888,0.0,0.0091743119266055,0.0091743119266055,0.0144092219020172,0.0037878787878787,0.0605164926611616
U_4517290,C_735197,0.0,华南理工大学,2020-10-03 18:11:32,4,E,211,141,0.0416666666666666,0.0,0.0678899082568807,0.0678899082568807,0.0547550432276657,0.0333333333333333,0.0638653355955861
U_31063195,C_735115,1.0,辽宁对外经贸学院,2020-07-26 08:13:03,4,E,781,136,0.0833333333333333,0.0,0.5211009174311927,0.5211009174311927,0.3141210374639769,0.0916666666666666,0.0778471289962402
U_33748893,C_697076,2.0,辽宁对外经贸学院,2020-11-19 21:51:46,4,E,781,121,0.0416666666666666,0.0,0.0715596330275229,0.0715596330275229,0.0172910662824207,0.0227272727272727,0.0651425940983936
U_30348710,C_1829948,1.0,广州中医药大学,2020-06-04 10:44:45,1,B,423,61,0.0555555555555555,0.0,0.073394495412844,0.073394495412844,0.0922190201729106,0.0242424242424242,0.0872448712948464
U_32756217,C_735164,1.0,昆明理工大学,2020-09-15 15:32:54,0,A,476,138,0.0972222222222222,0.0,0.2146788990825688,0.2825688073394495,0.1959654178674351,0.0462121212121212,0.0699940964254584
U_4750632,C_735197,0.0,华南理工大学,2020-10-09 17:32:16,1,B,211,141,0.2222222222222222,0.0,0.0495412844036697,0.0495412844036697,0.0259365994236311,0.0068181818181818,0.1179572653797042
U_30584951,C_1829948,1.0,辽宁对外经贸学院,2020-06-17 16:34:04,4,E,781,61,0.0138888888888888,0.0,0.0220183486238532,0.0220183486238532,0.0230547550432276,0.006060606060606,0.0610221069611214
U_6131826,C_1017355,1.0,广州中医药大学,2020-03-08 12:50:23,0,A,423,0,0.0416666666666666,0.0,0.2018348623853211,0.2678899082568807,0.1988472622478386,0.0651515151515151,0.0713594917572933
U_18083650,C_677087,1.0,辽宁对外经贸学院,2020-05-02 23:58:10,4,E,781,92,0.0416666666666666,0.0,0.0715596330275229,0.0715596330275229,0.0547550432276657,0.0325757575757575,0.0622418935360273
U_16867647,C_676635,0.0,辽宁对外经贸学院,2020-08-30 17:15:44,4,E,781,89,0.0416666666666666,0.0,0.0275229357798165,0.0275229357798165,0.0345821325648414,0.009090909090909,0.3418509828057083
U_12984460,C_1829948,0.0,北方民族大学,2020-06-18 23:01:24,4,E,190,61,0.3055555555555555,0.0,0.1119266055045871,0.1119266055045871,0.1440922190201729,0.0378787878787878,0.065953802560785
U_30992086,C_674959,1.0,辽宁对外经贸学院,2020-07-18 12:11:30,4,E,781,88,0.0277777777777777,0.0,0.0018348623853211,0.0018348623853211,0.0,0.0,0.0615587278737991
U_30349900,C_674920,2.0,辽宁对外经贸学院,2020-06-05 10:10:59,4,E,781,87,0.1527777777777777,0.0,0.1412844036697247,0.1412844036697247,0.2103746397694524,0.0575757575757575,0.0649819747931261
U_30896578,C_682575,0.0,辽宁对外经贸学院,2020-07-14 13:26:31,4,E,781,113,0.0277777777777777,0.0,0.0146788990825688,0.0146788990825688,0.0144092219020172,0.0037878787878787,0.061696987355329
U_26821563,C_735164,0.0,昆明理工大学,2020-09-18 15:51:44,0,A,476,138,0.0138888888888888,0.0,0.1926605504587156,0.2201834862385321,0.2334293948126801,0.0371212121212121,0.0512926686733084
U_13537906,C_948120,2.0,中国农业大学,2020-09-26 16:23:28,0,A,67,167,0.0138888888888888,0.0,0.0275229357798165,0.0275229357798165,0.0374639769452449,0.0098484848484848,0.0683411780268328
U_30617371,C_735385,2.0,辽宁对外经贸学院,2020-06-22 15:15:34,4,E,781,146,0.0416666666666666,0.0,0.0110091743119266,0.0110091743119266,0.0115273775216138,0.003030303030303,0.0614307742157903
U_31066332,C_682392,0.0,昆明理工大学,2020-08-04 16:23:21,0,A,476,108,0.1666666666666666,0.0,0.4495412844036697,0.4495412844036697,0.6916426512968299,0.2409090909090909,0.0632790823122554
U_15273977,C_682392,0.0,昆明理工大学,2020-08-02 14:03:58,0,A,476,108,0.0694444444444444,0.0,0.4495412844036697,0.4495412844036697,0.7031700288184437,0.2462121212121212,0.0622061871508339
U_8934378,C_735197,2.0,华南理工大学,2020-10-14 21:48:11,4,E,211,141,0.0416666666666666,0.0,0.0642201834862385,0.0642201834862385,0.0461095100864553,0.0318181818181818,0.0682522587277831
U_260851,C_947147,2.0,北京工商大学,2020-04-25 17:38:31,0,A,166,163,0.1111111111111111,0.0,0.1853211009174312,0.2697247706422018,0.2132564841498559,0.0568181818181818,0.0647618382427469
U_22152162,C_1750793,2.0,北京邮电大学,2020-06-16 22:22:28,0,A,184,17,0.0833333333333333,0.0,0.036697247706422,0.036697247706422,0.0547550432276657,0.0287878787878787,0.0701361147345004
U_5078597,C_735197,0.0,华南理工大学,2020-09-24 13:00:13,4,E,211,141,0.0277777777777777,0.0,0.0091743119266055,0.0091743119266055,0.0144092219020172,0.0037878787878787,0.0125341385544485
U_9398159,C_1774985,0.0,运城学院,2020-06-28 09:57:07,4,E,799,46,0.0277777777777777,0.0,0.0018348623853211,0.0018348623853211,0.0,0.0,0.0612535893268235
U_11714763,C_948109,0.0,西京学院,2020-08-26 17:38:50,4,E,701,165,0.125,0.0,0.2568807339449541,0.2568807339449541,0.2997118155619596,0.3939393939393939,0.0564170865869138
U_14426997,C_747056,1.0,宝鸡文理学院,2020-05-13 10:17:31,4,E,356,147,0.0416666666666666,0.0,0.0256880733944954,0.0256880733944954,0.0345821325648414,0.0106060606060606,0.0613224764028347
U_32384928,C_735195,2.0,辽宁对外经贸学院,2020-11-04 20:42:45,4,E,781,140,0.0277777777777777,0.0,0.0036697247706422,0.0036697247706422,0.0057636887608069,0.0015151515151515,0.0612679659753972
U_33183872,C_1755959,1.0,辽宁对外经贸学院,2020-09-20 20:34:37,4,E,781,26,0.0277777777777777,0.0,0.0091743119266055,0.0091743119266055,0.0115273775216138,0.003030303030303,0.0088183251913682
U_32315321,C_677087,0.0,辽宁对外经贸学院,2020-09-09 23:12:12,4,E,781,92,0.0416666666666666,0.0,0.0036697247706422,0.0036697247706422,0.0028818443804034,0.0007575757575757,0.0611625850918284
U_6875510,C_756642,2.0,辽宁对外经贸学院,2020-05-11 19:31:23,4,E,781,149,0.0416666666666666,0.0,0.0091743119266055,0.0091743119266055,0.0144092219020172,0.0053030303030303,0.0610200269775179
U_29692916,C_1714448,2.0,辽宁对外经贸学院,2020-04-27 20:57:55,4,E,781,8,0.0416666666666666,0.0,0.0678899082568807,0.0678899082568807,0.0576368876080691,0.0333333333333333,0.0621732738864794
U_5152275,C_735197,1.0,华南理工大学,2020-09-15 23:27:30,4,E,211,141,0.0416666666666666,0.0,0.0807339449541284,0.0807339449541284,0.0662824207492795,0.0348484848484848,0.1634919413778512
U_13493034,C_697107,1.0,辽宁对外经贸学院,2020-05-25 01:19:53,4,E,781,122,0.0277777777777777,0.0,0.0055045871559633,0.0055045871559633,0.0086455331412103,0.0022727272727272,0.0612895581861383
U_30605356,C_756642,1.0,辽宁对外经贸学院,2020-06-19 22:44:56,4,E,781,149,0.0277777777777777,0.0,0.0091743119266055,0.0091743119266055,0.0086455331412103,0.0022727272727272,0.0617174950031911
U_5442558,C_2141845,0.0,宝鸡文理学院,2020-09-16 19:20:14,0,A,356,86,0.0972222222222222,0.0,0.055045871559633,0.055045871559633,0.0835734870317002,0.0219696969696969,0.0693432002231359
U_30605880,C_1829948,0.0,华南理工大学,2020-06-18 19:51:50,3,D,211,61,0.3055555555555555,0.0,0.4770642201834862,0.4770642201834862,0.5533141210374639,0.1454545454545454,0.0733839843696587
U_7704450,C_1829948,0.0,北方民族大学,2020-06-16 16:45:13,4,E,190,61,0.3888888888888888,0.0,0.0018348623853211,0.0018348623853211,0.0,0.0,0.0639229709507708
U_7374718,C_1824911,2.0,重庆三峡医药高等专科学校,2020-06-10 18:24:37,4,E,822,57,0.25,0.0,0.0623853211009174,0.0623853211009174,0.0893371757925072,0.0234848484848484,0.0648436855975447
U_19802938,C_1714448,2.0,中国医科大学,2020-03-19 17:33:43,2,C,69,8,0.1388888888888889,0.0,0.2036697247706422,0.2036697247706422,0.1671469740634005,0.0613636363636363,0.0794814909697174
U_16478062,C_696596,2.0,辽宁对外经贸学院,2020-06-16 20:33:31,4,E,781,117,0.0416666666666666,0.0,0.0018348623853211,0.0018348623853211,0.0,0.0,0.0608227207233581
U_15271995,C_948120,2.0,长江大学,2020-09-01 12:55:35,2,C,858,167,0.125,0.0,0.0587155963302752,0.0587155963302752,0.0518731988472622,0.0136363636363636,0.0767594461418662
U_6902244,C_756642,2.0,玉林市第一人民医院,2020-05-11 19:00:04,4,E,658,149,0.0138888888888888,0.0,0.0660550458715596,0.0660550458715596,0.0461095100864553,0.0265151515151515,0.060397304648339
U_29410758,C_756642,2.0,辽宁对外经贸学院,2020-04-15 20:21:40,4,E,781,149,0.0416666666666666,0.0,0.0642201834862385,0.0642201834862385,0.0461095100864553,0.0333333333333333,0.0627641031337379
U_18536813,C_1808023,0.0,辽宁对外经贸学院,2020-09-07 13:23:24,4,E,781,54,0.0277777777777777,0.0,0.0073394495412844,0.0073394495412844,0.0057636887608069,0.0015151515151515,0.0612548224599598
U_14749825,C_1918363,2.0,新乡医学院三全学院,2020-10-30 07:54:00,0,A,461,76,0.1111111111111111,0.0,0.2,0.2825688073394495,0.1873198847262247,0.0681818181818181,0.0724655279907973
U_14795084,C_1829948,1.0,辽宁对外经贸学院,2020-06-17 19:01:15,4,E,781,61,0.0416666666666666,0.0,0.0422018348623853,0.0422018348623853,0.0259365994236311,0.0068181818181818,0.0624322863208764
U_30423170,C_735197,0.0,广州中医药大学,2020-09-12 11:37:45,1,B,423,141,0.2083333333333333,0.0,0.0091743119266055,0.0091743119266055,0.0,0.0,0.107137943430259
U_28994337,C_674959,1.0,辽宁对外经贸学院,2020-07-11 10:00:31,4,E,781,88,0.0277777777777777,0.0,0.0036697247706422,0.0036697247706422,0.0057636887608069,0.0015151515151515,0.0615661217202753
U_25525959,C_1829948,1.0,北方民族大学,2020-06-16 15:21:25,4,E,190,61,0.0138888888888888,0.0,0.0073394495412844,0.0073394495412844,0.0057636887608069,0.0015151515151515,0.0605090740529758
U_30318209,C_676635,2.0,中国医科大学,2020-06-02 10:22:19,2,C,69,89,0.125,0.0,0.036697247706422,0.036697247706422,0.0432276657060518,0.0113636363636363,0.0754435692768204
U_32578256,C_735164,1.0,昆明理工大学,2020-09-16 17:58:54,0,A,476,138,0.0972222222222222,0.0,0.0091743119266055,0.0110091743119266,0.0144092219020172,0.006060606060606,0.0017732815324845
U_4602271,C_735197,0.0,华南理工大学,2020-10-21 20:43:13,4,E,211,141,0.2916666666666666,0.0,0.1119266055045871,0.1119266055045871,0.0979827089337175,0.0424242424242424,0.2971112051390544
U_27569849,C_735283,2.0,辽宁对外经贸学院,2020-04-19 23:29:57,4,E,781,143,0.0416666666666666,0.0,0.0715596330275229,0.0715596330275229,0.0547550432276657,0.0348484848484848,0.0632902647002951
U_11286379,C_697766,0.0,武汉职业技术学院,2020-07-06 18:57:19,0,A,511,128,0.0972222222222222,0.0,0.1045871559633027,0.1045871559633027,0.1556195965417867,0.0424242424242424,0.0679736399717522
U_6758870,C_1824911,0.0,重庆三峡医药高等专科学校,2020-06-03 07:55:39,4,E,822,57,0.0416666666666666,0.0,0.0568807339449541,0.0568807339449541,0.0461095100864553,0.0303030303030303,0.0666200757847477
U_832305,C_735164,0.0,云南师范大学,2020-09-24 16:55:07,0,A,110,138,0.1111111111111111,0.0,0.1944954128440367,0.2623853211009174,0.2334293948126801,0.0583333333333333,0.0656923832882182
U_16127786,C_749807,2.0,辽宁对外经贸学院,2020-07-16 13:05:32,4,E,781,148,0.0416666666666666,0.0,0.0293577981651376,0.0293577981651376,0.0288184438040345,0.0075757575757575,0.0620827846950433
U_30356728,C_1829948,0.0,广州中医药大学,2020-06-04 18:32:42,1,B,423,61,0.0138888888888888,0.0,0.0238532110091743,0.0238532110091743,0.0172910662824207,0.0045454545454545,0.0738853446079152
U_30180975,C_1808506,1.0,辽宁对外经贸学院,2020-05-25 23:16:45,4,E,781,56,0.0277777777777777,0.0,0.0055045871559633,0.0055045871559633,0.0057636887608069,0.0045454545454545,0.0615338572127115
U_30301130,C_674920,0.0,辽宁对外经贸学院,2020-06-01 09:45:23,4,E,781,87,0.0555555555555555,0.0,0.146788990825688,0.146788990825688,0.1181556195965417,0.031060606060606,0.065128098593614
U_18239256,C_948113,2.0,西安思源学院,2020-02-21 11:21:21,0,A,721,166,0.0138888888888888,0.0,0.1889908256880734,0.2642201834862385,0.2074927953890489,0.0583333333333333,0.0665195630532794
U_33454493,C_697076,2.0,辽宁对外经贸学院,2020-12-02 08:39:44,4,E,781,121,0.0416666666666666,0.0,0.0807339449541284,0.0807339449541284,0.1239193083573487,0.0393939393939393,0.0622667741017987
U_16408192,C_786631,0.0,北华航天工业学院,2020-03-30 09:12:31,0,A,186,154,0.0138888888888888,0.0,0.1963302752293578,0.2623853211009174,0.201729106628242,0.0704545454545454,0.0697154875741113
U_32756111,C_735164,1.0,昆明理工大学,2020-09-15 15:31:20,0,A,476,138,0.1111111111111111,0.0,0.1908256880733945,0.2788990825688073,0.2247838616714697,0.0575757575757575,0.0042455090972035
U_8818,C_735186,2.0,中国矿业大学（北京）,2020-06-20 07:19:05,4,E,85,139,0.0416666666666666,0.0,0.0146788990825688,0.0146788990825688,0.0230547550432276,0.0075757575757575,0.0614082014413504
U_30690395,C_674920,1.0,辽宁对外经贸学院,2020-06-26 16:08:33,4,E,781,87,0.0416666666666666,0.0,0.018348623853211,0.018348623853211,0.0172910662824207,0.0045454545454545,0.0610390687321737
U_5503151,C_1017355,1.0,广州中医药大学,2020-03-08 22:53:00,0,A,423,0,0.0277777777777777,0.0,0.1944954128440367,0.2623853211009174,0.1988472622478386,0.0643939393939393,0.068907062327875
U_21109056,C_1844112,0.0,内蒙古大学,2020-08-19 08:07:19,0,A,145,63,0.1527777777777777,0.0,0.2752293577981651,0.291743119266055,0.4149855907780979,0.4318181818181818,0.3798169019502249
U_5256532,C_674920,0.0,西昌民族幼儿师范高等专科学校,2020-06-12 13:26:43,4,E,751,87,0.0416666666666666,0.0,0.091743119266055,0.091743119266055,0.0864553314121037,0.0204545454545454,0.0601786092294566
U_33344039,C_697076,0.0,辽宁对外经贸学院,2020-11-17 11:37:55,4,E,781,121,0.0138888888888888,0.0,0.0825688073394495,0.0825688073394495,0.0979827089337175,0.0303030303030303,0.0638789446311633
U_34269222,C_697076,1.0,辽宁对外经贸学院,2020-11-16 22:13:04,0,A,781,121,0.0833333333333333,0.0,0.0091743119266055,0.0091743119266055,0.0057636887608069,0.0015151515151515,0.0720109129078586
U_29920498,C_735115,1.0,昆明理工大学,2020-05-11 11:14:31,0,A,476,136,0.1388888888888889,0.0,0.4587155963302752,0.4587155963302752,0.6512968299711815,0.2234848484848484,0.0691679814139086
U_31024386,C_682486,1.0,辽宁对外经贸学院,2020-09-13 15:00:23,4,E,781,111,0.0277777777777777,0.0,0.0018348623853211,0.0018348623853211,0.0,0.0,0.0611473170217103
U_5072381,C_735197,0.0,华工,2020-09-27 16:24:17,3,D,215,141,0.125,0.0,0.0091743119266055,0.0091743119266055,0.0144092219020172,0.0037878787878787,0.0732609186731182
U_13106553,C_697076,0.0,辽宁对外经贸学院,2020-11-19 17:18:45,4,E,781,121,0.0416666666666666,0.0,0.0642201834862385,0.0642201834862385,0.0403458213256484,0.0113636363636363,0.0626029786895952
U_15401622,C_1714448,2.0,辽宁对外经贸学院,2020-06-04 09:49:16,4,E,781,8,0.0138888888888888,0.0,0.0403669724770642,0.0403669724770642,0.0432276657060518,0.0113636363636363,0.0622661946777949
U_8314415,C_735164,0.0,山东工商学院,2020-09-17 10:14:31,0,A,369,138,0.0277777777777777,0.0,0.0990825688073394,0.1027522935779816,0.1556195965417867,0.0742424242424242,0.0767084617818709
U_30574089,C_1829948,2.0,辽宁对外经贸学院,2020-06-17 08:52:51,4,E,781,61,0.1527777777777777,0.0,0.091743119266055,0.091743119266055,0.0691642651296829,0.0181818181818181,0.0646669167052985
U_33384295,C_735164,2.0,昆明理工大学,2020-12-07 18:37:14,0,A,476,138,0.125,0.0,0.2862385321100917,0.2935779816513761,0.4495677233429394,0.1636363636363636,0.0693044927187432
U_33224718,C_697076,2.0,辽宁对外经贸大学,2020-09-24 14:08:12,0,A,778,121,0.1111111111111111,0.0,0.2,0.2642201834862385,0.2334293948126801,0.0757575757575757,0.0720883823924052
U_31066320,C_682392,0.0,昆明理工大学,2020-08-15 18:54:20,0,A,476,108,0.0972222222222222,0.0,0.1247706422018348,0.2532110091743119,0.1354466858789625,0.0227272727272727,0.0628180588988811
U_2902001,C_674920,0.0,北京第二外国语学院,2020-06-17 17:51:59,4,E,179,87,0.0416666666666666,0.0,0.0018348623853211,0.0018348623853211,0.0028818443804034,0.0007575757575757,0.0608004599464587
U_7157328,C_735197,0.0,华南理工大学,2020-09-08 14:44:35,4,E,211,141,0.0416666666666666,0.0,0.0458715596330275,0.0458715596330275,0.0576368876080691,0.0166666666666666,0.0624317267062402
U_10434145,C_1750793,1.0,北京体育大学,2020-06-05 15:47:29,0,A,159,17,0.0833333333333333,0.0,0.036697247706422,0.036697247706422,0.0547550432276657,0.0287878787878787,0.06995741938125
U_17514810,C_1918363,2.0,平顶山学院医学院,2020-11-09 13:57:26,4,E,399,76,0.0416666666666666,0.0,0.0715596330275229,0.0715596330275229,0.0403458213256484,0.031060606060606,0.0635460184937133
U_8054230,C_735164,2.0,四川师范大学,2020-12-01 14:39:28,0,A,287,138,0.125,0.0,0.2862385321100917,0.2899082568807339,0.446685878962536,0.1621212121212121,0.0668305552683963
U_11971759,C_948488,2.0,合肥工业大学,2020-03-01 12:21:27,0,A,248,172,0.1111111111111111,0.0,0.1926605504587156,0.2752293577981651,0.2161383285302593,0.0613636363636363,0.0702996163027614
U_6758635,C_1824911,2.0,三峡医药高等专科学校,2020-06-02 10:24:19,4,E,36,57,0.0416666666666666,0.0,0.0862385321100917,0.0862385321100917,0.0547550432276657,0.034090909090909,0.0661057255536532
U_30708875,C_837698,0.0,辽宁对外经贸学院,2020-06-28 13:52:29,4,E,781,160,0.0694444444444444,0.0,0.1743119266055046,0.1743119266055046,0.1210374639769452,0.0886363636363636,0.0649942169823352
U_16819444,C_948395,2.0,中国医科大学,2020-05-26 20:16:17,2,C,69,170,0.3888888888888888,0.0,0.110091743119266,0.110091743119266,0.1066282420749279,0.059090909090909,0.0774994795462826
U_14161669,C_707035,2.0,辽宁对外经贸学院,2020-09-08 14:47:39,4,E,781,130,0.0416666666666666,0.0,0.0165137614678899,0.0165137614678899,0.0230547550432276,0.0068181818181818,0.0624396900720365
U_7584887,C_735164,0.0,楚雄师范学院,2020-09-18 08:49:25,0,A,501,138,0.1111111111111111,0.0,0.1981651376146789,0.2990825688073394,0.1930835734870317,0.0598484848484848,0.0645721684998171
U_29824261,C_756642,0.0,昆明理工大学,2020-05-08 06:31:55,0,A,476,149,0.0833333333333333,0.0,0.0091743119266055,0.0091743119266055,0.0144092219020172,0.0037878787878787,0.0729446324044962
U_14780558,C_1714448,2.0,中国医科大学,2020-05-13 08:18:31,2,C,69,8,0.1388888888888889,0.0,0.1449541284403669,0.1449541284403669,0.1844380403458213,0.0484848484848484,0.0763220008283402
U_31411674,C_801420,2.0,辽宁对外经贸学院,2020-08-24 18:34:50,4,E,781,155,0.0277777777777777,0.0,0.0128440366972477,0.0128440366972477,0.0172910662824207,0.0045454545454545,0.0615281521148276
U_33271695,C_697076,2.0,辽宁对外贸易学院,2020-11-26 10:53:04,4,E,783,121,0.0555555555555555,0.0,0.1669724770642202,0.1669724770642202,0.1585014409221901,0.0462121212121212,0.0641241350792809
U_33841955,C_735164,2.0,昆明理工大学,2020-11-23 10:24:59,0,A,476,138,0.1111111111111111,0.0,0.1798165137614679,0.2568807339449541,0.1642651296829971,0.0469696969696969,0.0699394770464988
U_24749578,C_1829948,1.0,北方民族大学,2020-06-16 16:08:23,4,E,190,61,0.0416666666666666,0.0,0.0220183486238532,0.0220183486238532,0.0057636887608069,0.0015151515151515,0.0617270034996643
U_2104098,C_1828106,2.0,华中科技大学,2020-08-29 11:53:01,1,B,200,59,0.2222222222222222,0.0,0.0697247706422018,0.0697247706422018,0.1095100864553314,0.0537878787878787,4.231257452782936e-05
U_12984220,C_682392,0.0,陕西工业职业技术学院,2020-09-04 15:45:20,4,E,876,108,0.0555555555555555,0.0,0.1137614678899082,0.1137614678899082,0.1296829971181556,0.0416666666666666,0.0633803032286172
U_31632665,C_1992917,1.0,辽宁对外经贸学院,2020-08-29 07:59:35,4,E,781,80,0.0416666666666666,0.0,0.073394495412844,0.073394495412844,0.0489913544668587,0.0356060606060606,0.0620301809192423
U_12107640,C_948488,0.0,合肥工业大学,2020-05-25 15:53:19,2,C,248,172,0.1111111111111111,0.0,0.018348623853211,0.018348623853211,0.0172910662824207,0.0045454545454545,0.0706294323694899
U_19910685,C_948395,2.0,西安美术学院,2020-02-20 21:12:28,4,E,727,170,0.0277777777777777,0.0,0.0844036697247706,0.0844036697247706,0.0461095100864553,0.0227272727272727,0.0611609854853904
U_8871664,C_747056,0.0,辽宁对外经贸学院,2020-07-22 21:34:10,4,E,781,147,0.0277777777777777,0.0,0.0036697247706422,0.0036697247706422,0.0,0.0,0.0614122623617192
U_31202862,C_1761368,1.0,辽宁对外经贸学院,2020-08-15 14:49:54,4,E,781,31,0.0555555555555555,0.0,0.1155963302752293,0.1155963302752293,0.0605187319884726,0.0333333333333333,0.1117282763395776
U_7872927,C_1829948,0.0,北方民族大学,2020-06-19 16:35:17,4,E,190,61,0.0416666666666666,0.0,0.0018348623853211,0.0018348623853211,0.0,0.0,0.0609653976938745
U_30491978,C_1829948,1.0,辽宁对外经贸学院,2020-06-13 19:51:30,4,E,781,61,0.0138888888888888,0.0,0.0073394495412844,0.0073394495412844,0.0057636887608069,0.0015151515151515,0.0606228144896939
U_12133317,C_1829948,0.0,北方民族大学,2020-06-16 15:32:40,4,E,190,61,0.0138888888888888,0.0,0.0238532110091743,0.0238532110091743,0.0230547550432276,0.006060606060606,0.0609837906917397
U_30156886,C_1731884,1.0,辽宁对外经贸学院,2020-05-25 07:59:31,4,E,781,11,0.0277777777777777,0.0,0.0018348623853211,0.0018348623853211,0.0,0.0,0.0611446675187868
U_1463343,C_735164,1.0,南京邮电大学,2020-10-23 19:01:44,0,A,228,138,0.0138888888888888,0.0,0.0293577981651376,0.0293577981651376,0.0461095100864553,0.0227272727272727,0.2100405816055698
U_5855292,C_756642,2.0,昆明理工大学,2020-05-12 09:16:16,0,A,476,149,0.0694444444444444,0.0,0.0623853211009174,0.0623853211009174,0.0489913544668587,0.0136363636363636,0.0803265883078202
U_32744323,C_735164,0.0,昆明理工大学,2020-11-08 16:24:28,4,E,476,138,0.0416666666666666,0.0,0.0403669724770642,0.0458715596330275,0.0547550432276657,0.0234848484848484,0.0620451518488456
U_18382339,C_749807,1.0,山东信息职业技术学院,2020-06-29 22:09:55,4,E,364,148,0.0416666666666666,0.0,0.0807339449541284,0.0807339449541284,0.0547550432276657,0.034090909090909,0.0629787227752259
U_28432741,C_676635,2.0,中国医科大学,2020-08-01 09:41:07,2,C,69,89,0.125,0.0,0.0642201834862385,0.0642201834862385,0.0835734870317002,0.0219696969696969,0.0783328943098123
U_30885708,C_697766,2.0,武汉职业技术学院,2020-07-08 08:09:19,0,A,511,128,0.1111111111111111,0.0,0.2,0.2697247706422018,0.2046109510086455,0.0681818181818181,0.0687671982875653
U_30994199,C_674920,0.0,辽宁对外经贸学院,2020-07-18 17:19:01,4,E,781,87,0.0555555555555555,0.0,0.2201834862385321,0.2201834862385321,0.340057636887608,0.0916666666666666,0.0655152479226705
U_17895785,C_786631,0.0,北华航天工业学院,2020-04-23 08:18:47,2,C,186,154,0.0416666666666666,0.0,0.1889908256880734,0.1889908256880734,0.1498559077809798,0.0613636363636363,0.0787440674494893
U_30598026,C_1829948,0.0,辽宁对外经贸学院,2020-06-18 13:06:26,4,E,781,61,0.0138888888888888,0.0,0.0238532110091743,0.0238532110091743,0.0172910662824207,0.0045454545454545,0.0611655515446343
U_30196677,C_1755895,1.0,辽宁对外经贸学院,2020-05-27 00:45:40,4,E,781,20,0.0416666666666666,0.0,0.0642201834862385,0.0642201834862385,0.0749279538904899,0.0196969696969696,0.0625740520604808
U_30594244,C_1829948,2.0,中国医科大学,2020-06-18 09:30:14,2,C,69,61,0.2361111111111111,0.0,0.4770642201834862,0.4770642201834862,0.2737752161383285,0.0719696969696969,0.0768086030876957
U_22267238,C_1992929,1.0,辽宁对外经贸学院,2020-11-18 22:14:04,4,E,781,81,0.0416666666666666,0.0,0.0330275229357798,0.0330275229357798,0.0432276657060518,0.0113636363636363,0.0622400512648356
U_12918173,C_1829948,0.0,北方民族大学,2020-06-18 09:42:14,4,E,190,61,0.3333333333333333,0.0,0.0862385321100917,0.0862385321100917,0.1066282420749279,0.028030303030303,0.0656046723605953
U_3699266,C_1017355,0.0,广州中医药大学,2020-05-01 16:51:35,4,E,423,0,0.0277777777777777,0.0,0.0091743119266055,0.0091743119266055,0.0144092219020172,0.0037878787878787,0.0606811530774302
U_31084983,C_682392,0.0,昆明理工大学,2020-07-31 15:04:51,0,A,476,108,0.1666666666666666,0.0,0.4495412844036697,0.4495412844036697,0.6974063400576368,0.2424242424242424,0.0632110618960789
U_30013645,C_697062,0.0,辽宁对外经贸学院,2020-05-16 16:13:36,4,E,781,120,0.0416666666666666,0.0,0.0752293577981651,0.0752293577981651,0.031700288184438,0.0083333333333333,0.063300248621592
U_32578229,C_735164,2.0,昆明理工大学,2020-11-16 22:56:36,0,A,476,138,0.1111111111111111,0.0,0.1798165137614679,0.2568807339449541,0.1671469740634005,0.0454545454545454,0.0694834010226958
U_10910538,C_676646,2.0,天津商业大学,2020-08-11 11:20:16,4,E,316,90,0.0416666666666666,0.0,0.018348623853211,0.018348623853211,0.0230547550432276,0.006060606060606,0.0623649542802259
U_31017695,C_936971,1.0,中国医科大学,2020-07-19 20:34:19,2,C,69,162,0.125,0.0,0.0220183486238532,0.0220183486238532,0.0288184438040345,0.0106060606060606,0.0746225353680734
U_26372072,C_749807,1.0,华南理工大学,2020-07-20 16:16:06,3,D,211,148,0.1805555555555555,0.0,0.3486238532110092,0.3486238532110092,0.1757925072046109,0.0462121212121212,0.0892798381103581
U_33268295,C_697076,0.0,辽宁对外经贸学院,2020-10-16 13:34:18,4,E,781,121,0.0416666666666666,0.0,0.0091743119266055,0.0091743119266055,0.0086455331412103,0.0022727272727272,0.0606469026807592
U_33461526,C_948120,1.0,辽宁对外经贸学院,2020-09-23 11:12:34,4,E,781,167,0.0416666666666666,0.0,0.0477064220183486,0.0477064220183486,0.0576368876080691,0.0159090909090909,0.0624562655604197
U_16242068,C_697076,2.0,辽宁对外经贸学院,2020-07-20 08:34:46,4,E,781,121,0.0416666666666666,0.0,0.0825688073394495,0.0825688073394495,0.0778097982708933,0.0378787878787878,0.0611439246674998
U_33713407,C_697076,2.0,辽宁对外经贸学院,2020-11-22 15:30:56,4,E,781,121,0.0416666666666666,0.0,0.0807339449541284,0.0807339449541284,0.0461095100864553,0.0363636363636363,0.0653158220661719
U_29839971,C_1017355,0.0,华南理工大学,2020-05-08 11:01:49,3,D,211,0,0.1388888888888889,0.0,0.0642201834862385,0.0642201834862385,0.0201729106628242,0.006060606060606,0.0807777961795227
U_31055798,C_936971,2.0,中国医科大学,2020-07-28 19:58:13,2,C,69,162,0.1805555555555555,0.0,0.0623853211009174,0.0623853211009174,0.0979827089337175,0.034090909090909,0.0781742906077034
U_30581296,C_1829948,0.0,辽宁对外经贸学院,2020-06-17 14:19:32,4,E,781,61,0.0416666666666666,0.0,0.0073394495412844,0.0073394495412844,0.0057636887608069,0.0015151515151515,0.0612373753594
U_9478150,C_756642,2.0,辽宁对外经贸学院,2020-05-11 18:03:38,4,E,781,149,0.0416666666666666,0.0,0.0660550458715596,0.0660550458715596,0.0518731988472622,0.0295454545454545,0.0619237303298202
U_20013029,C_948395,2.0,西安美术学院,2020-03-02 22:07:55,1,B,727,170,0.1111111111111111,0.0,0.0311926605504587,0.055045871559633,0.0489913544668587,0.0242424242424242,0.1125464752710254
U_5256533,C_674920,0.0,西昌民族幼儿师范高等专科学校,2020-06-12 10:11:08,4,E,751,87,0.0555555555555555,0.0,0.018348623853211,0.018348623853211,0.0259365994236311,0.0068181818181818,0.0595549410029723
U_31066592,C_682392,0.0,昆明理工大学,2020-08-07 22:59:49,0,A,476,108,0.0833333333333333,0.0,0.1449541284403669,0.2660550458715596,0.1786743515850144,0.0439393939393939,0.0497860454396889
U_29072157,C_735283,1.0,辽宁对外经贸学院,2020-06-06 20:51:48,4,E,781,143,0.0277777777777777,0.0,0.0055045871559633,0.0055045871559633,0.0057636887608069,0.0015151515151515,0.0618012688189931
U_19896207,C_676646,0.0,天津财经大学,2020-06-10 08:38:50,4,E,327,90,0.0416666666666666,0.0,0.0256880733944954,0.0256880733944954,0.031700288184438,0.0083333333333333,0.06176064475828
U_14749944,C_1918363,2.0,新乡医学院三全学院,2020-11-03 10:57:31,4,E,461,76,0.0277777777777777,0.0,0.073394495412844,0.073394495412844,0.0518731988472622,0.028030303030303,0.0613382595165117
U_33554972,C_697076,2.0,辽宁对外经贸学院,2020-10-22 10:13:30,4,E,781,121,0.0416666666666666,0.0,0.0825688073394495,0.0825688073394495,0.0691642651296829,0.0348484848484848,0.0617178515718089
U_12854581,C_735115,2.0,辽宁对外经贸学院,2020-07-09 22:30:45,4,E,781,136,0.0416666666666666,0.0,0.0311926605504587,0.0311926605504587,0.0201729106628242,0.0053030303030303,0.0601286896229725
U_24631965,C_948120,1.0,中国农业大学,2020-10-16 10:29:47,4,E,67,167,0.0416666666666666,0.0,0.0935779816513761,0.0935779816513761,0.1268011527377521,0.0409090909090909,0.0632381413016598
U_34203592,C_682392,1.0,昆明理工大学,2020-10-03 14:53:10,0,A,476,108,0.0972222222222222,0.0,0.0201834862385321,0.0201834862385321,0.0144092219020172,0.0037878787878787,0.0546745318561607
U_33366952,C_697076,2.0,辽宁对外经贸学院,2020-11-30 22:09:42,4,E,781,121,0.0555555555555555,0.0,0.1559633027522936,0.1559633027522936,0.2363112391930835,0.0742424242424242,0.0640074925702017
U_11534203,C_735197,0.0,辽宁石油化工大学,2020-09-12 21:08:21,4,E,790,141,0.0416666666666666,0.0,0.0165137614678899,0.0165137614678899,0.0230547550432276,0.0113636363636363,0.0607633074774266
U_13823498,C_682392,0.0,昆明理工大学,2019-11-03 18:07:30,0,A,476,108,0.1944444444444444,0.0,0.163302752293578,0.3045871559633027,0.2478386167146974,0.0515151515151515,0.0573247429645625
U_19304994,C_948395,2.0,西安美术学院,2020-03-11 12:07:23,0,A,727,170,0.0138888888888888,0.0,0.1706422018348624,0.2568807339449541,0.201729106628242,0.0598484848484848,0.0623267469623664
U_24295497,C_948395,2.0,西安美术学院,2020-03-08 13:44:38,4,E,727,170,0.0416666666666666,0.0,0.0770642201834862,0.0770642201834862,0.0518731988472622,0.031060606060606,0.0630800476907679
U_30820514,C_674920,0.0,辽宁对外经贸学院,2020-07-02 13:30:33,4,E,781,87,0.0555555555555555,0.0,0.2201834862385321,0.2201834862385321,0.3458213256484149,0.0931818181818181,0.0654472225541522
U_33279378,C_735164,1.0,昆明理工大学,2020-09-21 16:14:02,0,A,476,138,0.0138888888888888,0.0,0.2018348623853211,0.2587155963302752,0.2190201729106628,0.0583333333333333,0.0682060583300758
U_33647745,C_735164,2.0,昆明理工大学,2020-09-30 10:10:48,2,C,476,138,0.125,0.0,0.0128440366972477,0.0220183486238532,0.0115273775216138,0.006060606060606,0.0706078104446973
U_21212844,C_948120,2.0,中国农业大学,2020-09-29 19:14:37,0,A,67,167,0.0833333333333333,0.0,0.218348623853211,0.2623853211009174,0.1902017291066282,0.0742424242424242,0.0742774017078076
U_5314195,C_1750793,0.0,内蒙古农业大学职业技术学院,2020-05-20 21:01:05,0,A,142,17,0.0694444444444444,0.0,0.036697247706422,0.036697247706422,0.0489913544668587,0.0257575757575757,0.069968076821047
U_31057932,C_801420,0.0,辽宁对外经贸学院,2020-09-01 02:08:27,4,E,781,155,0.0277777777777777,0.0,0.0036697247706422,0.0036697247706422,0.0,0.0,0.0613551222407258
U_30014864,C_735115,2.0,辽宁对外经贸学院,2020-05-16 18:32:13,4,E,781,136,0.0138888888888888,0.0,0.0220183486238532,0.0220183486238532,0.0230547550432276,0.0068181818181818,0.059743417231501
U_30359977,C_747056,1.0,辽宁对外经贸学院,2020-06-05 00:07:29,4,E,781,147,0.0416666666666666,0.0,0.036697247706422,0.036697247706422,0.0345821325648414,0.0113636363636363,0.0623509540096376
U_31134621,C_735385,1.0,辽宁对外经贸学院,2020-08-04 21:54:22,4,E,781,146,0.0416666666666666,0.0,0.018348623853211,0.018348623853211,0.0259365994236311,0.0068181818181818,0.0615623926068148
U_4354977,C_1738818,1.0,清华大学,2020-08-30 15:41:36,4,E,612,15,0.0138888888888888,0.0,0.0055045871559633,0.0055045871559633,0.0057636887608069,0.003030303030303,0.065900574789903
U_4460464,C_735197,0.0,华南理工大学,2020-10-20 10:51:29,4,E,211,141,0.0555555555555555,0.0,0.0256880733944954,0.0256880733944954,0.0403458213256484,0.0401515151515151,0.0557420141078712
U_22468382,C_1829948,0.0,北方民族大学,2020-06-16 14:00:47,4,E,190,61,0.0416666666666666,0.0,0.0073394495412844,0.0073394495412844,0.0057636887608069,0.0015151515151515,0.0611236349226818
U_27561985,C_697076,1.0,长沙理工大学,2020-09-09 19:33:44,0,A,862,121,0.0833333333333333,0.0,0.1376146788990825,0.2477064220183486,0.1296829971181556,0.053030303030303,0.0648677638839261
U_33825592,C_1992929,2.0,辽宁对外经贸学院,2020-09-27 10:39:39,4,E,781,81,0.0416666666666666,0.0,0.0513761467889908,0.0513761467889908,0.0691642651296829,0.0181818181818181,0.0627710661264677
U_5314500,C_1750793,0.0,内蒙古农业大学职业技术学院,2020-05-20 23:55:11,0,A,142,17,0.1111111111111111,0.0,0.036697247706422,0.036697247706422,0.0461095100864553,0.0242424242424242,0.0704025705387928
U_4602294,C_735197,1.0,华南理工大学,2020-09-29 20:42:31,4,E,211,141,0.0416666666666666,0.0,0.0697247706422018,0.0697247706422018,0.0547550432276657,0.028030303030303,0.0633741375629354
U_4715830,C_735115,1.0,陕西工业职业技术学院,2020-07-01 03:53:21,4,E,876,136,0.0416666666666666,0.0,0.0055045871559633,0.0055045871559633,0.0057636887608069,0.0015151515151515,0.0612951840465516
U_30695429,C_1864063,2.0,辽宁对外经贸学院,2020-06-27 10:36:13,4,E,781,66,0.0416666666666666,0.0,0.0715596330275229,0.0715596330275229,0.0489913544668587,0.0333333333333333,0.0628138196942035
U_10272656,C_1918363,2.0,新乡医学院三全学院,2020-11-14 18:49:24,2,C,461,76,0.0416666666666666,0.0,0.0605504587155963,0.0605504587155963,0.0893371757925072,0.0598484848484848,0.0747859874129153
U_6987967,C_756642,2.0,昆明理工大学,2020-05-11 16:59:08,0,A,476,149,0.0833333333333333,0.0,0.0091743119266055,0.0091743119266055,0.0144092219020172,0.0053030303030303,0.0719980962469875
U_25842711,C_1724289,1.0,辽宁对外经贸学院,2020-07-11 00:10:39,4,E,781,10,0.0555555555555555,0.0,0.0110091743119266,0.0110091743119266,0.0144092219020172,0.1568181818181818,0.0599470179122324
U_34236718,C_697076,2.0,辽宁对外经贸学院,2020-11-23 09:10:19,4,E,781,121,0.0416666666666666,0.0,0.0880733944954128,0.0880733944954128,0.0547550432276657,0.034090909090909,0.0632129289289802
U_30711723,C_682556,2.0,辽宁对外经贸学院,2020-06-28 15:58:53,4,E,781,112,0.0416666666666666,0.0,0.0715596330275229,0.0715596330275229,0.0461095100864553,0.0121212121212121,0.0635166412014848
U_29815799,C_1017355,0.0,华南理工大学,2020-05-07 16:17:53,3,D,211,0,0.1388888888888889,0.0,0.0825688073394495,0.0825688073394495,0.0345821325648414,0.0106060606060606,0.0813583641743372
U_29822400,C_756642,2.0,辽宁对外经贸学院,2020-05-07 21:52:25,4,E,781,149,0.0138888888888888,0.0,0.0642201834862385,0.0642201834862385,0.0518731988472622,0.031060606060606,0.061123283306406
U_13650721,C_1829948,0.0,北方民族大学,2020-06-04 10:37:00,2,C,190,61,0.2083333333333333,0.0,0.2770642201834862,0.2770642201834862,0.2363112391930835,0.0621212121212121,0.0731889017170179
U_12980353,C_1992950,0.0,华南农业大学,2020-10-28 19:29:52,4,E,209,83,0.0138888888888888,0.0,0.0238532110091743,0.0238532110091743,0.0345821325648414,0.1818181818181818,0.0571262927194207
U_33110000,C_735164,1.0,昆明理工大学,2020-10-18 11:28:56,4,E,476,138,0.0416666666666666,0.0,0.1669724770642202,0.1688073394495413,0.2593659942363112,0.106060606060606,0.0503565026733853
U_34335745,C_1755941,2.0,辽宁对外经贸学院,2020-11-04 18:53:35,4,E,781,24,0.0138888888888888,0.0,0.0110091743119266,0.0110091743119266,0.0144092219020172,0.0037878787878787,0.0583938099656851
U_12983963,C_1829948,0.0,北方民族大学,2020-06-18 20:10:38,2,C,190,61,0.2777777777777778,0.0,0.4770642201834862,0.4770642201834862,0.4610951008645533,0.1212121212121212,0.0754822916382389
U_6902211,C_756642,2.0,辽宁对外经贸学院,2020-05-13 18:42:32,4,E,781,149,0.0277777777777777,0.0,0.0091743119266055,0.0091743119266055,0.0115273775216138,0.0037878787878787,0.0616799017757288
U_6159260,C_735197,0.0,华南理工大学,2020-10-14 15:21:51,2,C,211,141,0.4166666666666666,0.0,0.0862385321100917,0.0862385321100917,0.1123919308357348,0.0348484848484848,0.0804130314359134
U_30492826,C_735385,1.0,辽宁对外经贸学院,2020-09-11 12:30:23,4,E,781,146,0.0416666666666666,0.0,0.0091743119266055,0.0091743119266055,0.0144092219020172,0.0037878787878787,0.0561981842261706
U_29932689,C_735115,0.0,昆明理工大学,2020-05-11 23:06:15,0,A,476,136,0.1388888888888889,0.0,0.5211009174311927,0.5211009174311927,0.8155619596541787,0.2818181818181818,0.0712340390319507
U_33224404,C_697076,2.0,辽宁对外经贸学院,2020-11-02 11:15:10,4,E,781,121,0.0416666666666666,0.0,0.0935779816513761,0.0935779816513761,0.0489913544668587,0.0333333333333333,0.062431340423571
U_20723649,C_948395,2.0,西安美术学院,2020-05-25 11:52:29,0,A,727,170,0.125,0.0,0.110091743119266,0.110091743119266,0.1729106628242074,0.1,0.0681746010542438
U_32612161,C_735164,2.0,昆明理工大学,2020-11-28 09:57:28,0,A,476,138,0.125,0.0,0.2862385321100917,0.3174311926605505,0.4380403458213256,0.1598484848484848,0.0702139457400066
U_34062821,C_1912004,1.0,暨南大学,2020-10-07 00:18:58,4,E,487,74,0.0416666666666666,0.0,0.0055045871559633,0.0055045871559633,0.0028818443804034,0.0007575757575757,0.0613214017446395
U_31149531,C_680733,0.0,辽宁对外经贸学院,2020-08-07 10:18:52,4,E,781,95,0.0277777777777777,0.0,0.0018348623853211,0.0018348623853211,0.0,0.0,0.0612535893268235
U_4460463,C_735197,1.0,华南理工大学,2020-10-19 21:40:49,4,E,211,141,0.0555555555555555,0.0,0.018348623853211,0.018348623853211,0.0288184438040345,0.0416666666666666,0.0549874208182303
U_20254039,C_948120,0.0,中国农业大学,2020-09-30 23:17:17,0,A,67,167,0.0972222222222222,0.0,0.2275229357798165,0.2623853211009174,0.1959654178674351,0.0765151515151515,0.074175769747067
U_31204781,C_674959,1.0,辽宁对外经贸学院,2020-08-24 12:30:06,4,E,781,88,0.0416666666666666,0.0,0.0256880733944954,0.0256880733944954,0.0144092219020172,0.0045454545454545,0.0654152402200253
U_31687723,C_735130,1.0,昆明理工大学,2020-08-31 09:42:30,0,A,476,137,0.1527777777777777,0.0,0.4623853211009174,0.4623853211009174,0.7204610951008645,0.1893939393939394,0.0637344204371134
U_30545380,C_1750793,1.0,昆明理工大学,2020-06-15 21:25:04,0,A,476,17,0.0833333333333333,0.0,0.0348623853211009,0.0348623853211009,0.0461095100864553,0.0242424242424242,0.0700019656967583
U_32878411,C_735164,2.0,昆明理工大学,2020-09-16 10:07:28,0,A,476,138,0.125,0.0,0.1871559633027523,0.2770642201834862,0.239193083573487,0.0666666666666666,0.0222557218140554
U_28774668,C_1750795,0.0,辽宁对外经贸学院,2020-06-13 08:49:32,4,E,781,18,0.0416666666666666,0.0,0.0055045871559633,0.0055045871559633,0.0057636887608069,0.003030303030303,0.0612535497080882
U_16103670,C_786631,1.0,北华航天工业学院,2020-04-05 16:49:57,4,E,186,154,0.0416666666666666,0.0,0.0788990825688073,0.0788990825688073,0.0547550432276657,0.0325757575757575,0.0616750930517312
U_33220430,C_697076,2.0,辽宁对外经贸学院,2020-11-19 19:52:31,4,E,781,121,0.0416666666666666,0.0,0.0862385321100917,0.0862385321100917,0.0518731988472622,0.0333333333333333,0.0618815215196949
U_29823069,C_747056,0.0,辽宁对外经贸学院,2020-05-07 22:37:24,4,E,781,147,0.0277777777777777,0.0,0.036697247706422,0.036697247706422,0.0288184438040345,0.0098484848484848,0.0654990834786661
U_31083433,C_697076,1.0,辽宁对外经贸学院,2020-07-28 15:37:48,4,E,781,121,0.0555555555555555,0.0,0.1412844036697247,0.1412844036697247,0.1354466858789625,0.0401515151515151,0.0646303535649541
U_7374711,C_1824911,2.0,重庆三峡医药高等专科学校,2020-06-10 18:14:57,4,E,822,57,0.1805555555555555,0.0,0.0623853211009174,0.0623853211009174,0.0951008645533141,0.025,0.0584299026335478
U_2012653,C_674920,1.0,没有,2020-05-16 11:25:58,4,E,542,87,0.0416666666666666,0.0,0.018348623853211,0.018348623853211,0.0201729106628242,0.0053030303030303,0.0606230274403962
U_20953985,C_735130,0.0,辽宁对外经贸学院,2020-09-10 17:02:02,4,E,781,137,0.0694444444444444,0.0,0.0256880733944954,0.0256880733944954,0.0230547550432276,0.006060606060606,0.0591751706633663
U_16294697,C_1771170,1.0,昆明理工大学,2020-08-25 11:36:32,0,A,476,40,0.0972222222222222,0.0,0.091743119266055,0.091743119266055,0.1440922190201729,0.0469696969696969,0.0684224013865496
U_30144843,C_786631,0.0,辽宁对外经贸学院,2020-07-11 10:11:26,4,E,781,154,0.0416666666666666,0.0,0.0165137614678899,0.0165137614678899,0.0172910662824207,0.0053030303030303,0.0615321139883581
U_7281322,C_1017355,2.0,广州中医药大学,2020-05-07 16:30:46,3,D,423,0,0.1111111111111111,0.0,0.073394495412844,0.073394495412844,0.0345821325648414,0.0106060606060606,0.0803032231586742
U_31116855,C_1756077,1.0,辽宁对外经贸学院,2020-08-01 22:16:52,4,E,781,28,0.0416666666666666,0.0,0.0678899082568807,0.0678899082568807,0.0403458213256484,0.0431818181818181,0.0618586169383468
U_5799425,C_735164,0.0,昆明理工大学,2020-09-17 08:27:58,0,A,476,138,0.1111111111111111,0.0,0.1834862385321101,0.273394495412844,0.2074927953890489,0.056060606060606,0.0014840943185752
U_33330178,C_697076,1.0,辽宁对外经贸学院,2020-11-17 15:03:14,4,E,781,121,0.0416666666666666,0.0,0.0752293577981651,0.0752293577981651,0.0432276657060518,0.0303030303030303,0.0605939869074178
U_26879513,C_735115,1.0,辽宁对外经贸学院,2020-07-08 23:24:22,4,E,781,136,0.0416666666666666,0.0,0.0275229357798165,0.0275229357798165,0.0201729106628242,0.0068181818181818,0.0610639641549709
U_7265428,C_674920,0.0,西昌民族幼儿师范高等专科学校,2020-06-21 14:24:57,4,E,751,87,0.0555555555555555,0.0,0.110091743119266,0.110091743119266,0.0576368876080691,0.0151515151515151,0.0641697511006424
U_19881597,C_808528,0.0,东北师范大学,2020-02-19 20:26:25,0,A,47,156,0.0138888888888888,0.0,0.1944954128440367,0.2660550458715596,0.2132564841498559,0.056060606060606,0.0694305100110639
U_27889556,C_735283,1.0,辽宁对外经贸学院,2020-04-19 21:56:41,4,E,781,143,0.0416666666666666,0.0,0.0715596330275229,0.0715596330275229,0.0518731988472622,0.0333333333333333,0.0632625712043171
U_34293528,C_2027893,0.0,辽宁对外经贸学院,2020-10-05 20:09:41,4,E,781,84,0.0416666666666666,0.0,0.0165137614678899,0.0165137614678899,0.0230547550432276,0.0075757575757575,0.0615083179854656
U_9046749,C_786631,2.0,中国传媒大学,2020-03-11 22:05:08,4,E,66,154,0.0694444444444444,0.0,0.0954128440366972,0.0954128440366972,0.0547550432276657,0.0265151515151515,0.064299878836751
U_238850,C_948078,2.0,重庆大学,2020-03-29 21:35:40,4,E,835,164,0.0138888888888888,0.0,0.0752293577981651,0.0752293577981651,0.0518731988472622,0.031060606060606,0.0611667797254288
U_7207458,C_1017355,0.0,广州中医药大学,2020-04-30 20:39:11,2,C,423,0,0.1388888888888889,0.0,0.0825688073394495,0.0825688073394495,0.0749279538904899,0.025,0.0752828410200308
U_33894986,C_697076,2.0,辽宁对外经贸学院,2020-10-04 07:53:04,4,E,781,121,0.0416666666666666,0.0,0.0091743119266055,0.0091743119266055,0.0144092219020172,0.0045454545454545,0.060864726487465
U_2104147,C_1828106,1.0,华中科技大学,2020-08-27 19:52:44,4,E,200,59,0.0416666666666666,0.0,0.0091743119266055,0.0091743119266055,0.0144092219020172,0.0757575757575757,0.0227699349924991
U_30197997,C_1732845,2.0,广州中医药大学,2020-05-27 10:26:05,1,B,423,13,0.0833333333333333,0.0,0.2660550458715596,0.2660550458715596,0.2968299711815562,0.078030303030303,0.1062570901835437
U_5957280,C_676635,1.0,西安交通大学,2020-07-18 08:21:59,1,B,715,89,0.2222222222222222,0.0,0.0642201834862385,0.0642201834862385,0.0806916426512968,0.0212121212121212,0.1137383157805157
U_22390530,C_735130,2.0,辽宁对外经贸学院,2020-12-05 10:55:05,4,E,781,137,0.0416666666666666,0.0,0.0458715596330275,0.0458715596330275,0.0403458213256484,0.0106060606060606,0.0624321179412514
U_16690643,C_948436,2.0,辽宁对外经贸学院,2020-05-18 00:12:01,4,E,781,171,0.0416666666666666,0.0,0.0348623853211009,0.0348623853211009,0.031700288184438,0.0,0.0627339136574356
U_16323323,C_770766,0.0,礦大北京,2020-05-31 09:14:45,4,E,676,152,0.0416666666666666,0.0,0.0990825688073394,0.0990825688073394,0.0432276657060518,0.0113636363636363,0.0643689887681484
U_30581302,C_1829948,0.0,辽宁对外经贸学院,2020-06-17 14:20:05,4,E,781,61,0.0416666666666666,0.0,0.0073394495412844,0.0073394495412844,0.0057636887608069,0.0015151515151515,0.0612373753594
U_28462431,C_1736024,2.0,广州中医药大学,2020-05-12 15:41:54,4,E,423,14,0.0416666666666666,0.0,0.0091743119266055,0.0128440366972477,0.0144092219020172,0.006060606060606,0.0601496429816068
U_31066030,C_682392,0.0,昆明理工大学,2020-08-04 09:13:07,0,A,476,108,0.1111111111111111,0.0,0.4495412844036697,0.4495412844036697,0.6599423631123918,0.2295454545454545,0.0631383367550851
U_15265349,C_1912004,2.0,辽宁对外经贸学院,2020-11-18 09:38:13,4,E,781,74,0.0277777777777777,0.0,0.0055045871559633,0.0055045871559633,0.0028818443804034,0.0007575757575757,0.0618643913690175
U_30780718,C_676646,0.0,中国医科大学,2020-07-01 18:38:37,2,C,69,90,0.125,0.0,0.0532110091743119,0.0532110091743119,0.0432276657060518,0.0113636363636363,0.0758994769209984
U_4516973,C_735197,1.0,华南理工大学,2020-10-19 22:04:25,3,D,211,141,0.2222222222222222,0.0,0.1743119266055046,0.2605504587155963,0.1123919308357348,0.156060606060606,0.0866722022853833
U_3420369,C_801420,0.0,西南林业大学,2020-07-17 23:52:02,4,E,711,155,0.0416666666666666,0.0,0.0587155963302752,0.0587155963302752,0.0576368876080691,0.0318181818181818,0.0604602637710803
U_4376982,C_1808487,0.0,中国矿业大学,2020-08-30 17:04:18,4,E,83,55,0.0555555555555555,0.0,0.2403669724770642,0.2403669724770642,0.0893371757925072,0.025,0.0693655154757964
U_14141469,C_676646,0.0,天津商业大学会计学院,2020-08-17 17:45:41,1,B,317,90,0.0138888888888888,0.0,0.0422018348623853,0.0422018348623853,0.063400576368876,0.0166666666666666,0.2560680078470592
U_31048413,C_801420,1.0,辽宁对外经贸学院,2020-07-25 21:51:50,4,E,781,155,0.0277777777777777,0.0,0.0055045871559633,0.0055045871559633,0.0,0.0,0.0614305414557204
U_5235947,C_674920,0.0,西昌民族幼儿师范高等专科学校,2020-06-04 12:17:52,4,E,751,87,0.0555555555555555,0.0,0.0715596330275229,0.0715596330275229,0.0547550432276657,0.0212121212121212,0.0606403556847501
U_13808623,C_756642,0.0,辽宁对外经贸学院,2020-05-08 11:51:21,4,E,781,149,0.0416666666666666,0.0,0.0660550458715596,0.0660550458715596,0.0576368876080691,0.0318181818181818,0.0617013008451353
U_2208038,C_1914506,0.0,Tongji University,2020-07-30 20:58:52,4,E,25,75,0.0416666666666666,0.0,0.0128440366972477,0.0128440366972477,0.0144092219020172,0.006060606060606,0.061465727845013
U_30348554,C_1829948,0.0,中国医科大学,2020-06-04 10:35:00,2,C,69,61,0.0833333333333333,0.0,0.0220183486238532,0.0220183486238532,0.0259365994236311,0.0068181818181818,0.0613469855429626
U_30408802,C_735283,2.0,辽宁对外经贸学院,2020-06-08 20:16:32,4,E,781,143,0.0277777777777777,0.0,0.0018348623853211,0.0018348623853211,0.0028818443804034,0.0007575757575757,0.0616844381209212
U_49748,C_1732845,1.0,北京大学,2020-04-22 16:07:02,4,E,164,13,0.0416666666666666,0.0,0.0605504587155963,0.0605504587155963,0.0547550432276657,0.0303030303030303,0.0609560872910779
U_9774795,C_735197,1.0,华南理工大学,2020-09-15 22:27:46,3,D,211,141,0.0277777777777777,0.0,0.0256880733944954,0.0256880733944954,0.0230547550432276,0.0106060606060606,0.0757701712736474
U_11554004,C_1472684,2.0,德宏职业学院,2020-09-14 12:33:18,4,E,448,3,0.0277777777777777,0.0,0.0091743119266055,0.0091743119266055,0.0086455331412103,0.0022727272727272,0.061320346895812
U_26770056,C_2141845,0.0,宝鸡文理学院,2020-09-11 13:38:09,0,A,356,86,0.0833333333333333,0.0,0.055045871559633,0.055045871559633,0.0806916426512968,0.0212121212121212,0.0693772129073951
U_12205185,C_674920,0.0,西昌民族幼儿师范高等专科学校,2020-06-30 06:54:24,4,E,751,87,0.0694444444444444,0.0,0.2201834862385321,0.2201834862385321,0.3458213256484149,0.0931818181818181,0.0620767824566446
U_30595589,C_1829948,2.0,广州中医药大学,2020-06-18 10:41:01,1,B,423,61,0.2916666666666666,0.0,0.4770642201834862,0.4770642201834862,0.4265129682997118,0.1121212121212121,0.1026781614438365
U_18486490,C_948113,2.0,西安思源学院,2020-02-24 16:20:56,0,A,721,166,0.0277777777777777,0.0,0.1963302752293578,0.2697247706422018,0.2074927953890489,0.059090909090909,0.0688595446072188
U_29060528,C_735164,2.0,辽宁对外经贸学院,2020-11-28 23:58:26,4,E,781,138,0.0416666666666666,0.0,0.0220183486238532,0.0275229357798165,0.0345821325648414,0.0174242424242424,0.0623492850704129
U_33383697,C_697076,1.0,辽宁对外经贸学院,2020-11-19 19:34:33,0,A,781,121,0.1527777777777777,0.0,0.5541284403669725,0.5541284403669725,0.8703170028818443,0.2931818181818181,0.0764215924242127
U_19317409,C_1017355,0.0,广州中医药大学,2020-03-07 22:11:29,0,A,423,0,0.0972222222222222,0.0,0.2073394495412844,0.2715596330275229,0.2046109510086455,0.0628787878787878,0.0710878508510179
U_2049592,C_735164,0.0,昆明理工大学,2020-09-15 13:49:46,0,A,476,138,0.0138888888888888,0.0,0.018348623853211,0.0201834862385321,0.0288184438040345,0.0136363636363636,0.0563286917721275
U_6165091,C_735164,0.0,宁夏大学,2020-09-16 15:21:09,4,E,334,138,0.0416666666666666,0.0,0.0770642201834862,0.0770642201834862,0.063400576368876,0.0333333333333333,0.0611840633987055
U_29332562,C_674959,0.0,辽宁对外经贸学院,2020-04-13 09:07:06,4,E,781,88,0.0416666666666666,0.0,0.0678899082568807,0.0678899082568807,0.0547550432276657,0.0325757575757575,0.0630274092485736
U_78246,C_735164,1.0,昆明理工大学,2020-11-21 12:30:10,0,A,476,138,0.1111111111111111,0.0,0.0990825688073394,0.0990825688073394,0.1556195965417867,0.0742424242424242,0.065928897233304
U_1851071,C_948120,0.0,海南华侨中学,2020-09-23 17:04:10,0,A,607,167,0.1111111111111111,0.0,0.1908256880733945,0.2788990825688073,0.2190201729106628,0.0606060606060606,0.0456415740277724
U_30111708,C_1750793,1.0,昆明理工大学,2020-05-21 21:38:41,0,A,476,17,0.0694444444444444,0.0,0.036697247706422,0.036697247706422,0.0461095100864553,0.0242424242424242,0.0699938488083628
U_32745472,C_735164,1.0,昆明理工大学,2020-09-15 13:52:34,0,A,476,138,0.0138888888888888,0.0,0.2165137614678899,0.2844036697247706,0.1959654178674351,0.0712121212121212,0.0363580413124591
U_11066765,C_735385,1.0,湖南大学,2020-05-28 10:44:05,4,E,640,146,0.0416666666666666,0.0,0.0422018348623853,0.0422018348623853,0.0489913544668587,0.0128787878787878,0.0611886146009236
U_4740917,C_682392,0.0,陕西工业职业技术学校,2020-09-14 19:42:43,0,A,875,108,0.0833333333333333,0.0,0.0330275229357798,0.2385321100917431,0.0518731988472622,0.0613636363636363,0.0456053823958306
U_882185,C_936971,0.0,汉江师范学院,2020-08-19 11:31:47,2,C,519,162,0.1527777777777777,0.0,0.0587155963302752,0.0587155963302752,0.0806916426512968,0.0272727272727272,0.0754207637423106
U_29613208,C_677087,1.0,辽宁对外经贸学院,2020-08-13 10:01:41,4,E,781,92,0.0416666666666666,0.0,0.036697247706422,0.036697247706422,0.0288184438040345,0.0075757575757575,0.0594475593732706
U_33275592,C_697076,0.0,辽宁对外经贸学院,2020-11-19 09:58:29,4,E,781,121,0.0416666666666666,0.0,0.0825688073394495,0.0825688073394495,0.0806916426512968,0.0356060606060606,0.061753176626675
U_33459843,C_2027893,1.0,辽宁对外经贸学院,2020-09-23 10:45:02,4,E,781,84,0.0416666666666666,0.0,0.0110091743119266,0.0110091743119266,0.0115273775216138,0.0045454545454545,0.0614181061251766
U_9480057,C_697766,2.0,辽宁对外经贸学院,2020-05-23 17:39:07,4,E,781,128,0.0416666666666666,0.0,0.0697247706422018,0.0697247706422018,0.0461095100864553,0.0295454545454545,0.0624838699142433
U_13549195,C_1776290,2.0,河北农业大学,2020-06-01 19:27:09,4,E,545,48,0.0416666666666666,0.0,0.0752293577981651,0.0752293577981651,0.0432276657060518,0.0295454545454545,0.0637404771512731
U_12286292,C_682392,0.0,陕西工业职业技术学院,2020-11-13 12:02:25,4,E,876,108,0.0416666666666666,0.0,0.018348623853211,0.018348623853211,0.0288184438040345,0.0075757575757575,0.0609022999055597
U_30599640,C_1829948,1.0,辽宁对外经贸学院,2020-06-18 14:24:12,4,E,781,61,0.0416666666666666,0.0,0.0091743119266055,0.0091743119266055,0.0057636887608069,0.0015151515151515,0.0613127945743946
U_25660397,C_1806527,2.0,昆明理工大学,2020-09-05 13:48:24,0,A,476,53,0.0833333333333333,0.0,0.0036697247706422,0.0036697247706422,0.0028818443804034,0.0075757575757575,0.0749769744787939
U_30348582,C_1829948,0.0,华南理工大学,2020-06-04 10:35:50,3,D,211,61,0.4305555555555555,0.0,0.4770642201834862,0.4770642201834862,0.5907780979827089,0.1553030303030303,0.0741325358021656
U_30372014,C_674920,1.0,辽宁对外经贸学院,2020-06-05 16:56:20,4,E,781,87,0.0416666666666666,0.0,0.018348623853211,0.018348623853211,0.0172910662824207,0.0045454545454545,0.0610390687321737
U_33230427,C_1992945,0.0,辽宁对外经贸学院,2020-11-03 17:29:45,4,E,781,82,0.0277777777777777,0.0,0.0018348623853211,0.0018348623853211,0.0,0.0,0.0613278001703913
U_30593428,C_1829948,2.0,中国医科大学,2020-06-18 08:44:59,2,C,69,61,0.6388888888888888,0.0,0.4091743119266055,0.4091743119266055,0.515850144092219,0.1356060606060606,0.0761592619207339
U_17636782,C_786631,1.0,北华航天工业学院,2020-03-30 20:49:16,0,A,186,154,0.0138888888888888,0.0,0.2018348623853211,0.2623853211009174,0.201729106628242,0.0681818181818181,0.0716043603031865
U_30598933,C_1829948,1.0,广州中医药大学,2020-06-18 13:57:33,1,B,423,61,0.3194444444444444,0.0,0.455045871559633,0.455045871559633,0.4034582132564841,0.106060606060606,0.102309816157024
U_33551043,C_697076,1.0,辽宁对外经贸学院,2020-10-07 10:09:56,4,E,781,121,0.0416666666666666,0.0,0.0073394495412844,0.0073394495412844,0.0086455331412103,0.0022727272727272,0.060642643666714
U_16102789,C_735283,1.0,辽宁对外经贸学院,2020-06-27 19:18:34,4,E,781,143,0.0277777777777777,0.0,0.0036697247706422,0.0036697247706422,0.0028818443804034,0.0007575757575757,0.0617598573359158
U_28745402,C_681031,0.0,辽宁对外经贸学院,2020-07-03 23:00:09,4,E,781,101,0.0416666666666666,0.0,0.0715596330275229,0.0715596330275229,0.0605187319884726,0.0318181818181818,0.0612930248254775
U_10245191,C_735197,2.0,华南理工大学,2020-09-24 23:55:20,4,E,211,141,0.0555555555555555,0.0,0.0458715596330275,0.0458715596330275,0.0461095100864553,0.0363636363636363,0.0590941156832746
U_4677594,C_674920,0.0,辽宁对外经贸学院,2020-07-10 00:22:14,4,E,781,87,0.0416666666666666,0.0,0.018348623853211,0.018348623853211,0.0230547550432276,0.006060606060606,0.0646576360165533
U_14749852,C_1918363,0.0,新乡医学院三全学院,2020-10-30 07:53:22,0,A,461,76,0.1111111111111111,0.0,0.1981651376146789,0.2788990825688073,0.1930835734870317,0.0696969696969697,0.0723031307947829
U_30170220,C_676646,1.0,辽宁对外经贸学院,2020-06-02 02:38:41,4,E,781,90,0.0277777777777777,0.0,0.0091743119266055,0.0091743119266055,0.0144092219020172,0.0037878787878787,0.0612297834192472
U_20240310,C_801420,0.0,南京邮电大学通达学院,2020-09-08 10:38:08,4,E,229,155,0.0277777777777777,0.0,0.0018348623853211,0.0018348623853211,0.0028818443804034,0.0007575757575757,0.0611950179790172
U_4951016,C_1628052,1.0,辽宁对外经贸学院,2020-06-10 19:45:31,4,E,781,5,0.0416666666666666,0.0,0.0678899082568807,0.0678899082568807,0.0605187319884726,0.0348484848484848,0.0628909722288677
U_15755985,C_677087,1.0,辽宁对外经贸学院,2020-10-20 00:10:25,4,E,781,92,0.0416666666666666,0.0,0.0128440366972477,0.0128440366972477,0.0086455331412103,0.0022727272727272,0.0614716607506249
U_30593391,C_1829948,0.0,辽宁对外经贸学院,2020-06-18 08:46:17,4,E,781,61,0.7222222222222222,0.0,0.073394495412844,0.073394495412844,0.100864553314121,0.0265151515151515,0.0689629247446548
U_2459416,C_674920,1.0,中山大学新华学院,2020-07-28 00:36:18,4,E,91,87,0.0416666666666666,0.0,0.073394495412844,0.073394495412844,0.0835734870317002,0.0219696969696969,0.0628111553342543
U_12205199,C_674920,2.0,西昌民族幼儿师范高等专科学校,2020-06-05 10:17:19,4,E,751,87,0.0555555555555555,0.0,0.091743119266055,0.091743119266055,0.1383285302593659,0.0363636363636363,0.0605515106708291
U_29168994,C_801420,2.0,辽宁对外经贸学院,2020-07-24 20:28:00,4,E,781,155,0.0416666666666666,0.0,0.0238532110091743,0.0238532110091743,0.031700288184438,0.009090909090909,0.061612361736718
U_6090390,C_1017355,0.0,广州中医药大学,2020-03-02 11:14:51,1,B,423,0,0.2083333333333333,0.0,0.0532110091743119,0.0568807339449541,0.0835734870317002,0.0234848484848484,0.1188479440727751
U_33248717,C_697076,2.0,辽宁对外经贸学院,2020-11-18 14:27:16,4,E,781,121,0.0555555555555555,0.0,0.2110091743119266,0.2110091743119266,0.1757925072046109,0.0507575757575757,0.067020170535565
U_19861427,C_735306,2.0,辽宁对外经贸学院,2020-10-20 13:54:32,4,E,781,144,0.0694444444444444,0.0,0.036697247706422,0.036697247706422,0.0576368876080691,0.0477272727272727,0.0432480379311438
U_4602241,C_735197,2.0,华南理工大学,2020-09-29 23:27:38,4,E,211,141,0.0416666666666666,0.0,0.0623853211009174,0.0623853211009174,0.0374639769452449,0.0393939393939393,0.0619880711559552
U_31554913,C_1992917,2.0,辽宁对外经贸学院,2020-08-28 17:58:31,4,E,781,80,0.0416666666666666,0.0,0.0697247706422018,0.0697247706422018,0.031700288184438,0.05,0.0610968526576158
U_5314398,C_1750793,0.0,内蒙古农业大学职业技术学院,2020-05-21 10:14:27,2,C,142,17,0.0555555555555555,0.0,0.036697247706422,0.036697247706422,0.0432276657060518,0.0227272727272727,0.0761880251225652
U_33257885,C_2027893,1.0,辽宁对外经贸学院,2020-09-21 14:22:46,4,E,781,84,0.0416666666666666,0.0,0.0165137614678899,0.0165137614678899,0.0201729106628242,0.006060606060606,0.061545911212928
U_29486631,C_674920,0.0,辽宁对外经贸学院,2020-07-20 15:10:33,4,E,781,87,0.0416666666666666,0.0,0.0348623853211009,0.0348623853211009,0.0230547550432276,0.006060606060606,0.0616498311556325
U_6984966,C_756642,2.0,辽宁对外经贸学院,2020-05-11 17:46:38,4,E,781,149,0.0416666666666666,0.0,0.0091743119266055,0.0091743119266055,0.0144092219020172,0.0053030303030303,0.0610565703084946
U_29991408,C_948488,0.0,中国医科大学,2020-05-15 10:47:18,2,C,69,172,0.1388888888888889,0.0,0.036697247706422,0.036697247706422,0.0403458213256484,0.0106060606060606,0.0720356151893211
U_33329292,C_697076,0.0,辽宁对外经贸,2020-11-22 16:34:03,4,E,777,121,0.0416666666666666,0.0,0.055045871559633,0.055045871559633,0.0547550432276657,0.0159090909090909,0.0625413715561963
U_29792946,C_1992917,2.0,辽宁农业职业技术学院,2020-09-08 07:50:41,4,E,772,80,0.0277777777777777,0.0,0.0935779816513761,0.0935779816513761,0.063400576368876,0.0295454545454545,0.0641717320374077
U_993632,C_735164,1.0,昆明理工大学,2020-09-17 21:05:44,0,A,476,138,0.1111111111111111,0.0,0.2036697247706422,0.2770642201834862,0.2190201729106628,0.0598484848484848,0.0672812778105913
U_31065909,C_735197,2.0,辽宁对外经贸学院,2020-09-22 09:20:09,4,E,781,141,0.0416666666666666,0.0,0.073394495412844,0.073394495412844,0.0605187319884726,0.031060606060606,0.0615769376350136
U_33246536,C_697076,0.0,辽宁对外经贸学院,2020-11-17 20:25:11,4,E,781,121,0.0416666666666666,0.0,0.0825688073394495,0.0825688073394495,0.0518731988472622,0.0431818181818181,0.0665801450519023
U_29255433,C_747056,1.0,辽宁对外经贸学院,2020-06-29 02:26:13,4,E,781,147,0.0416666666666666,0.0,0.0697247706422018,0.0697247706422018,0.0518731988472622,0.0333333333333333,0.0625368154016362
U_5323491,C_735164,2.0,桂林理工大学,2020-10-27 10:39:28,0,A,497,138,0.0694444444444444,0.0,0.018348623853211,0.018348623853211,0.0288184438040345,0.0136363636363636,0.0696589991152825
U_6233905,C_1017355,0.0,广州中医药大学,2020-03-02 11:56:55,1,B,423,0,0.0138888888888888,0.0,0.0256880733944954,0.0330275229357798,0.0403458213256484,0.0227272727272727,0.1121127392615924
U_15362795,C_801420,1.0,辽宁对外经贸学院,2020-08-16 21:09:26,4,E,781,155,0.0416666666666666,0.0,0.0954128440366972,0.0954128440366972,0.1095100864553314,0.0121212121212121,0.0846866946186098
U_31142154,C_801420,1.0,辽宁对外经贸学院,2020-08-19 11:43:14,4,E,781,155,0.0277777777777777,0.0,0.0055045871559633,0.0055045871559633,0.0028818443804034,0.0007575757575757,0.0613965287714613
U_10407965,C_676646,0.0,昆明理工大学,2020-08-11 10:59:07,0,A,476,90,0.1111111111111111,0.0,0.0660550458715596,0.0660550458715596,0.1037463976945244,0.0272727272727272,0.207314305496788
U_29821258,C_756642,2.0,辽宁对外经贸学院,2020-05-07 21:07:59,4,E,781,149,0.0416666666666666,0.0,0.0642201834862385,0.0642201834862385,0.0461095100864553,0.0333333333333333,0.0627641031337379
U_34268857,C_697076,1.0,辽宁对外经贸学院,2020-11-19 10:39:15,4,E,781,121,0.0555555555555555,0.0,0.1834862385321101,0.1834862385321101,0.1066282420749279,0.028030303030303,0.0667266303733499
U_27885721,C_735283,2.0,辽宁对外经贸学院,2020-04-20 15:52:51,4,E,781,143,0.0416666666666666,0.0,0.0715596330275229,0.0715596330275229,0.0518731988472622,0.034090909090909,0.0633807241776798
U_24744157,C_801420,2.0,辽宁对外经贸学院,2020-08-17 21:29:30,4,E,781,155,0.0416666666666666,0.0,0.110091743119266,0.110091743119266,0.0547550432276657,0.0318181818181818,0.0557776214462264
U_34703455,C_735164,0.0,中国医科大学,2020-10-11 18:42:33,2,C,69,138,0.1388888888888889,0.0,0.1541284403669724,0.2697247706422018,0.0979827089337175,0.0348484848484848,0.0857404191544336
U_32352563,C_1907852,1.0,辽宁对外经贸学院,2020-09-10 16:30:50,4,E,781,71,0.0416666666666666,0.0,0.0073394495412844,0.0073394495412844,0.0057636887608069,0.0015151515151515,0.061269342726449
U_32124644,C_735385,1.0,辽宁对外经贸学院,2020-09-07 16:30:59,4,E,781,146,0.0277777777777777,0.0,0.0055045871559633,0.0055045871559633,0.0028818443804034,0.0007575757575757,0.0613065447189003
U_6766219,C_1824911,2.0,重庆三峡医药高等专科学校,2020-06-05 15:22:25,4,E,822,57,0.0138888888888888,0.0,0.0623853211009174,0.0623853211009174,0.0806916426512968,0.0212121212121212,0.0631311509069692
U_30561317,C_1829948,1.0,辽宁对外经贸学院,2020-06-16 15:44:44,4,E,781,61,0.0416666666666666,0.0,0.0018348623853211,0.0018348623853211,0.0,0.0,0.0610791381305926
U_27033776,C_676635,1.0,昆明理工大学,2020-06-06 22:57:29,0,A,476,89,0.0833333333333333,0.0,0.0642201834862385,0.0642201834862385,0.100864553314121,0.0265151515151515,0.069916730940092
U_4308848,C_1760297,0.0,哈尔滨工业大学,2020-09-07 16:36:53,2,C,270,29,0.1527777777777777,0.0,0.0110091743119266,0.0110091743119266,0.0144092219020172,0.0053030303030303,0.0724898984653516
U_11070608,C_735385,0.0,湖南大学,2020-05-10 15:54:23,4,E,640,146,0.0416666666666666,0.0,0.0678899082568807,0.0678899082568807,0.0547550432276657,0.031060606060606,0.0619396669660966
U_24711712,C_948436,2.0,辽宁对外经贸学院,2020-05-28 19:30:59,4,E,781,171,0.0277777777777777,0.0,0.0055045871559633,0.0055045871559633,0.0086455331412103,0.0015151515151515,0.0612963181328497
U_5077278,C_735197,1.0,华南理工大学,2020-09-24 09:31:38,3,D,211,141,0.1666666666666666,0.0,0.1798165137614679,0.2495412844036697,0.0749279538904899,0.1507575757575757,0.0841303830844335
U_30034066,C_1714448,1.0,辽宁对外经贸学院,2020-05-18 11:42:50,4,E,781,8,0.0416666666666666,0.0,0.0110091743119266,0.0110091743119266,0.0086455331412103,0.0022727272727272,0.0611643778396009
U_2434384,C_680979,2.0,西安交通大学,2020-07-20 10:30:43,4,E,715,100,0.0416666666666666,0.0,0.0073394495412844,0.0073394495412844,0.0115273775216138,0.0037878787878787,0.0606687028898607
U_6758619,C_1824911,2.0,重庆医药高等专科学校,2020-06-02 10:23:28,4,E,834,57,0.0416666666666666,0.0,0.0532110091743119,0.0532110091743119,0.0489913544668587,0.028030303030303,0.057938650125136
U_33554761,C_697076,2.0,辽宁对外经贸学院,2020-11-18 19:06:54,4,E,781,121,0.0555555555555555,0.0,0.1834862385321101,0.1834862385321101,0.2651296829971181,0.084090909090909,0.0647879469893127
U_34711950,C_2141845,2.0,辽宁对外经贸学院,2020-10-18 23:45:37,4,E,781,86,0.0416666666666666,0.0,0.036697247706422,0.036697247706422,0.0461095100864553,0.0121212121212121,0.0325268300188483
U_15500157,C_948436,1.0,辽宁对外经贸学院,2020-07-05 12:36:08,4,E,781,171,0.0277777777777777,0.0,0.0018348623853211,0.0018348623853211,0.0,0.0,0.0612439322600929
U_2744621,C_948387,0.0,武汉软件工程职业学院,2020-11-17 16:07:56,4,E,512,169,0.0416666666666666,0.0,0.0825688073394495,0.0825688073394495,0.0749279538904899,0.0196969696969696,0.0632777006088616
U_19898079,C_676646,0.0,广州中医药大学,2020-06-10 08:33:09,1,B,423,90,0.2222222222222222,0.0,0.0660550458715596,0.0660550458715596,0.0720461095100864,0.0189393939393939,0.1150696736663819
U_30744193,C_1824911,0.0,昆明理工大学,2020-06-29 21:17:58,0,A,476,57,0.0555555555555555,0.0,0.0862385321100917,0.0862385321100917,0.1354466858789625,0.0356060606060606,0.074144654182827
U_2649806,C_735164,2.0,大理大学,2020-10-25 08:32:38,4,E,301,138,0.0138888888888888,0.0,0.0330275229357798,0.0330275229357798,0.0518731988472622,0.0242424242424242,0.0043697349694195
U_33841944,C_735164,1.0,昆明理工大学,2020-10-25 18:40:21,0,A,476,138,0.0972222222222222,0.0,0.0091743119266055,0.0110091743119266,0.0115273775216138,0.0045454545454545,0.0641815772931309
U_30116963,C_681031,0.0,辽宁对外经贸学院,2020-05-22 11:49:29,4,E,781,101,0.0277777777777777,0.0,0.0018348623853211,0.0018348623853211,0.0,0.0,0.0612192052169208
U_11120371,C_707013,1.0,济南大学,2020-11-30 12:52:55,4,E,592,129,0.0277777777777777,0.0,0.0018348623853211,0.0018348623853211,0.0028818443804034,0.0007575757575757,0.0612276638169084
U_13389776,C_697107,1.0,昆明理工大学津桥学院,2020-07-07 09:16:30,3,D,480,122,0.1666666666666666,0.0,0.1926605504587156,0.1926605504587156,0.1152737752161383,0.0303030303030303,0.0831863379549071
U_28351719,C_1750795,1.0,北京大学,2020-06-13 07:51:03,4,E,164,18,0.0416666666666666,0.0,0.0055045871559633,0.0055045871559633,0.0086455331412103,0.0045454545454545,0.061268946539096
U_30688885,C_948113,1.0,辽宁对外经贸学院,2020-06-26 11:42:51,4,E,781,166,0.0416666666666666,0.0,0.0055045871559633,0.0055045871559633,0.0057636887608069,0.0015151515151515,0.0611570335165438
U_31739422,C_1912004,0.0,清华大学,2020-09-20 23:35:43,4,E,612,74,0.0416666666666666,0.0,0.0128440366972477,0.0128440366972477,0.0172910662824207,0.0045454545454545,0.0614015058750839
U_8612379,C_735164,0.0,浙江农林大学,2020-09-27 08:44:21,4,E,597,138,0.0416666666666666,0.0,0.0660550458715596,0.0660550458715596,0.063400576368876,0.0333333333333333,0.0606067689018955
U_5643087,C_1824911,2.0,重庆三峡医药高等专科学校,2020-06-03 19:59:45,2,C,822,57,0.0138888888888888,0.0,0.0256880733944954,0.0256880733944954,0.0403458213256484,0.0106060606060606,0.0778144930630329
U_15067471,C_697155,2.0,辽宁对外经贸学院,2020-05-17 18:31:08,4,E,781,124,0.0416666666666666,0.0,0.0091743119266055,0.0091743119266055,0.0144092219020172,0.0037878787878787,0.060507751777685
U_11787851,C_948109,2.0,西京学院,2020-11-04 07:44:20,4,E,701,165,0.0416666666666666,0.0,0.0018348623853211,0.0018348623853211,0.0,0.0,0.0595559463283807
U_31082606,C_801420,0.0,辽宁对外经贸学院,2020-07-28 10:19:40,4,E,781,155,0.0277777777777777,0.0,0.0055045871559633,0.0055045871559633,0.0,0.0,0.0614305414557204
U_33223728,C_735164,2.0,昆明理工大学,2020-09-21 10:13:50,0,A,476,138,0.1111111111111111,0.0,0.0844036697247706,0.0954128440366972,0.132564841498559,0.0636363636363636,0.0836489659191445
U_5256539,C_674920,0.0,西昌民族幼儿师范高等专科学校,2020-07-19 21:02:11,4,E,751,87,0.0694444444444444,0.0,0.2201834862385321,0.2201834862385321,0.3429394812680115,0.0924242424242424,0.0637867518341091
U_32098745,C_1992917,2.0,辽宁对外经贸学院,2020-09-21 08:11:18,4,E,781,80,0.0416666666666666,0.0,0.0697247706422018,0.0697247706422018,0.0461095100864553,0.0295454545454545,0.0245738931415163
U_5496455,C_1017355,1.0,广州中医药大学,2020-03-05 10:03:11,2,C,423,0,0.1388888888888889,0.0,0.1926605504587156,0.1926605504587156,0.1671469740634005,0.0643939393939393,0.0773062391648334
U_34295508,C_2059281,2.0,辽宁对外经贸学院,2020-10-05 22:55:13,4,E,781,85,0.0138888888888888,0.0,0.0165137614678899,0.0165137614678899,0.0086455331412103,0.003030303030303,0.0615244081443413
U_12181565,C_682392,0.0,陕西工业职业技术学院,2020-08-31 16:25:46,0,A,876,108,0.0972222222222222,0.0,0.018348623853211,0.018348623853211,0.0259365994236311,0.0068181818181818,0.0613000373416264
U_24046080,C_948395,2.0,西安美术学院,2020-02-18 22:42:43,0,A,727,170,0.1527777777777777,0.0,0.1706422018348624,0.2293577981651376,0.1642651296829971,0.0795454545454545,0.0653365129506848
U_16061279,C_801420,1.0,广东财经大学继续教育学院,2020-07-18 23:01:18,4,E,419,155,0.0277777777777777,0.0,0.0036697247706422,0.0036697247706422,0.0,0.0,0.0613007653358877
U_31086462,C_936971,2.0,辽宁对外经贸学院,2020-08-02 00:56:12,4,E,781,162,0.0416666666666666,0.0,0.0623853211009174,0.0623853211009174,0.0403458213256484,0.0121212121212121,0.063360082816586
U_28743308,C_749807,2.0,辽宁对外经贸学院,2020-03-16 20:42:38,4,E,781,148,0.0277777777777777,0.0,0.0678899082568807,0.0678899082568807,0.0432276657060518,0.0295454545454545,0.0620202118549712
U_1634821,C_735164,0.0,昆明理工大学,2020-09-21 09:46:24,0,A,476,138,0.0972222222222222,0.0,0.0091743119266055,0.0091743119266055,0.0144092219020172,0.006060606060606,0.0893664237329555
U_5245184,C_674920,0.0,辽宁对外经贸学院,2020-07-03 10:48:48,4,E,781,87,0.0555555555555555,0.0,0.2201834862385321,0.2201834862385321,0.3429394812680115,0.0924242424242424,0.0654812352384113
U_32722377,C_735164,2.0,昆明理工大学,2020-09-15 08:28:38,0,A,476,138,0.125,0.0,0.1889908256880734,0.2715596330275229,0.2247838616714697,0.0666666666666666,0.0669177412477764
U_29194358,C_1682756,2.0,辽宁对外经贸学院,2020-04-17 19:29:05,4,E,781,6,0.0138888888888888,0.0,0.0752293577981651,0.0752293577981651,0.063400576368876,0.0333333333333333,0.0633345039706049
U_5277632,C_674920,0.0,西昌民族幼儿师范专科学校,2020-07-08 09:25:34,4,E,748,87,0.0138888888888888,0.0,0.1834862385321101,0.1834862385321101,0.2824207492795388,0.0765151515151515,0.0608220571095417
U_16667482,C_697076,1.0,云南财经大学,2020-11-19 17:47:46,0,A,117,121,0.1388888888888889,0.0,0.5541284403669725,0.5541284403669725,0.6512968299711815,0.2159090909090909,0.074216403712464
U_22784417,C_747056,2.0,辽宁对外经贸学院,2020-05-19 16:23:31,4,E,781,147,0.0555555555555555,0.0,0.2146788990825688,0.2146788990825688,0.1556195965417867,0.0431818181818181,0.0682382634095367
U_33896557,C_697076,0.0,辽宁对外经贸学院,2020-11-16 20:51:27,4,E,781,121,0.0555555555555555,0.0,0.1651376146788991,0.1651376146788991,0.0864553314121037,0.0227272727272727,0.0662105121561924
U_33346917,C_697076,1.0,辽宁对外经贸学院,2020-11-16 18:54:46,4,E,781,121,0.0416666666666666,0.0,0.055045871559633,0.055045871559633,0.0547550432276657,0.0159090909090909,0.0620522336977814
U_33343308,C_697076,1.0,辽宁对外经贸学院,2020-11-23 14:55:38,4,E,781,121,0.0416666666666666,0.0,0.0862385321100917,0.0862385321100917,0.0691642651296829,0.0325757575757575,0.0619389637335449
U_13556243,C_735385,0.0,华南理工大学,2020-05-08 14:03:57,4,E,211,146,0.0416666666666666,0.0,0.0697247706422018,0.0697247706422018,0.0605187319884726,0.0356060606060606,0.0625656677456219
U_5832633,C_1824926,2.0,武汉职业技术学院,2020-07-08 16:57:58,1,B,511,58,0.1944444444444444,0.0,0.0256880733944954,0.0422018348623853,0.0403458213256484,0.0128787878787878,0.0976018426032847
U_13820276,C_707035,1.0,广州中医药大学,2020-08-23 10:30:56,1,B,423,130,0.3194444444444444,0.0,0.1944954128440367,0.1944954128440367,0.2449567723342939,0.0765151515151515,0.4469104127399314
U_34268644,C_697076,1.0,辽宁对外经贸学院,2020-11-19 10:30:31,4,E,781,121,0.0555555555555555,0.0,0.1834862385321101,0.1834862385321101,0.1613832853025936,0.05,0.0660446037497617
U_4602313,C_735197,2.0,华南理工大学,2020-10-01 07:47:51,4,E,211,141,0.0555555555555555,0.0,0.0348623853211009,0.0348623853211009,0.031700288184438,0.056060606060606,0.0575395309856755
U_33351305,C_2059281,1.0,辽宁对外经贸学院,2020-09-22 22:20:08,4,E,781,85,0.0416666666666666,0.0,0.0091743119266055,0.0091743119266055,0.0086455331412103,0.0022727272727272,0.0618408677449303
U_29860621,C_677087,1.0,辽宁对外经贸学院,2020-11-19 08:25:31,4,E,781,92,0.0416666666666666,0.0,0.036697247706422,0.036697247706422,0.0489913544668587,0.0128787878787878,0.0619759626799777
U_32753717,C_735164,1.0,昆明理工大学,2020-11-24 20:31:40,4,E,476,138,0.0416666666666666,0.0,0.0642201834862385,0.0770642201834862,0.0922190201729106,0.0409090909090909,0.0627845364964714
U_30706235,C_948113,1.0,辽宁对外经贸学院,2020-06-28 11:09:03,4,E,781,166,0.0416666666666666,0.0,0.0055045871559633,0.0055045871559633,0.0057636887608069,0.0015151515151515,0.0611570335165438
U_20986692,C_1732845,2.0,铜仁学院,2020-03-25 18:26:53,0,A,850,13,0.0277777777777777,0.0,0.181651376146789,0.2660550458715596,0.2132564841498559,0.0568181818181818,0.0697391746254816
U_4516940,C_735197,0.0,华南理工大学,2020-10-20 08:30:09,3,D,211,141,0.0555555555555555,0.0,0.128440366972477,0.128440366972477,0.1469740634005763,0.0386363636363636,0.0803664447555368
U_30298068,C_786631,0.0,中国医科大学,2020-05-31 21:02:00,2,C,69,154,0.1527777777777777,0.0,0.2110091743119266,0.2110091743119266,0.1642651296829971,0.0537878787878787,0.0757810614735143
U_4704137,C_682392,0.0,陕西工业职业技术学院,2019-11-03 10:32:50,4,E,876,108,0.0138888888888888,0.0,0.073394495412844,0.073394495412844,0.0518731988472622,0.0295454545454545,0.0611599504459306
U_31271795,C_1907855,1.0,辽宁对外经贸学院,2020-08-20 22:40:24,4,E,781,72,0.0416666666666666,0.0,0.0660550458715596,0.0660550458715596,0.0518731988472622,0.0166666666666666,0.0315459476093395
U_31100423,C_677087,2.0,辽宁对外经贸学院,2020-07-30 13:50:45,4,E,781,92,0.0416666666666666,0.0,0.073394495412844,0.073394495412844,0.0720461095100864,0.0189393939393939,0.0632122801721896
U_22296436,C_707358,1.0,湖北文理学院理工学院,2020-05-14 16:17:39,0,A,626,134,0.0833333333333333,0.0,0.0458715596330275,0.0532110091743119,0.0691642651296829,0.0181818181818181,0.0782797259670333
U_15052594,C_786631,0.0,河北师范大学汇华学院,2020-02-11 14:05:36,0,A,557,154,0.125,0.0,0.1779816513761468,0.2880733944954128,0.2247838616714697,0.056060606060606,0.0693284620536026
U_15421638,C_682392,0.0,华南理工大学,2020-08-01 21:52:03,3,D,211,108,0.0972222222222222,0.0,0.0348623853211009,0.2238532110091743,0.0547550432276657,0.1621212121212121,0.0666277271530034
U_15820696,C_1776290,0.0,北京工商大学,2020-06-28 20:17:04,4,E,166,48,0.0416666666666666,0.0,0.0091743119266055,0.0091743119266055,0.0115273775216138,0.006060606060606,0.0613417509175605
U_15201658,C_735197,1.0,辽宁石油化工大学,2020-09-09 10:01:59,4,E,790,141,0.0416666666666666,0.0,0.0770642201834862,0.0770642201834862,0.0489913544668587,0.0295454545454545,0.0604636214588973
U_5190857,C_758928,2.0,陕西工业职业技术学院,2020-03-19 17:53:38,4,E,876,150,0.0138888888888888,0.0,0.073394495412844,0.073394495412844,0.0489913544668587,0.031060606060606,0.0613453958412085
U_33320962,C_1992945,0.0,辽宁对外经贸学院,2020-09-22 15:38:14,4,E,781,82,0.0416666666666666,0.0,0.0513761467889908,0.0513761467889908,0.0547550432276657,0.028030303030303,0.0632389386287078
U_33244632,C_2059281,1.0,辽宁对外经贸学院,2020-09-21 12:44:40,4,E,781,85,0.0416666666666666,0.0,0.0091743119266055,0.0091743119266055,0.0086455331412103,0.003030303030303,0.0618372872017271
U_16490756,C_735164,2.0,昆明理工大学,2020-11-04 19:05:17,0,A,476,138,0.0972222222222222,0.0,0.1779816513761468,0.2587155963302752,0.1930835734870317,0.0575757575757575,0.0645212386155828
U_34330256,C_1771156,2.0,辽宁对外经贸学院,2020-12-02 10:26:10,4,E,781,36,0.0416666666666666,0.0,0.018348623853211,0.0256880733944954,0.0288184438040345,0.0075757575757575,0.0615911260945946
U_30318401,C_676635,2.0,中国医科大学,2020-06-02 10:33:21,2,C,69,89,0.125,0.0,0.0275229357798165,0.0275229357798165,0.0403458213256484,0.0106060606060606,0.0754293659602137
U_14460180,C_682392,0.0,陕西工业职业技术学院,2020-09-01 10:12:02,4,E,876,108,0.0416666666666666,0.0,0.0807339449541284,0.0807339449541284,0.0605187319884726,0.0333333333333333,0.0619494082226397
U_29702363,C_1714448,0.0,中国医科大学,2020-04-28 11:26:27,2,C,69,8,0.1527777777777777,0.0,0.1908256880733945,0.1908256880733945,0.1988472622478386,0.0696969696969697,0.0769519882431056
U_26608473,C_948395,0.0,西安美术学院,2020-02-23 12:01:16,0,A,727,170,0.1111111111111111,0.0,0.1944954128440367,0.2770642201834862,0.2046109510086455,0.0621212121212121,0.0696985654217942
U_30885573,C_697766,0.0,昆明理工大学,2020-07-06 19:57:21,0,A,476,128,0.0972222222222222,0.0,0.1045871559633027,0.1045871559633027,0.1642651296829971,0.0454545454545454,0.0682940911599231
U_34131065,C_697076,0.0,辽宁对外经贸学院,2020-11-29 12:45:17,4,E,781,121,0.0416666666666666,0.0,0.0825688073394495,0.0825688073394495,0.063400576368876,0.034090909090909,0.0625520537577028
U_6758775,C_1824911,2.0,重庆三峡医药专科学院,2020-06-02 10:26:47,4,E,818,57,0.0416666666666666,0.0,0.0715596330275229,0.0715596330275229,0.0547550432276657,0.034090909090909,0.0636192289642147
U_6761669,C_756642,2.0,广州中医药大学,2020-05-07 22:55:07,1,B,423,149,0.2222222222222222,0.0,0.0073394495412844,0.0073394495412844,0.0057636887608069,0.0015151515151515,0.1153198362657802
U_8651084,C_735197,0.0,华南理工大学,2020-09-20 00:54:44,4,E,211,141,0.0416666666666666,0.0,0.0201834862385321,0.0201834862385321,0.0259365994236311,0.0068181818181818,0.0619424303728841
U_31060776,C_735115,2.0,昆明理工大学,2020-07-25 15:23:13,0,A,476,136,0.1388888888888889,0.0,0.5211009174311927,0.5211009174311927,0.8097982708933718,0.278030303030303,0.0713128060300785
U_31129081,C_682392,0.0,昆明理工大学,2020-08-07 20:03:42,0,A,476,108,0.125,0.0,0.4495412844036697,0.4495412844036697,0.6801152737752161,0.2371212121212121,0.0630218081498698
U_30171146,C_948395,0.0,昆明理工大学,2020-05-25 16:40:34,0,A,476,170,0.1527777777777777,0.0,0.110091743119266,0.110091743119266,0.1729106628242074,0.1,0.069522826616666
U_4656838,C_1778562,0.0,南开大学,2020-09-18 13:17:52,4,E,231,49,0.0277777777777777,0.0,0.0036697247706422,0.0036697247706422,0.0057636887608069,0.0015151515151515,0.0613613968579297
U_29791782,C_682750,1.0,辽宁对外经贸学院,2020-07-16 01:02:10,4,E,781,115,0.0277777777777777,0.0,0.0018348623853211,0.0018348623853211,0.0028818443804034,0.0007575757575757,0.0611330196106072
U_30182599,C_1714448,2.0,辽宁对外经贸学院,2020-05-26 08:32:25,4,E,781,8,0.0416666666666666,0.0,0.0238532110091743,0.0238532110091743,0.031700288184438,0.0083333333333333,0.0623380184925606
U_30356460,C_1829948,0.0,中国医科大学,2020-06-04 18:14:51,2,C,69,61,0.2361111111111111,0.0,0.1192660550458715,0.1889908256880734,0.1123919308357348,0.0515151515151515,0.0389947933642071
U_11387172,C_1778562,1.0,辽宁对外经贸学院,2020-09-21 23:52:02,4,E,781,49,0.0416666666666666,0.0,0.0697247706422018,0.0697247706422018,0.0576368876080691,0.0303030303030303,0.0607329248597898
U_32114202,C_2027893,1.0,辽宁对外经贸学院,2020-10-28 18:30:51,4,E,781,84,0.0416666666666666,0.0,0.0110091743119266,0.0110091743119266,0.0115273775216138,0.0045454545454545,0.0614181061251766
U_34711266,C_948120,0.0,中国医科大学,2020-10-11 22:56:10,2,C,69,167,0.1111111111111111,0.0,0.036697247706422,0.036697247706422,0.0432276657060518,0.0166666666666666,0.0788117362493899
U_3805418,C_1017355,0.0,广州中医药大学,2020-04-17 17:20:49,0,A,423,0,0.1388888888888889,0.0,0.1577981651376147,0.2642201834862385,0.2190201729106628,0.0871212121212121,0.0636472096960237
U_22262652,C_1844112,2.0,内蒙古大学,2020-08-19 08:00:27,1,B,145,63,0.1388888888888889,0.0,0.0,0.0,0.0,0.084090909090909,0.1766800161828975
U_9955972,C_735195,0.0,辽宁对外经贸学院,2020-08-28 23:48:03,4,E,781,140,0.0416666666666666,0.0,0.0715596330275229,0.0715596330275229,0.0605187319884726,0.0325757575757575,0.061628199326156
U_32312557,C_697076,1.0,昆明理工大学,2020-09-09 19:33:39,0,A,476,121,0.125,0.0,0.1743119266055046,0.2788990825688073,0.2737752161383285,0.0689393939393939,0.0580207649063971
U_29203818,C_1808023,1.0,辽宁对外经贸学院,2020-07-06 20:17:42,4,E,781,54,0.0277777777777777,0.0,0.0018348623853211,0.0018348623853211,0.0,0.0,0.0610965852311525
U_33748986,C_697076,1.0,辽宁对外经贸学院,2020-11-16 18:12:58,4,E,781,121,0.0416666666666666,0.0,0.0788990825688073,0.0788990825688073,0.0403458213256484,0.0378787878787878,0.0667409971172398
U_20574893,C_1808023,2.0,辽宁对外经贸学院,2020-06-24 16:52:56,4,E,781,54,0.0277777777777777,0.0,0.0018348623853211,0.0018348623853211,0.0,0.0,0.0610965852311525
U_33246350,C_697076,1.0,辽宁对外经贸学院,2020-11-16 22:06:51,4,E,781,121,0.0416666666666666,0.0,0.0697247706422018,0.0697247706422018,0.0144092219020172,0.0189393939393939,0.0646111186689636
U_20491034,C_948436,2.0,西安美术学院,2020-06-30 18:40:51,4,E,727,171,0.0277777777777777,0.0,0.018348623853211,0.018348623853211,0.0144092219020172,0.0,0.0620116443034616
U_21264153,C_1732845,2.0,铜仁学院,2020-03-28 21:24:50,2,C,850,13,0.0694444444444444,0.0,0.1412844036697247,0.1412844036697247,0.132564841498559,0.081060606060606,0.0765044550091026
U_30318103,C_676635,2.0,中国医科大学,2020-06-02 10:19:08,2,C,69,89,0.125,0.0,0.0275229357798165,0.0275229357798165,0.0403458213256484,0.0106060606060606,0.0752831876839647
U_32134002,C_697076,2.0,昆明理工大学,2020-09-07 19:31:00,0,A,476,121,0.0972222222222222,0.0,0.018348623853211,0.018348623853211,0.0230547550432276,0.0068181818181818,0.0569233903188991
U_6653423,C_756642,2.0,辽宁对外经贸学院,2020-05-11 18:24:55,4,E,781,149,0.0138888888888888,0.0,0.0091743119266055,0.0091743119266055,0.0028818443804034,0.0015151515151515,0.0605450973880517
U_32966518,C_735164,1.0,昆明理工大学,2020-11-26 09:40:04,0,A,476,138,0.1111111111111111,0.0,0.1504587155963302,0.1559633027522936,0.2363112391930835,0.1037878787878787,0.0664000630429163
U_4567841,C_747056,0.0,重庆第二师范学院,2020-05-22 20:44:07,4,E,846,147,0.0416666666666666,0.0,0.0642201834862385,0.0642201834862385,0.0345821325648414,0.009090909090909,0.0632154249093044
U_1389375,C_735164,0.0,昆明理工大学,2020-11-27 15:13:15,0,A,476,138,0.125,0.0,0.2862385321100917,0.291743119266055,0.446685878962536,0.1621212121212121,0.0692828707939506
U_6117160,C_1017355,2.0,广州中医药大学,2020-03-08 02:39:42,1,B,423,0,0.2083333333333333,0.0,0.0422018348623853,0.055045871559633,0.0662824207492795,0.0265151515151515,0.117120626641589
U_32852663,C_735164,1.0,昆明理工大学,2020-10-10 19:43:26,0,A,476,138,0.0972222222222222,0.0,0.036697247706422,0.036697247706422,0.0576368876080691,0.0287878787878787,0.0645937359488486
U_32069051,C_696575,0.0,辽宁对外经贸学院,2020-09-06 15:33:16,4,E,781,116,0.0416666666666666,0.0,0.0091743119266055,0.0091743119266055,0.0115273775216138,0.003030303030303,0.0611553348632676
U_9011709,C_1771156,1.0,Economics and Managment,2020-09-25 04:14:13,4,E,10,36,0.0416666666666666,0.0,0.0091743119266055,0.0128440366972477,0.0144092219020172,0.0037878787878787,0.0614153030996538
U_4970583,C_948436,0.0,西安美术学院,2020-06-20 08:25:01,4,E,727,171,0.0416666666666666,0.0,0.0532110091743119,0.0532110091743119,0.0720461095100864,0.0128787878787878,0.0627751319991784
U_32612177,C_735164,0.0,昆明理工大学,2020-12-01 17:19:51,0,A,476,138,0.125,0.0,0.2862385321100917,0.2899082568807339,0.4495677233429394,0.1636363636363636,0.0691860624142333
U_5108378,C_674920,0.0,西昌民族幼儿师范高等专科学校,2020-06-14 18:18:51,4,E,751,87,0.0972222222222222,0.0,0.0,0.0,0.0,0.0507575757575757,0.038511194700222
U_9477026,C_735164,1.0,商丘工学院,2020-11-27 13:42:34,0,A,281,138,0.125,0.0,0.2862385321100917,0.2862385321100917,0.4495677233429394,0.1636363636363636,0.0807148122950719
U_5267694,C_735164,0.0,昆明学院,2020-09-16 08:21:31,0,A,473,138,0.0138888888888888,0.0,0.1779816513761468,0.2660550458715596,0.2161383285302593,0.0666666666666666,0.0017711466707697
U_27873234,C_735283,2.0,辽宁对外经贸学院,2020-04-20 12:14:02,4,E,781,143,0.0416666666666666,0.0,0.0678899082568807,0.0678899082568807,0.0461095100864553,0.031060606060606,0.0629985519522459
U_27380380,C_707079,2.0,辽宁对外经贸学院,2020-06-07 18:23:06,4,E,781,132,0.0416666666666666,0.0,0.0972477064220183,0.0972477064220183,0.1181556195965417,0.0439393939393939,0.0635439385101098
U_13969068,C_697367,1.0,浙江农林大学,2020-07-03 20:30:59,4,E,597,127,0.0416666666666666,0.0,0.036697247706422,0.036697247706422,0.0518731988472622,0.0136363636363636,0.061892515718742
U_792659,C_1756073,0.0,华东理工大学,2020-08-24 14:45:01,4,E,197,27,0.0416666666666666,0.0,0.0165137614678899,0.0165137614678899,0.0172910662824207,0.0045454545454545,0.061534456446083
U_33655949,C_697076,2.0,辽宁对外经贸学院,2020-11-06 08:03:45,4,E,781,121,0.0416666666666666,0.0,0.0788990825688073,0.0788990825688073,0.0576368876080691,0.0333333333333333,0.0609665020661211
U_15004390,C_1732845,0.0,辽宁对外经贸学院,2020-05-05 08:45:31,4,E,781,13,0.0416666666666666,0.0,0.0623853211009174,0.0623853211009174,0.0489913544668587,0.0128787878787878,0.0628675030805415
U_15357916,C_735283,0.0,辽宁对外经贸学院,2020-05-11 18:18:47,4,E,781,143,0.0416666666666666,0.0,0.0972477064220183,0.0972477064220183,0.1095100864553314,0.0287878787878787,0.064347867029889
U_33454943,C_697076,2.0,辽宁对外经贸学院,2020-11-23 11:44:31,4,E,781,121,0.0416666666666666,0.0,0.0844036697247706,0.0844036697247706,0.0778097982708933,0.034090909090909,0.0606935289798711
U_30616553,C_1806527,0.0,昆明理工大学,2020-06-21 15:00:11,0,A,476,53,0.0277777777777777,0.0,0.0091743119266055,0.0091743119266055,0.0057636887608069,0.0151515151515151,0.0746565728140422
U_20948151,C_697062,2.0,华南理工大学,2020-04-25 11:00:10,3,D,211,120,0.1666666666666666,0.0,0.1779816513761468,0.236697247706422,0.1181556195965417,0.1462121212121212,0.0818090669071646
U_29753940,C_786631,0.0,昆明理工大学,2020-05-01 19:08:16,0,A,476,154,0.1388888888888889,0.0,0.255045871559633,0.255045871559633,0.3948126801152737,0.1386363636363636,0.0720813748285981
U_4691474,C_682392,1.0,陕西工业职业技术学院,2020-08-10 21:49:50,0,A,876,108,0.125,0.0,0.4495412844036697,0.4495412844036697,0.6887608069164265,0.2409090909090909,0.0713640033407761
U_11518264,C_735197,1.0,辽宁石油化工大学,2020-09-09 12:20:58,4,E,790,141,0.0416666666666666,0.0,0.0146788990825688,0.0146788990825688,0.0144092219020172,0.0037878787878787,0.0608149802129479
U_13535263,C_948120,0.0,中国农业大学,2020-10-05 16:40:50,3,D,67,167,0.0138888888888888,0.0,0.0477064220183486,0.0477064220183486,0.0605187319884726,0.0166666666666666,0.0744903672670966
U_33454446,C_697076,2.0,辽宁对外经贸学院,2020-11-18 11:47:11,0,A,781,121,0.0833333333333333,0.0,0.2165137614678899,0.2880733944954128,0.1642651296829971,0.0265151515151515,0.070033898397414
U_30390658,C_707079,2.0,辽宁对外经贸学院,2020-06-07 13:12:25,4,E,781,132,0.0416666666666666,0.0,0.0073394495412844,0.0073394495412844,0.0086455331412103,0.0022727272727272,0.0612016343078131
U_33200332,C_697076,2.0,辽宁对外经贸学院,2020-10-14 15:22:25,4,E,781,121,0.0416666666666666,0.0,0.0091743119266055,0.0091743119266055,0.0144092219020172,0.0045454545454545,0.060646461922329
U_4825263,C_758928,0.0,陕西工业职业技术学院,2020-02-23 11:48:26,4,E,876,150,0.0694444444444444,0.0,0.0642201834862385,0.0642201834862385,0.0288184438040345,0.0439393939393939,0.0593285645017826
U_29938243,C_1714448,0.0,辽宁对外经贸学院,2020-05-13 19:03:35,4,E,781,8,0.0416666666666666,0.0,0.055045871559633,0.055045871559633,0.0461095100864553,0.0121212121212121,0.0634501114402242
U_32578262,C_735164,1.0,昆明理工大学,2020-11-19 10:50:57,0,A,476,138,0.0972222222222222,0.0,0.055045871559633,0.0587155963302752,0.0864553314121037,0.0401515151515151,0.06283806636021
U_11064814,C_676646,0.0,天津商业大学,2020-08-11 18:10:33,4,E,316,90,0.0416666666666666,0.0,0.0091743119266055,0.0091743119266055,0.0086455331412103,0.0022727272727272,0.062157911721865
U_25712574,C_1829948,0.0,辽宁对外经贸学院,2020-06-11 12:26:23,4,E,781,61,0.0416666666666666,0.0,0.0073394495412844,0.0073394495412844,0.0028818443804034,0.0007575757575757,0.0604889873541762
U_3486380,C_1682756,0.0,辽宁对外经贸学院,2020-04-22 13:09:55,4,E,781,6,0.0277777777777777,0.0,0.0587155963302752,0.0587155963302752,0.0605187319884726,0.0363636363636363,0.0635009769440137
U_23126038,C_823315,1.0,西安石油大学,2020-04-26 16:30:53,4,E,725,158,0.0416666666666666,0.0,0.0752293577981651,0.0752293577981651,0.063400576368876,0.0318181818181818,0.0611886839337104
U_31632639,C_1992917,1.0,辽宁对外经贸学院,2020-08-29 07:53:00,4,E,781,80,0.0138888888888888,0.0,0.0807339449541284,0.0807339449541284,0.0403458213256484,0.0325757575757575,0.0629709228367128
U_29407677,C_756642,2.0,辽宁对外经贸学院,2020-04-15 17:43:18,4,E,781,149,0.0416666666666666,0.0,0.0660550458715596,0.0660550458715596,0.0547550432276657,0.0318181818181818,0.063140164169251
U_28351717,C_1750795,1.0,陆军工程大学,2020-06-13 08:12:10,4,E,868,18,0.0416666666666666,0.0,0.0055045871559633,0.0055045871559633,0.0086455331412103,0.0045454545454545,0.0612757659139103
U_9112416,C_676676,1.0,西安音乐学院,2020-04-05 15:28:21,4,E,731,91,0.0555555555555555,0.0,0.0605504587155963,0.0605504587155963,0.0489913544668587,0.0378787878787878,0.0635797984179026
U_30559194,C_1829948,0.0,辽宁对外经贸学院,2020-06-16 14:32:44,4,E,781,61,0.0972222222222222,0.0,0.0422018348623853,0.0422018348623853,0.0489913544668587,0.0128787878787878,0.0623394348623477
U_5498882,C_758928,0.0,陕西工业职业技术学院,2020-02-23 12:34:16,4,E,876,150,0.0138888888888888,0.0,0.073394495412844,0.073394495412844,0.0489913544668587,0.031060606060606,0.0613453958412085
U_29591487,C_674920,1.0,辽宁对外经贸学院,2020-04-23 13:20:23,4,E,781,87,0.0416666666666666,0.0,0.0825688073394495,0.0825688073394495,0.0662824207492795,0.0318181818181818,0.0621250479809296
U_33329225,C_697076,2.0,辽宁对外经贸学院,2020-11-28 16:54:24,4,E,781,121,0.0277777777777777,0.0,0.0091743119266055,0.0091743119266055,0.0057636887608069,0.0022727272727272,0.0597807182707905
U_14381998,C_1750793,0.0,北京体育大学,2020-06-07 10:05:54,0,A,159,17,0.0972222222222222,0.0,0.036697247706422,0.036697247706422,0.0547550432276657,0.0287878787878787,0.0700897211954585
U_5431392,C_735197,0.0,华南理工大学,2020-10-20 12:52:32,3,D,211,141,0.1666666666666666,0.0,0.0862385321100917,0.2055045871559633,0.0489913544668587,0.1431818181818182,0.0643219811387092
U_29970019,C_1732845,2.0,昆明理工大学,2020-05-14 20:59:24,0,A,476,13,0.0694444444444444,0.0,0.2660550458715596,0.2660550458715596,0.3458213256484149,0.0909090909090909,0.0663257283908007
U_3805358,C_1017355,2.0,广州中医药大学,2020-04-30 23:07:03,1,B,423,0,0.125,0.0,0.055045871559633,0.055045871559633,0.0489913544668587,0.0151515151515151,0.1087808531458782
U_29793917,C_766175,2.0,昆明理工大学,2020-05-06 12:29:46,0,A,476,151,0.0694444444444444,0.0,0.1834862385321101,0.1834862385321101,0.2824207492795388,0.0757575757575757,0.0671776649130854
U_28977174,C_682575,2.0,辽宁对外经贸学院,2020-05-01 17:25:30,4,E,781,113,0.0277777777777777,0.0,0.0073394495412844,0.0073394495412844,0.0086455331412103,0.0022727272727272,0.0609810718560294
U_33066794,C_735164,2.0,中国医科大学,2020-10-19 14:50:44,2,C,69,138,0.1388888888888889,0.0,0.1431192660550458,0.2201834862385321,0.1585014409221901,0.0651515151515151,0.0904352425279839
U_31066548,C_682392,0.0,昆明理工大学,2020-07-30 21:28:34,0,A,476,108,0.0833333333333333,0.0,0.1541284403669724,0.2899082568807339,0.2132564841498559,0.0295454545454545,0.0555665972049673
U_30133418,C_674920,2.0,辽宁对外经贸学院,2020-05-23 10:02:47,4,E,781,87,0.0416666666666666,0.0,0.018348623853211,0.018348623853211,0.0230547550432276,0.006060606060606,0.0609710433636554
U_31070788,C_735115,2.0,辽宁对外经贸学院,2020-07-30 00:02:59,4,E,781,136,0.0416666666666666,0.0,0.0110091743119266,0.0110091743119266,0.0028818443804034,0.0007575757575757,0.0605964086026133
U_18505475,C_1829948,0.0,辽宁对外经贸学院,2020-06-18 09:56:17,4,E,781,61,0.0138888888888888,0.0,0.0073394495412844,0.0073394495412844,0.0086455331412103,0.0022727272727272,0.0605888018054348
U_6758170,C_1824911,0.0,重庆三峡医药高等专科学校,2020-06-13 12:38:21,4,E,822,57,0.1527777777777777,0.0,0.0862385321100917,0.0862385321100917,0.1239193083573487,0.0325757575757575,0.0657689019231175
U_2406779,C_680979,1.0,Jiaotong University,2020-06-29 16:54:34,4,E,21,100,0.0416666666666666,0.0,0.073394495412844,0.073394495412844,0.0576368876080691,0.031060606060606,0.0616187354007601
U_33334226,C_697076,2.0,辽宁对外经贸学院,2020-11-09 13:36:17,4,E,781,121,0.0416666666666666,0.0,0.0752293577981651,0.0752293577981651,0.0461095100864553,0.028030303030303,0.0622115010137066
U_24715013,C_749807,1.0,辽宁对外经贸学院,2020-03-17 16:37:41,4,E,781,148,0.0138888888888888,0.0,0.0678899082568807,0.0678899082568807,0.0432276657060518,0.0287878787878787,0.0618879100407628
U_14427003,C_747056,1.0,宝鸡文理学院,2020-04-26 08:11:10,4,E,356,147,0.0416666666666666,0.0,0.0697247706422018,0.0697247706422018,0.0489913544668587,0.0325757575757575,0.0632173513703086
U_30105780,C_676635,0.0,广州中医药大学,2020-05-21 16:38:55,1,B,423,89,0.2222222222222222,0.0,0.0128440366972477,0.0330275229357798,0.0201729106628242,0.0257575757575757,0.1185478816762604
U_5823105,C_707358,0.0,深圳职业技术学院,2020-06-07 19:44:22,0,A,611,134,0.4444444444444444,0.0,0.1229357798165137,0.2770642201834862,0.1930835734870317,0.0583333333333333,0.0629411345001055
U_10564696,C_1918363,0.0,新乡医学院三全学院,2020-11-15 15:38:41,2,C,461,76,0.0833333333333333,0.0,0.0587155963302752,0.0587155963302752,0.0806916426512968,0.0537878787878787,0.0760923557814879
U_30328029,C_676635,2.0,广州中医药大学,2020-06-02 20:10:02,1,B,423,89,0.2083333333333333,0.0,0.055045871559633,0.055045871559633,0.0489913544668587,0.0128787878787878,0.1154593932608913
U_30930319,C_735283,2.0,辽宁对外经贸学院,2020-07-11 07:06:38,4,E,781,143,0.0416666666666666,0.0,0.0697247706422018,0.0697247706422018,0.0576368876080691,0.0325757575757575,0.0616826453731487
U_19910468,C_948395,2.0,西安美术学院,2020-02-19 19:10:39,1,B,727,170,0.2083333333333333,0.0,0.0477064220183486,0.0678899082568807,0.0749279538904899,0.0242424242424242,0.1159147908138523
U_1126955,C_735164,2.0,四川文化艺术学院,2020-10-22 19:29:07,0,A,288,138,0.125,0.0,0.2862385321100917,0.2990825688073394,0.4438040345821325,0.1606060606060606,0.1762550073761515
U_32881413,C_735164,2.0,昆明理工大学,2020-09-17 13:26:14,0,A,476,138,0.0138888888888888,0.0,0.1834862385321101,0.2678899082568807,0.201729106628242,0.0553030303030303,0.0084663615032503
U_7174681,C_677087,1.0,北方工业大学,2020-06-09 09:22:41,4,E,189,92,0.0416666666666666,0.0,0.0018348623853211,0.0018348623853211,0.0,0.0,0.0605569631992754
U_26821594,C_948395,2.0,西安美术学院,2020-03-09 11:54:54,0,A,727,170,0.0277777777777777,0.0,0.1889908256880734,0.2715596330275229,0.1988472622478386,0.0613636363636363,0.0688387150571323
U_33350717,C_697076,2.0,辽宁对外经贸学院,2020-11-16 18:01:01,4,E,781,121,0.0555555555555555,0.0,0.1559633027522936,0.1559633027522936,0.1181556195965417,0.031060606060606,0.0650812791531675
U_29569384,C_948120,2.0,辽宁对外经贸学院,2020-09-07 14:37:46,4,E,781,167,0.0416666666666666,0.0,0.0091743119266055,0.0091743119266055,0.0144092219020172,0.0037878787878787,0.0613861932338886
U_26103649,C_948436,2.0,西安美术学院,2020-05-21 12:31:30,4,E,727,171,0.0416666666666666,0.0,0.0660550458715596,0.0660550458715596,0.0518731988472622,0.0333333333333333,0.0624543143377059
U_5235938,C_674920,2.0,西昌民族幼儿师范高等专科学校,2020-06-04 12:33:21,4,E,751,87,0.0416666666666666,0.0,0.0807339449541284,0.0807339449541284,0.0979827089337175,0.0242424242424242,0.0601471519536246
U_14749911,C_1918363,0.0,新乡医学院三全学院,2020-10-30 07:54:33,0,A,461,76,0.1111111111111111,0.0,0.2,0.2825688073394495,0.1873198847262247,0.0681818181818181,0.0724655279907973
U_30328948,C_676635,2.0,昆明理工大学,2020-06-02 22:17:39,0,A,476,89,0.0833333333333333,0.0,0.0642201834862385,0.0642201834862385,0.100864553314121,0.0265151515151515,0.069916730940092
U_27004747,C_1724289,0.0,承德石油高等专科学校,2020-03-20 11:42:30,4,E,456,10,0.0416666666666666,0.0,0.0880733944954128,0.0880733944954128,0.0518731988472622,0.0287878787878787,0.0643321829630502
U_14765102,C_813262,0.0,华南理工大学,2019-12-04 16:28:29,3,D,211,157,0.1388888888888889,0.0,0.1963302752293578,0.2238532110091743,0.1239193083573487,0.1356060606060606,0.0887735403872143
U_20293204,C_948113,2.0,西安思源学院,2020-02-27 11:09:02,4,E,721,166,0.0277777777777777,0.0,0.073394495412844,0.073394495412844,0.0518731988472622,0.0303030303030303,0.0617126862791935
U_30348481,C_1829948,1.0,辽宁对外经贸学院,2020-06-04 10:32:09,4,E,781,61,0.0416666666666666,0.0,0.0752293577981651,0.0752293577981651,0.0662824207492795,0.0325757575757575,0.0612260444011028
U_30603201,C_1829948,0.0,辽宁对外经贸学院,2020-06-18 17:16:14,4,E,781,61,0.0555555555555555,0.0,0.0513761467889908,0.0513761467889908,0.0230547550432276,0.006060606060606,0.0626257446053697
U_14749842,C_1918363,2.0,新乡医学院三全学院,2020-10-30 07:53:37,2,C,461,76,0.1388888888888889,0.0,0.2018348623853211,0.2018348623853211,0.1671469740634005,0.0636363636363636,0.0840239770660887
U_29479224,C_1736024,0.0,辽宁对外经贸学院,2020-05-03 15:45:08,4,E,781,14,0.0416666666666666,0.0,0.110091743119266,0.1944954128440367,0.1354466858789625,0.0431818181818181,0.0666053574245819
U_14484132,C_680979,1.0,辽宁对外经贸学院,2020-05-04 10:29:44,4,E,781,100,0.0416666666666666,0.0,0.0513761467889908,0.0513761467889908,0.0518731988472622,0.0159090909090909,0.0626615648944272
U_14427023,C_747056,0.0,宝鸡文理学院,2020-04-26 08:25:15,4,E,356,147,0.0416666666666666,0.0,0.0697247706422018,0.0697247706422018,0.0489913544668587,0.0325757575757575,0.0632452181982536
U_13139952,C_801420,0.0,南京邮电大学通达学院,2020-09-01 09:37:06,4,E,229,155,0.0277777777777777,0.0,0.0055045871559633,0.0055045871559633,0.0028818443804034,0.0007575757575757,0.0613458613613483
U_9794215,C_948078,0.0,辽宁对外经贸学院,2020-02-16 11:56:17,4,E,781,164,0.0416666666666666,0.0,0.0678899082568807,0.0678899082568807,0.0547550432276657,0.0318181818181818,0.0587267559125028
U_21770140,C_1844112,2.0,内蒙古大学,2020-08-19 08:04:31,0,A,145,63,0.0833333333333333,0.0,0.1376146788990825,0.163302752293578,0.1873198847262247,0.1909090909090909,0.1084763626572296
U_8273519,C_1750795,0.0,南京信息工程大学,2020-07-08 11:52:18,4,E,218,18,0.0416666666666666,0.0,0.0385321100917431,0.0385321100917431,0.0605187319884726,0.0333333333333333,0.0617150336892603
U_9030754,C_1824911,2.0,重庆三峡医药高等专科学校,2020-06-02 09:51:43,4,E,822,57,0.0416666666666666,0.0,0.0642201834862385,0.0642201834862385,0.0432276657060518,0.028030303030303,0.063496970499406
U_21100202,C_801420,2.0,南京邮电大学通达学院,2020-09-04 09:45:34,4,E,229,155,0.0277777777777777,0.0,0.0036697247706422,0.0036697247706422,0.0,0.0,0.061304449878271
U_21225850,C_948120,2.0,中国农业大学,2020-09-27 09:36:50,0,A,67,167,0.0138888888888888,0.0,0.0660550458715596,0.0660550458715596,0.0864553314121037,0.0227272727272727,0.0703689688989124
U_31085987,C_735115,1.0,辽宁对外经贸学院,2020-07-29 16:47:52,4,E,781,136,0.0555555555555555,0.0,0.0642201834862385,0.0642201834862385,0.0403458213256484,0.0121212121212121,0.0623342943314419
U_5245131,C_674920,0.0,西昌民族幼儿师范高等专科学校,2020-07-03 11:18:41,4,E,751,87,0.0416666666666666,0.0,0.0715596330275229,0.0715596330275229,0.0345821325648414,0.0166666666666666,0.0632755562448132
U_33096988,C_735164,2.0,昆明理工大学,2020-10-25 09:58:06,0,A,476,138,0.0972222222222222,0.0,0.1779816513761468,0.2587155963302752,0.1930835734870317,0.0575757575757575,0.0649189314805723
U_30350411,C_1829948,0.0,辽宁对外经贸学院,2020-06-04 12:22:43,4,E,781,61,0.0416666666666666,0.0,0.0807339449541284,0.0807339449541284,0.0547550432276657,0.0386363636363636,0.0637002096591777
U_20988258,C_1732845,2.0,铜仁学院,2020-03-25 21:39:27,2,C,850,13,0.1666666666666666,0.0,0.1614678899082569,0.1614678899082569,0.1354466858789625,0.0795454545454545,0.0803907805636978
U_33122432,C_735164,2.0,昆明理工大学,2020-10-24 16:49:13,0,A,476,138,0.0138888888888888,0.0,0.2055045871559633,0.2660550458715596,0.2363112391930835,0.0704545454545454,0.1966140323883524
U_29717900,C_1017355,1.0,华南理工大学,2020-04-29 09:10:50,3,D,211,0,0.1388888888888889,0.0,0.0642201834862385,0.0642201834862385,0.0288184438040345,0.0075757575757575,0.0806775508745177
U_31039918,C_936971,2.0,中国医科大学,2020-07-22 11:27:30,2,C,69,162,0.0555555555555555,0.0,0.0422018348623853,0.0422018348623853,0.0432276657060518,0.0143939393939393,0.0740058400390028
U_14098116,C_801420,1.0,辽宁对外经贸学院,2020-08-19 11:52:49,4,E,781,155,0.0416666666666666,0.0,0.073394495412844,0.073394495412844,0.0951008645533141,0.0083333333333333,0.0254029311074354
U_480331,C_735164,0.0,中国海洋大学,2020-11-06 16:57:02,0,A,74,138,0.0416666666666666,0.0,0.1779816513761468,0.218348623853211,0.1469740634005763,0.0431818181818181,0.0672226965581012
U_30937565,C_1864063,1.0,辽宁对外经贸学院,2020-07-12 16:34:22,4,E,781,66,0.0416666666666666,0.0,0.0110091743119266,0.0110091743119266,0.0086455331412103,0.0022727272727272,0.061838604524676
U_32494741,C_2027893,1.0,吉首大学,2020-10-05 10:18:11,4,E,259,84,0.0416666666666666,0.0,0.0055045871559633,0.0055045871559633,0.0086455331412103,0.0022727272727272,0.0612689663484636
U_8294429,C_1017355,2.0,广州中医药大学,2020-03-04 22:06:00,4,E,423,0,0.0416666666666666,0.0,0.0752293577981651,0.0752293577981651,0.0489913544668587,0.0295454545454545,0.0616150112396415
U_13537860,C_948120,2.0,昆明理工大学,2020-09-28 21:03:54,0,A,476,167,0.0138888888888888,0.0,0.0660550458715596,0.0660550458715596,0.0864553314121037,0.0227272727272727,0.0701045237454367
U_32578778,C_735164,1.0,昆明理工大学,2020-11-17 12:51:15,0,A,476,138,0.125,0.0,0.2862385321100917,0.2880733944954128,0.4495677233429394,0.1636363636363636,0.0691268423096365
U_31074804,C_682392,0.0,昆明理工大学,2020-08-01 13:18:21,0,A,476,108,0.0972222222222222,0.0,0.128440366972477,0.255045871559633,0.1354466858789625,0.0242424242424242,0.0627660048330325
U_18407672,C_786631,2.0,北华航天工业学院,2020-04-23 14:33:01,2,C,186,154,0.0277777777777777,0.0,0.1908256880733945,0.1908256880733945,0.1527377521613832,0.0636363636363636,0.0787613560751079
U_8186158,C_735197,1.0,华南理工大学,2020-09-15 20:19:02,3,D,211,141,0.1527777777777777,0.0,0.1779816513761468,0.2477064220183486,0.1095100864553314,0.1553030303030303,0.0824084092301717
U_22295251,C_707358,0.0,湖北文理学院理工学院,2020-05-14 15:55:41,1,B,626,134,0.0416666666666666,0.0,0.0458715596330275,0.0642201834862385,0.0576368876080691,0.0151515151515151,0.1125651059813025
U_29612174,C_674959,2.0,辽宁对外经贸学院,2020-04-24 16:20:58,4,E,781,88,0.0277777777777777,0.0,0.0165137614678899,0.0165137614678899,0.0172910662824207,0.0045454545454545,0.0627219884181089
U_29921867,C_735115,1.0,辽宁对外经贸学院,2020-05-11 12:50:39,4,E,781,136,0.0694444444444444,0.0,0.2935779816513761,0.2935779816513761,0.409221902017291,0.1363636363636363,0.067279470205793
U_30356172,C_1829948,2.0,华南理工大学,2020-06-04 18:07:21,3,D,211,61,0.2916666666666666,0.0,0.4770642201834862,0.4770642201834862,0.6023054755043227,0.1583333333333333,0.0726734718753864
U_5015645,C_758928,2.0,河池学院,2020-04-07 22:02:52,4,E,583,150,0.0416666666666666,0.0,0.0660550458715596,0.0660550458715596,0.0489913544668587,0.034090909090909,0.0631221673587388
U_25698050,C_1829948,2.0,北方民族大学,2020-06-04 14:33:45,2,C,190,61,0.2638888888888889,0.0,0.4770642201834862,0.4770642201834862,0.3602305475504322,0.0946969696969697,0.0765404238684175
U_6159482,C_735197,0.0,华南理工大学,2020-10-22 11:17:08,4,E,211,141,0.0694444444444444,0.0,0.0128440366972477,0.0128440366972477,0.0201729106628242,0.0575757575757575,0.1503019579182213
U_7548959,C_1912004,2.0,北京交通大学,2020-09-16 14:52:24,4,E,157,74,0.0416666666666666,0.0,0.0055045871559633,0.0055045871559633,0.0057636887608069,0.0015151515151515,0.0625713332247705
U_1005547,C_735164,0.0,昆明理工大学,2020-09-17 20:25:03,0,A,476,138,0.0416666666666666,0.0,0.1908256880733945,0.2678899082568807,0.2161383285302593,0.059090909090909,0.0662915324698908
U_32502406,C_1912004,0.0,辽宁对外经贸学院,2020-09-30 20:01:16,4,E,781,74,0.0416666666666666,0.0,0.0788990825688073,0.0788990825688073,0.0403458213256484,0.0325757575757575,0.0651835202519635
U_5732096,C_1824911,2.0,重庆三峡医药高等专科学校,2020-06-05 11:32:15,4,E,822,57,0.0416666666666666,0.0,0.0697247706422018,0.0697247706422018,0.0518731988472622,0.0287878787878787,0.065427229949849
U_29792951,C_1992917,2.0,辽宁农业职业技术学院,2020-09-07 09:43:27,4,E,772,80,0.0416666666666666,0.0,0.0770642201834862,0.0770642201834862,0.0518731988472622,0.031060606060606,0.0619385378321404
U_15000322,C_1829948,1.0,辽宁对外经贸学院,2020-06-17 14:15:12,4,E,781,61,0.0416666666666666,0.0,0.073394495412844,0.073394495412844,0.0922190201729106,0.0242424242424242,0.0625821986629278
U_32931439,C_735164,2.0,昆明理工大学,2020-09-16 15:48:06,0,A,476,138,0.1111111111111111,0.0,0.1944954128440367,0.255045871559633,0.2276657060518732,0.0522727272727272,0.0671494910399418
U_5729137,C_1829948,0.0,辽宁对外经贸学院,2020-06-16 17:04:07,4,E,781,61,0.0416666666666666,0.0,0.0311926605504587,0.0311926605504587,0.0374639769452449,0.0098484848484848,0.0614937531478992
U_11949129,C_1714448,1.0,中国医科大学,2020-05-21 18:40:15,2,C,69,8,0.0416666666666666,0.0,0.1449541284403669,0.1449541284403669,0.1210374639769452,0.0318181818181818,0.0763795866601057
U_32878059,C_735164,2.0,昆明理工大学,2020-11-03 09:35:02,0,A,476,138,0.125,0.0,0.2513761467889908,0.2623853211009174,0.3717579250720461,0.1356060606060606,0.0689440612743078
U_354958,C_756642,2.0,辽宁对外经贸学院,2020-05-11 16:27:31,4,E,781,149,0.0138888888888888,0.0,0.0091743119266055,0.0091743119266055,0.0144092219020172,0.0053030303030303,0.0604054661078118
U_34293518,C_2027893,0.0,辽宁对外经贸学院,2020-10-05 20:08:49,4,E,781,84,0.0416666666666666,0.0,0.0165137614678899,0.0165137614678899,0.0144092219020172,0.0045454545454545,0.0616139365814463
U_9082564,C_735164,0.0,昆明理工大学,2020-12-01 13:11:45,0,A,476,138,0.0972222222222222,0.0,0.055045871559633,0.0568807339449541,0.0864553314121037,0.0401515151515151,0.066704914354061
U_4044030,C_786631,1.0,西昌学院,2020-03-01 13:49:23,4,E,736,154,0.0555555555555555,0.0,0.0642201834862385,0.0642201834862385,0.0288184438040345,0.0424242424242424,0.0589553362058438
U_16714589,C_735283,1.0,辽宁对外经贸学院,2020-05-30 18:37:22,4,E,781,143,0.0277777777777777,0.0,0.0165137614678899,0.0165137614678899,0.0144092219020172,0.0037878787878787,0.062151755960867
U_30533484,C_801420,2.0,辽宁对外经贸学院,2020-08-20 10:10:58,4,E,781,155,0.0416666666666666,0.0,0.0036697247706422,0.0036697247706422,0.0,0.0,0.1689271839058352
U_33249542,C_1912004,2.0,辽宁对外经贸学院,2020-09-21 13:45:33,4,E,781,74,0.0416666666666666,0.0,0.0091743119266055,0.0091743119266055,0.0115273775216138,0.003030303030303,0.0058314420894718
U_31052804,C_1829948,2.0,辽宁对外经贸学院,2020-07-23 23:51:19,4,E,781,61,0.0416666666666666,0.0,0.0073394495412844,0.0073394495412844,0.0115273775216138,0.003030303030303,0.0611693499908817
U_14036525,C_1918363,0.0,新乡医学院三全学院,2020-11-22 18:58:58,4,E,461,76,0.0416666666666666,0.0,0.0165137614678899,0.0165137614678899,0.0201729106628242,0.0136363636363636,0.0617771013904572
U_29033844,C_674959,2.0,辽宁对外经贸学院,2020-05-26 16:20:32,4,E,781,88,0.0277777777777777,0.0,0.0073394495412844,0.0073394495412844,0.0086455331412103,0.003030303030303,0.0616793718751441
U_12089202,C_948488,2.0,合肥工业大学,2020-03-06 14:59:05,0,A,248,172,0.0277777777777777,0.0,0.1926605504587156,0.2715596330275229,0.2103746397694524,0.0598484848484848,0.0695283583825829
U_15397413,C_1778562,2.0,辽宁对外经贸学院,2020-07-11 18:24:01,4,E,781,49,0.0277777777777777,0.0,0.0036697247706422,0.0036697247706422,0.0,0.0,0.0614352659899055
U_12214239,C_682392,0.0,陕西工业职业技术学院,2020-12-07 22:59:16,0,A,876,108,0.1388888888888889,0.0,0.3486238532110092,0.3486238532110092,0.5100864553314121,0.1772727272727272,0.0689576950715945
U_33224356,C_697076,2.0,辽宁对外经贸学院,2020-11-05 09:05:03,4,E,781,121,0.0416666666666666,0.0,0.091743119266055,0.091743119266055,0.0662824207492795,0.0242424242424242,0.0609681908147135
U_4824050,C_682392,0.0,陕西工业职业技术学院,2020-09-14 19:45:24,2,C,876,108,0.2222222222222222,0.0,0.4477064220183486,0.4477064220183486,0.3659942363112392,0.1272727272727272,0.0733814289612316
U_33200379,C_697076,1.0,辽宁对外经贸学院,2020-09-27 15:09:26,4,E,781,121,0.0416666666666666,0.0,0.0275229357798165,0.0275229357798165,0.0374639769452449,0.0106060606060606,0.0382688002461822
U_30315011,C_680814,1.0,辽宁对外经贸学院,2020-06-01 23:36:37,4,E,781,96,0.0277777777777777,0.0,0.0073394495412844,0.0073394495412844,0.0057636887608069,0.0015151515151515,0.0613820283143397
U_14840913,C_1808023,1.0,辽宁对外经贸学院,2020-10-04 17:29:29,4,E,781,54,0.0416666666666666,0.0,0.018348623853211,0.018348623853211,0.0201729106628242,0.0053030303030303,0.0615372891856573
U_18674599,C_697076,2.0,辽宁对外经贸学院,2020-08-29 22:35:26,4,E,781,121,0.0416666666666666,0.0,0.036697247706422,0.036697247706422,0.0345821325648414,0.0098484848484848,0.1104204331268992
U_19904836,C_948395,1.0,西安美术学院,2020-05-13 13:35:01,2,C,727,170,0.1111111111111111,0.0,0.073394495412844,0.073394495412844,0.0893371757925072,0.05,0.0730858335771225
U_13535082,C_948120,2.0,中国农业大学,2020-09-23 09:22:35,0,A,67,167,0.0972222222222222,0.0,0.2146788990825688,0.2642201834862385,0.1959654178674351,0.0727272727272727,0.0735293900805693
U_30392832,C_1750793,2.0,昆明理工大学,2020-06-07 18:19:22,0,A,476,17,0.0277777777777777,0.0,0.036697247706422,0.036697247706422,0.0547550432276657,0.0287878787878787,0.0694841735880342
U_13139162,C_801420,2.0,南京邮电大学通达学院,2020-09-01 09:38:48,4,E,229,155,0.0277777777777777,0.0,0.0018348623853211,0.0018348623853211,0.0028818443804034,0.0007575757575757,0.0611950179790172
U_29719327,C_1017355,0.0,昆明理工大学,2020-05-09 09:53:16,0,A,476,0,0.0972222222222222,0.0,0.0825688073394495,0.0825688073394495,0.1123919308357348,0.0363636363636363,0.0681666921642086
U_11965078,C_1714448,0.0,中国医科大学,2020-05-14 19:26:50,2,C,69,8,0.1388888888888889,0.0,0.1449541284403669,0.1449541284403669,0.100864553314121,0.0265151515151515,0.0773083587671722
U_33219958,C_697076,1.0,辽宁对外经贸学院,2020-09-21 14:07:27,0,A,781,121,0.1111111111111111,0.0,0.0275229357798165,0.0275229357798165,0.0432276657060518,0.0136363636363636,0.0635519414946414
U_14964777,C_735115,1.0,辽宁对外经贸学院,2020-05-11 09:49:31,4,E,781,136,0.0416666666666666,0.0,0.0770642201834862,0.0770642201834862,0.0518731988472622,0.0333333333333333,0.0644807284587336
U_14036524,C_1918363,0.0,新乡医学院三全学院,2020-11-22 17:36:10,4,E,461,76,0.0416666666666666,0.0,0.0311926605504587,0.0311926605504587,0.0374639769452449,0.025,0.06214417887774
U_6758259,C_1824911,2.0,重庆三峡医药高等专科学校,2020-06-02 09:52:32,2,C,822,57,0.0138888888888888,0.0,0.0623853211009174,0.0623853211009174,0.0922190201729106,0.0242424242424242,0.0778405919049149
U_29734729,C_677087,0.0,辽宁对外经贸学院,2020-05-07 20:02:12,4,E,781,92,0.0555555555555555,0.0,0.3614678899082569,0.3614678899082569,0.1066282420749279,0.028030303030303,0.0746452121416935
U_2610491,C_735164,0.0,河南大学,2020-11-16 11:53:13,4,E,568,138,0.0694444444444444,0.0,0.0697247706422018,0.0697247706422018,0.063400576368876,0.025,0.0657869631140746
U_30933861,C_801420,0.0,辽宁对外经贸学院,2020-07-11 18:14:18,4,E,781,155,0.0277777777777777,0.0,0.0055045871559633,0.0055045871559633,0.0028818443804034,0.0007575757575757,0.0613965287714613
U_31779627,C_1738818,1.0,辽宁对外经贸学院,2020-09-02 09:57:34,4,E,781,15,0.0138888888888888,0.0,0.0110091743119266,0.0110091743119266,0.0115273775216138,0.006060606060606,0.0599609389453501
U_3752944,C_697076,0.0,辽宁对外经贸学院,2020-08-09 09:46:58,4,E,781,121,0.0416666666666666,0.0,0.0275229357798165,0.0275229357798165,0.0230547550432276,0.006060606060606,0.0613022163720682
U_33459913,C_2027893,1.0,辽宁对外经贸学院,2020-09-23 10:45:54,4,E,781,84,0.0277777777777777,0.0,0.0110091743119266,0.0110091743119266,0.0057636887608069,0.0015151515151515,0.0614932925801013
U_30805446,C_674920,2.0,辽宁对外经贸学院,2020-07-01 18:36:02,4,E,781,87,0.0555555555555555,0.0,0.2201834862385321,0.2201834862385321,0.1037463976945244,0.0272727272727272,0.0683149949951383
U_29050086,C_735115,1.0,辽宁对外经贸学院,2020-06-17 09:49:26,4,E,781,136,0.0416666666666666,0.0,0.0201834862385321,0.0201834862385321,0.0172910662824207,0.0053030303030303,0.0607998706177711
U_11246110,C_1750793,1.0,北京体育大学,2020-06-09 20:39:20,0,A,159,17,0.0972222222222222,0.0,0.036697247706422,0.036697247706422,0.0547550432276657,0.0287878787878787,0.0700897211954585
U_16114054,C_786631,1.0,北华航天工业学院,2020-04-16 11:20:19,0,A,186,154,0.0277777777777777,0.0,0.2110091743119266,0.2715596330275229,0.2190201729106628,0.0719696969696969,0.0715383703471945
U_30596719,C_1829948,0.0,辽宁对外经贸学院,2020-06-18 23:18:54,4,E,781,61,0.0833333333333333,0.0,0.1119266055045871,0.1119266055045871,0.1469740634005763,0.0386363636363636,0.0639167062382507
U_11064897,C_676646,0.0,天津商业大学,2020-08-11 07:23:28,4,E,316,90,0.0416666666666666,0.0,0.0660550458715596,0.0660550458715596,0.0547550432276657,0.0325757575757575,0.0631691403217846
U_29486676,C_948488,2.0,辽宁对外经贸学院,2020-04-20 17:55:30,4,E,781,172,0.0416666666666666,0.0,0.0660550458715596,0.0660550458715596,0.0489913544668587,0.031060606060606,0.0634463328033446
U_3929614,C_758928,0.0,广东农工商职业技术学院,2020-06-04 21:30:26,4,E,400,150,0.0416666666666666,0.0,0.0055045871559633,0.0055045871559633,0.0086455331412103,0.0022727272727272,0.0612689663484636
U_30990541,C_1808023,2.0,辽宁对外经贸学院,2020-07-18 10:01:59,4,E,781,54,0.0416666666666666,0.0,0.0605504587155963,0.0605504587155963,0.063400576368876,0.0166666666666666,0.0627617854377226
U_3699300,C_1017355,2.0,广州中医药大学,2020-03-04 21:52:45,1,B,423,0,0.0138888888888888,0.0,0.036697247706422,0.0403669724770642,0.0576368876080691,0.0219696969696969,0.1145306211538249
U_16077888,C_801420,1.0,辽宁对外经贸学院,2020-08-22 00:19:53,4,E,781,155,0.0416666666666666,0.0,0.0201834862385321,0.0201834862385321,0.0172910662824207,0.0045454545454545,0.0582490287340846
U_22887356,C_948120,0.0,中国农业大学,2020-10-12 17:19:16,4,E,67,167,0.0277777777777777,0.0,0.0752293577981651,0.0752293577981651,0.0432276657060518,0.0318181818181818,0.0645209062584144
U_15498867,C_801420,2.0,辽宁对外经贸学院,2020-08-12 11:56:58,4,E,781,155,0.0416666666666666,0.0,0.110091743119266,0.110091743119266,0.0547550432276657,0.0318181818181818,0.0556741224525845
U_30186526,C_1714448,2.0,辽宁对外经贸学院,2020-05-26 12:19:24,4,E,781,8,0.0138888888888888,0.0,0.0935779816513761,0.0935779816513761,0.0345821325648414,0.009090909090909,0.0645554394888346
U_16070917,C_758928,0.0,合肥科技职业学院,2020-06-02 14:54:17,4,E,250,150,0.0416666666666666,0.0,0.0587155963302752,0.0587155963302752,0.0576368876080691,0.0318181818181818,0.0605596424162504
U_30595942,C_1829948,1.0,辽宁对外经贸学院,2020-06-18 11:00:19,4,E,781,61,0.0138888888888888,0.0,0.0220183486238532,0.0220183486238532,0.0201729106628242,0.0053030303030303,0.0610561196453805
U_14513361,C_1750793,0.0,北京体育大学,2020-06-06 16:27:35,0,A,159,17,0.0555555555555555,0.0,0.036697247706422,0.036697247706422,0.0547550432276657,0.0287878787878787,0.0695803678773543
U_34177192,C_697076,2.0,辽宁对外经贸学院,2020-11-16 11:46:50,4,E,781,121,0.0277777777777777,0.0,0.1119266055045871,0.1119266055045871,0.0345821325648414,0.031060606060606,0.0610721503761532
U_11411191,C_674959,0.0,内蒙古农业大学,2020-10-23 17:11:30,4,E,141,88,0.0416666666666666,0.0,0.0238532110091743,0.0238532110091743,0.0172910662824207,0.0053030303030303,0.0617917107991008
U_493052,C_735164,1.0,攀枝花学院,2020-10-30 21:25:40,0,A,457,138,0.0555555555555555,0.0,0.055045871559633,0.055045871559633,0.0864553314121037,0.0401515151515151,0.0709234628135545
U_30318404,C_676635,2.0,广州中医药大学,2020-06-02 10:33:01,1,B,423,89,0.2222222222222222,0.0,0.0458715596330275,0.0458715596330275,0.0720461095100864,0.0189393939393939,0.1138241992939727
U_5513837,C_735164,0.0,烟台大学,2020-11-29 17:33:01,0,A,653,138,0.125,0.0,0.2844036697247706,0.2935779816513761,0.446685878962536,0.1621212121212121,0.0685947329804416
U_1009481,C_735164,0.0,昆明理工大学,2020-09-20 09:13:46,0,A,476,138,0.0972222222222222,0.0,0.2238532110091743,0.3211009174311927,0.201729106628242,0.0606060606060606,0.0711583821045443
U_5277639,C_674920,0.0,西昌民族幼儿师范,2020-07-01 08:22:52,4,E,747,87,0.0277777777777777,0.0,0.055045871559633,0.055045871559633,0.0374639769452449,0.0098484848484848,0.0581713656239744
U_28866314,C_1472684,0.0,德宏职业学院,2020-09-07 13:07:04,4,E,448,3,0.0416666666666666,0.0,0.0678899082568807,0.0678899082568807,0.0547550432276657,0.0303030303030303,0.0614137728260027
U_34506349,C_2027893,0.0,内蒙古工业大学,2020-10-28 13:04:47,4,E,146,84,0.0416666666666666,0.0,0.0146788990825688,0.0146788990825688,0.0172910662824207,0.006060606060606,0.0614710565649115
U_11324003,C_1824926,0.0,武汉职业技术学院,2020-08-27 09:55:12,1,B,511,58,0.0138888888888888,0.0,0.3394495412844037,0.3394495412844037,0.515850144092219,0.1787878787878788,0.1017400888386572
U_32220825,C_948387,1.0,辽宁对外经贸学院,2020-09-08 16:19:01,4,E,781,169,0.0416666666666666,0.0,0.0091743119266055,0.0091743119266055,0.0115273775216138,0.003030303030303,0.0615118440529078
U_31574109,C_1992917,1.0,辽宁对外经贸学院,2020-08-28 19:33:26,4,E,781,80,0.0416666666666666,0.0,0.0275229357798165,0.0275229357798165,0.0403458213256484,0.0121212121212121,0.2806390748802971
U_6509961,C_1824911,2.0,重庆三峡医药高等专科学校,2020-06-05 11:30:56,4,E,822,57,0.0555555555555555,0.0,0.0587155963302752,0.0587155963302752,0.0605187319884726,0.034090909090909,0.0624677252796066
U_31071060,C_682392,2.0,昆明理工大学,2020-09-15 19:10:06,0,A,476,108,0.2083333333333333,0.0,0.1412844036697247,0.2770642201834862,0.1498559077809798,0.0272727272727272,0.0633075236118623
U_29394701,C_1017355,1.0,华南理工大学,2020-05-03 21:47:40,3,D,211,0,0.1388888888888889,0.0,0.0825688073394495,0.0825688073394495,0.0374639769452449,0.0106060606060606,0.0813261392855087
U_13549216,C_696575,2.0,辽宁对外经贸学院,2020-08-09 17:11:24,4,E,781,116,0.0416666666666666,0.0,0.110091743119266,0.110091743119266,0.1412103746397694,0.0371212121212121,0.0637729298478296
U_14911723,C_674920,0.0,西昌民族幼儿师范高等专科学校,2020-06-24 18:22:55,4,E,751,87,0.0555555555555555,0.0,0.2,0.2,0.30835734870317,0.0833333333333333,0.0658628329921833
U_11381843,C_676635,0.0,山东理工大学,2020-06-03 17:10:12,4,E,376,89,0.0416666666666666,0.0,0.0091743119266055,0.0091743119266055,0.0028818443804034,0.0007575757575757,0.0603849683646335
U_12649701,C_735197,1.0,辽宁石油化工大学,2020-09-12 17:10:56,4,E,790,141,0.0277777777777777,0.0,0.0311926605504587,0.0311926605504587,0.0489913544668587,0.0348484848484848,0.0693077166933286
U_30935029,C_735195,2.0,辽宁对外经贸学院,2020-07-11 22:10:54,4,E,781,140,0.0277777777777777,0.0,0.0036697247706422,0.0036697247706422,0.0,0.0,0.0613359913439155
U_30315190,C_1714448,0.0,辽宁对外经贸学院,2020-06-05 20:15:25,4,E,781,8,0.0277777777777777,0.0,0.0073394495412844,0.0073394495412844,0.0115273775216138,0.003030303030303,0.0618973145380558
U_29454200,C_674920,0.0,辽宁对外经贸学院,2020-04-18 14:48:49,4,E,781,87,0.0416666666666666,0.0,0.0825688073394495,0.0825688073394495,0.0720461095100864,0.0333333333333333,0.0618283779386254
U_5235978,C_674920,0.0,西昌民族幼儿师范高等专科学校,2020-06-04 12:03:52,4,E,751,87,0.0416666666666666,0.0,0.0899082568807339,0.0899082568807339,0.0893371757925072,0.0219696969696969,0.0596184250739563
U_4602273,C_735197,1.0,华南理工大学,2020-10-21 22:28:55,4,E,211,141,0.0416666666666666,0.0,0.0660550458715596,0.0660550458715596,0.0518731988472622,0.031060606060606,0.0626675275140905
U_25839486,C_948395,2.0,西安美术学院,2020-05-30 16:45:21,0,A,727,170,0.1388888888888889,0.0,0.110091743119266,0.110091743119266,0.1729106628242074,0.1,0.0683069028684523
U_4094858,C_1774987,0.0,山东理工大学,2020-11-24 16:30:41,0,A,376,47,0.125,0.0,0.1926605504587156,0.1926605504587156,0.2651296829971181,0.1075757575757575,0.0673362785198782
U_15858138,C_707079,2.0,中国农业大学,2020-04-14 08:41:20,3,D,67,132,0.1805555555555555,0.0,0.1926605504587156,0.236697247706422,0.1152737752161383,0.1378787878787878,0.0801263799812993
U_16869517,C_697076,1.0,辽宁对外经贸学院,2020-11-16 18:37:09,4,E,781,121,0.0694444444444444,0.0,0.2110091743119266,0.2110091743119266,0.3256484149855908,0.1053030303030303,0.0651799446611022
U_33318150,C_735197,0.0,辽宁对外经贸学院,2020-10-04 22:35:05,4,E,781,141,0.0416666666666666,0.0,0.0091743119266055,0.0091743119266055,0.0057636887608069,0.0015151515151515,0.0612251727889261
U_5661948,C_735164,1.0,西南林业大学,2020-11-17 17:17:38,0,A,711,138,0.0138888888888888,0.0,0.2862385321100917,0.2880733944954128,0.4380403458213256,0.1583333333333333,0.0706693284359419
U_33271662,C_697076,2.0,辽宁对外经贸学院,2020-11-24 08:13:33,4,E,781,121,0.0416666666666666,0.0,0.055045871559633,0.055045871559633,0.0720461095100864,0.0212121212121212,0.0612706204306626
U_18247382,C_674959,1.0,辽宁对外经贸学院,2020-06-27 08:53:14,4,E,781,88,0.0277777777777777,0.0,0.0036697247706422,0.0036697247706422,0.0057636887608069,0.0015151515151515,0.0615661217202753
U_16097726,C_697144,2.0,信阳农林学院,2020-05-13 13:57:41,4,E,128,123,0.0416666666666666,0.0,0.036697247706422,0.036697247706422,0.0518731988472622,0.0189393939393939,0.0618869443340897
U_24678140,C_735164,1.0,昆明理工大学,2020-09-17 10:36:07,0,A,476,138,0.1111111111111111,0.0,0.1871559633027523,0.273394495412844,0.2132564841498559,0.0575757575757575,0.0299649959610724
U_11065102,C_676646,0.0,辽宁对外经贸学院,2020-08-11 11:30:12,4,E,781,90,0.0416666666666666,0.0,0.0091743119266055,0.0091743119266055,0.0057636887608069,0.0015151515151515,0.0596861582543018
U_17919172,C_786631,1.0,北华航天工业学院,2020-04-23 08:18:30,0,A,186,154,0.0277777777777777,0.0,0.1431192660550458,0.2440366972477064,0.2219020172910662,0.0871212121212121,0.0574723970387015
U_30823049,C_948436,1.0,辽宁对外经贸学院,2020-07-02 20:07:16,4,E,781,171,0.0277777777777777,0.0,0.0018348623853211,0.0018348623853211,0.0,0.0,0.0612439322600929
U_31689628,C_1828106,2.0,辽宁对外经贸学院,2020-08-31 10:08:04,4,E,781,59,0.0416666666666666,0.0,0.0623853211009174,0.0623853211009174,0.0461095100864553,0.0318181818181818,0.0470477362772627
U_12156372,C_682392,1.0,陕西工业职业技术学院,2020-09-24 10:15:14,0,A,876,108,0.1111111111111111,0.0,0.0623853211009174,0.0623853211009174,0.0979827089337175,0.0287878787878787,0.0739555237142747
U_4728373,C_1750793,0.0,北京林业大学,2020-06-15 17:08:55,0,A,173,17,0.125,0.0,0.036697247706422,0.036697247706422,0.0518731988472622,0.0272727272727272,0.0707048367274588
U_18436873,C_674920,1.0,首都师范大学心理学院,2020-05-22 16:54:37,4,E,898,87,0.0416666666666666,0.0,0.018348623853211,0.018348623853211,0.0230547550432276,0.006060606060606,0.0615373486137602
U_1941592,C_735164,0.0,昆明理工大学,2020-10-10 19:38:05,0,A,476,138,0.0694444444444444,0.0,0.0036697247706422,0.0036697247706422,0.0057636887608069,0.0022727272727272,0.0663531841743669
U_5235948,C_674920,1.0,辽宁对外经贸学院,2020-06-04 23:29:38,4,E,781,87,0.0416666666666666,0.0,0.055045871559633,0.055045871559633,0.063400576368876,0.0166666666666666,0.0609131802007428
U_24136205,C_948136,2.0,辽宁对外经贸学院,2020-05-23 17:38:31,4,E,781,168,0.0416666666666666,0.0,0.018348623853211,0.018348623853211,0.0172910662824207,0.0045454545454545,0.0617587579160111
U_6241444,C_735115,1.0,广州体育学院,2020-05-11 07:58:17,0,A,425,136,0.1388888888888889,0.0,0.5211009174311927,0.5211009174311927,0.7348703170028817,0.2515151515151515,0.0707346795398271
U_32335494,C_677087,1.0,辽宁对外经贸学院,2020-09-18 12:53:44,4,E,781,92,0.0416666666666666,0.0,0.036697247706422,0.036697247706422,0.0403458213256484,0.0106060606060606,0.0620780007327552
U_32099015,C_1992917,2.0,辽宁对外经贸学院,2020-09-07 09:40:29,4,E,781,80,0.0555555555555555,0.0,0.073394495412844,0.073394495412844,0.0259365994236311,0.0121212121212121,0.0647279642240613
U_30625798,C_1864065,0.0,中国医科大学,2020-06-20 11:30:51,2,C,69,67,0.125,0.0,0.0844036697247706,0.0844036697247706,0.0547550432276657,0.028030303030303,0.0752529536365852
U_11699950,C_735306,0.0,重庆三峡医药高等专科学校,2020-10-15 10:40:48,4,E,822,144,0.0555555555555555,0.0,0.055045871559633,0.0642201834862385,0.0662824207492795,0.1136363636363636,0.0673239273791469
U_17454679,C_948436,2.0,辽宁对外经贸学院,2020-05-18 02:06:09,4,E,781,171,0.0416666666666666,0.0,0.0422018348623853,0.0422018348623853,0.0518731988472622,0.0083333333333333,0.0623160251421245
U_22760416,C_948113,1.0,西安思源学院,2020-04-17 02:27:51,0,A,721,166,0.0277777777777777,0.0,0.1963302752293578,0.2660550458715596,0.2161383285302593,0.0621212121212121,0.0687976403333051
U_815177,C_749807,1.0,云南艺术学院,2020-05-30 12:56:54,4,E,116,148,0.0416666666666666,0.0,0.0311926605504587,0.0311926605504587,0.0489913544668587,0.0128787878787878,0.0617083480276776
U_33343297,C_697076,2.0,辽宁对外经贸学院,2020-10-06 15:36:16,4,E,781,121,0.0555555555555555,0.0,0.1834862385321101,0.1834862385321101,0.201729106628242,0.0621212121212121,0.0655612700360689
U_12479790,C_697062,2.0,湖北科技学院,2020-04-25 22:21:48,3,D,633,120,0.1527777777777777,0.0,0.1779816513761468,0.218348623853211,0.100864553314121,0.1378787878787878,0.0843607660302309
U_30116913,C_676635,0.0,广州中医药大学,2020-06-08 11:09:54,1,B,423,89,0.2083333333333333,0.0,0.018348623853211,0.018348623853211,0.0201729106628242,0.0053030303030303,0.1151464943941379
U_5199990,C_674920,0.0,西昌民族幼儿师范高等专科学校,2020-06-04 09:07:05,4,E,751,87,0.0555555555555555,0.0,0.0587155963302752,0.0587155963302752,0.0374639769452449,0.0045454545454545,0.0617737288456144
U_33408852,C_1761372,0.0,辽宁对外经贸学院,2020-09-22 20:21:20,4,E,781,32,0.0416666666666666,0.0,0.0073394495412844,0.0073394495412844,0.0,0.0,0.0621118747514408
U_30281584,C_1750795,2.0,辽宁对外经贸学院,2020-05-30 14:08:57,4,E,781,18,0.0416666666666666,0.0,0.0110091743119266,0.0110091743119266,0.0115273775216138,0.0068181818181818,0.0604927808480817
U_1074918,C_674920,0.0,清华大学,2020-05-07 08:56:34,4,E,612,87,0.0416666666666666,0.0,0.018348623853211,0.018348623853211,0.0259365994236311,0.0068181818181818,0.0619140385966963
U_15099029,C_1017355,1.0,广州中医药大学,2020-05-05 18:34:10,0,A,423,0,0.1666666666666666,0.0,0.0825688073394495,0.0825688073394495,0.1152737752161383,0.0393939393939393,0.0684035478208864
U_30457542,C_1829948,0.0,辽宁对外经贸学院,2020-06-11 16:47:11,4,E,781,61,0.1944444444444444,0.0,0.0678899082568807,0.0678899082568807,0.0864553314121037,0.0227272727272727,0.0638792764380715
U_10187291,C_735164,1.0,辽宁对外经贸学院,2019-10-28 21:26:19,4,E,781,138,0.0416666666666666,0.0,0.0752293577981651,0.0752293577981651,0.0489913544668587,0.028030303030303,0.062876135012496
U_33450010,C_735164,2.0,昆明理工大学,2020-11-19 10:41:12,0,A,476,138,0.0972222222222222,0.0,0.0935779816513761,0.0954128440366972,0.1440922190201729,0.0681818181818181,0.0619228785270112
U_30493309,C_948436,2.0,辽宁对外经贸学院,2020-06-28 20:36:29,4,E,781,171,0.0277777777777777,0.0,0.0073394495412844,0.0073394495412844,0.0057636887608069,0.0,0.0614093305753066
U_2117675,C_680979,0.0,西安交通大学,2020-07-20 10:33:14,4,E,715,100,0.0416666666666666,0.0,0.0513761467889908,0.0513761467889908,0.0547550432276657,0.0196969696969696,0.060844892358103
U_34248048,C_1912004,0.0,宁夏大学,2020-10-07 19:38:48,4,E,334,74,0.0416666666666666,0.0,0.0055045871559633,0.0055045871559633,0.0028818443804034,0.0007575757575757,0.0613214017446395
U_33384281,C_735164,0.0,昆明理工大学,2020-12-07 15:57:14,0,A,476,138,0.125,0.0,0.2862385321100917,0.2935779816513761,0.4495677233429394,0.1636363636363636,0.0693044927187432
U_30595119,C_1829948,2.0,中国医科大学,2020-06-18 10:18:39,2,C,69,61,0.2777777777777778,0.0,0.4770642201834862,0.4770642201834862,0.4927953890489913,0.1295454545454545,0.0757821014653161
U_33555119,C_697076,2.0,辽宁对外经贸学院,2020-11-20 23:27:22,4,E,781,121,0.0416666666666666,0.0,0.1009174311926605,0.1009174311926605,0.1268011527377521,0.0378787878787878,0.0634073033967274
U_30098953,C_1750793,0.0,昆明理工大学,2020-05-21 09:57:44,0,A,476,17,0.0277777777777777,0.0,0.036697247706422,0.036697247706422,0.0461095100864553,0.0242424242424242,0.0695969483180793
U_26610007,C_747056,1.0,辽宁对外经贸学院,2020-04-16 10:51:05,4,E,781,147,0.0416666666666666,0.0,0.0752293577981651,0.0752293577981651,0.0461095100864553,0.0325757575757575,0.0624910310006496
U_20300159,C_823315,1.0,西安石油大学,2020-04-26 08:45:16,4,E,725,158,0.0416666666666666,0.0,0.0844036697247706,0.0844036697247706,0.0605187319884726,0.0348484848484848,0.0664855404643364
U_32717549,C_735164,1.0,昆明理工大学,2020-09-15 11:49:42,0,A,476,138,0.0972222222222222,0.0,0.1779816513761468,0.273394495412844,0.2190201729106628,0.0553030303030303,0.0693681105029588
U_12860355,C_1736024,1.0,辽宁对外经贸学院,2020-05-11 21:41:51,4,E,781,14,0.0416666666666666,0.0,0.0770642201834862,0.0770642201834862,0.063400576368876,0.0325757575757575,0.0616474589838561
U_33344101,C_697076,2.0,辽宁对外经贸学院,2020-10-06 22:16:31,4,E,781,121,0.0416666666666666,0.0,0.0844036697247706,0.0844036697247706,0.0691642651296829,0.034090909090909,0.0618994440450784
U_34293500,C_2027893,0.0,辽宁对外经贸学院,2020-10-05 20:07:31,4,E,781,84,0.0416666666666666,0.0,0.0165137614678899,0.0165137614678899,0.0230547550432276,0.0068181818181818,0.0615118985286688
U_14946331,C_674920,0.0,西昌民族幼儿师范高等专科学校,2020-06-04 10:12:56,4,E,751,87,0.0416666666666666,0.0,0.0807339449541284,0.0807339449541284,0.1210374639769452,0.0325757575757575,0.0597492708996423
U_19818740,C_808528,2.0,昆明理工大学,2020-02-19 20:18:23,0,A,476,156,0.1111111111111111,0.0,0.2,0.2770642201834862,0.2190201729106628,0.0606060606060606,0.0706071666402486
U_5280758,C_674920,0.0,18级小教七班,2020-06-12 16:35:21,4,E,3,87,0.1527777777777777,0.0,0.0825688073394495,0.0825688073394495,0.0749279538904899,0.0348484848484848,0.0645455298526665
U_9817281,C_801420,0.0,哈尔滨工业大学,2020-08-13 21:35:59,4,E,270,155,0.0555555555555555,0.0,0.0238532110091743,0.0238532110091743,0.0230547550432276,0.006060606060606,0.1052063617045252
U_31065385,C_1912004,0.0,辽宁对外经贸学院,2020-12-07 21:52:26,4,E,781,74,0.0277777777777777,0.0,0.0055045871559633,0.0055045871559633,0.0028818443804034,0.0007575757575757,0.0618643913690175
U_15058528,C_674920,1.0,辽宁对外经贸学院,2020-06-19 01:05:37,4,E,781,87,0.0416666666666666,0.0,0.0587155963302752,0.0587155963302752,0.0691642651296829,0.0265151515151515,0.0625626913881322
U_22712373,C_801420,1.0,辽宁对外经贸学院,2020-08-24 23:38:44,4,E,781,155,0.0277777777777777,0.0,0.0018348623853211,0.0018348623853211,0.0,0.0,0.0612796980733893
U_30404649,C_1829948,0.0,辽宁对外经贸学院,2020-06-08 15:42:09,4,E,781,61,0.0416666666666666,0.0,0.0788990825688073,0.0788990825688073,0.063400576368876,0.0318181818181818,0.060886383078651
U_33554940,C_697076,0.0,辽宁对外经贸学院,2020-10-22 10:10:24,4,E,781,121,0.0416666666666666,0.0,0.0825688073394495,0.0825688073394495,0.0662824207492795,0.0325757575757575,0.0617520078739835
U_964673,C_735164,0.0,北京交通大学,2020-09-17 10:48:12,0,A,157,138,0.0138888888888888,0.0,0.055045871559633,0.0642201834862385,0.0835734870317002,0.0386363636363636,0.0500526599222987
U_30465799,C_1829948,0.0,辽宁对外经贸学院,2020-06-12 08:58:47,4,E,781,61,0.0833333333333333,0.0,0.091743119266055,0.091743119266055,0.0979827089337175,0.0257575757575757,0.0636652857440065
U_28049830,C_674959,0.0,辽宁对外经贸学院,2020-07-05 11:57:50,4,E,781,88,0.0416666666666666,0.0,0.0715596330275229,0.0715596330275229,0.0547550432276657,0.031060606060606,0.0631865081848738
U_15764606,C_747056,2.0,辽宁科技大学,2020-06-12 12:25:24,4,E,792,147,0.0416666666666666,0.0,0.0201834862385321,0.0201834862385321,0.0144092219020172,0.0053030303030303,0.0616958532690309
U_14200861,C_1714448,1.0,中国医科大学,2020-05-15 23:55:57,0,A,69,8,0.0972222222222222,0.0,0.1449541284403669,0.1449541284403669,0.2247838616714697,0.059090909090909,0.066942042389544
U_20771261,C_823315,1.0,西安石油大学,2020-06-13 21:37:34,4,E,725,158,0.0277777777777777,0.0,0.073394495412844,0.073394495412844,0.0461095100864553,0.0303030303030303,0.0650556755454768
U_30113158,C_1750793,1.0,昆明理工大学,2020-05-22 08:05:26,0,A,476,17,0.0694444444444444,0.0,0.036697247706422,0.036697247706422,0.0547550432276657,0.0287878787878787,0.0698810740783177
U_31091055,C_682392,0.0,昆明理工大学,2020-08-26 11:16:41,0,A,476,108,0.1388888888888889,0.0,0.4495412844036697,0.4495412844036697,0.7060518731988472,0.2469696969696969,0.0622557105699649
U_30425104,C_1829948,1.0,辽宁对外经贸学院,2020-06-09 20:22:46,4,E,781,61,0.0416666666666666,0.0,0.0036697247706422,0.0036697247706422,0.0,0.0,0.0608046001042981
U_6240951,C_756642,2.0,广州中医药大学,2020-05-11 17:24:12,1,B,423,149,0.0138888888888888,0.0,0.0091743119266055,0.0091743119266055,0.0144092219020172,0.0053030303030303,0.1144830192433562
U_29486423,C_948488,1.0,中国医科大学,2020-04-20 17:39:01,2,C,69,172,0.1388888888888889,0.0,0.1889908256880734,0.1889908256880734,0.1613832853025936,0.0666666666666666,0.0781577596903975
U_30116107,C_681031,1.0,辽宁对外经贸学院,2020-05-22 10:56:28,4,E,781,101,0.0416666666666666,0.0,0.0311926605504587,0.0311926605504587,0.0259365994236311,0.009090909090909,0.0617592977212796
U_28975090,C_948436,2.0,辽宁对外经贸学院,2020-05-18 00:12:19,4,E,781,171,0.0416666666666666,0.0,0.0036697247706422,0.0036697247706422,0.0057636887608069,0.0,0.0603291703282986
U_6758547,C_1824911,0.0,重庆三峡医药高等专科学校,2020-06-10 22:18:12,4,E,822,57,0.0416666666666666,0.0,0.0568807339449541,0.0568807339449541,0.0489913544668587,0.028030303030303,0.0582769446012198
U_29138797,C_677087,2.0,中国医科大学,2020-04-07 10:57:22,2,C,69,92,0.1805555555555555,0.0,0.146788990825688,0.1596330275229358,0.1556195965417867,0.0727272727272727,0.0753989833425768
U_30956624,C_735197,2.0,辽宁对外经贸学院,2020-09-28 20:21:49,4,E,781,141,0.0416666666666666,0.0,0.0165137614678899,0.0165137614678899,0.0172910662824207,0.0045454545454545,0.0613908088165516
U_32994676,C_735164,2.0,昆明理工大学,2020-09-17 08:28:06,0,A,476,138,0.0972222222222222,0.0,0.0091743119266055,0.0128440366972477,0.0115273775216138,0.0053030303030303,0.0828928914874793
U_18575602,C_1776290,0.0,河北农业大学,2020-06-29 16:08:33,0,A,545,48,0.0833333333333333,0.0,0.0220183486238532,0.0220183486238532,0.0345821325648414,0.0227272727272727,0.0714661701544434
U_1683649,C_735164,0.0,昆明理工大学,2020-11-24 20:45:06,4,E,476,138,0.0416666666666666,0.0,0.055045871559633,0.0605504587155963,0.0835734870317002,0.0386363636363636,0.0622726030082304
U_13754245,C_697076,0.0,长沙理工大学,2020-09-10 19:34:24,0,A,862,121,0.1111111111111111,0.0,0.1926605504587156,0.2770642201834862,0.2103746397694524,0.0621212121212121,0.068427730106448
U_1567258,C_1992929,2.0,北京体育大学,2020-09-02 09:34:49,4,E,159,81,0.0416666666666666,0.0,0.0330275229357798,0.0330275229357798,0.0461095100864553,0.0121212121212121,0.0626375906072259
U_7970207,C_1918363,0.0,郑州澍青医学高等专科学校,2020-11-09 13:59:13,0,A,809,76,0.1111111111111111,0.0,0.1834862385321101,0.2715596330275229,0.2103746397694524,0.075,0.0704824121951157
U_30001407,C_1774985,1.0,辽宁对外经贸学院,2020-09-15 23:06:41,4,E,781,46,0.0277777777777777,0.0,0.0018348623853211,0.0018348623853211,0.0,0.0,0.0611571226586982
U_4537166,C_735197,0.0,华南理工大学,2020-09-14 14:31:28,4,E,211,141,0.0416666666666666,0.0,0.0091743119266055,0.0091743119266055,0.0115273775216138,0.003030303030303,0.0616599685995286
U_13367236,C_696575,1.0,辽宁对外经贸学院,2020-08-23 19:50:53,4,E,781,116,0.0416666666666666,0.0,0.0715596330275229,0.0715596330275229,0.0489913544668587,0.0295454545454545,0.0358779859214524
U_31084809,C_682392,0.0,中国医科大学,2020-08-26 14:25:45,2,C,69,108,0.125,0.0,0.4495412844036697,0.4495412844036697,0.2910662824207493,0.1007575757575757,0.0730683815242208
U_30251828,C_766175,2.0,昆明理工大学,2020-05-28 11:56:44,0,A,476,151,0.0555555555555555,0.0,0.1834862385321101,0.1834862385321101,0.2737752161383285,0.0742424242424242,0.0671438206084513
U_5832616,C_697766,0.0,武汉职业技术学院,2020-07-09 10:50:58,0,A,511,128,0.0972222222222222,0.0,0.1045871559633027,0.1045871559633027,0.1585014409221901,0.0439393939393939,0.0679360467442898
U_28291497,C_735283,0.0,辽宁对外经贸学院,2020-03-04 14:55:29,4,E,781,143,0.0138888888888888,0.0,0.073394495412844,0.073394495412844,0.0374639769452449,0.0303030303030303,0.066005262345604
U_5442526,C_2141845,0.0,宝鸡文理学院,2020-09-11 14:08:02,1,B,356,86,0.2222222222222222,0.0,0.055045871559633,0.055045871559633,0.0720461095100864,0.0189393939393939,0.1139075967317893
U_34193188,C_2027893,2.0,辽宁对外经贸学院,2020-10-02 17:39:55,4,E,781,84,0.0416666666666666,0.0,0.0348623853211009,0.0348623853211009,0.0432276657060518,0.0136363636363636,0.0610081364045845
U_31060198,C_735115,2.0,昆明理工大学,2020-07-25 13:54:00,0,A,476,136,0.125,0.0,0.5211009174311927,0.5211009174311927,0.6224783861671469,0.2106060606060606,0.0736095090680394
U_32105597,C_1992917,1.0,辽宁对外经贸学院,2020-09-07 10:30:05,4,E,781,80,0.0416666666666666,0.0,0.0697247706422018,0.0697247706422018,0.0374639769452449,0.0462121212121212,0.0613428998608843
U_30192620,C_674920,0.0,辽宁对外经贸学院,2020-05-26 18:17:10,4,E,781,87,0.0555555555555555,0.0,0.146788990825688,0.146788990825688,0.1239193083573487,0.0325757575757575,0.0650600732250956
U_26411357,C_747056,1.0,辽宁对外经贸学院,2020-06-30 10:25:11,4,E,781,147,0.0416666666666666,0.0,0.0642201834862385,0.0642201834862385,0.0259365994236311,0.0242424242424242,0.0637223763415807
U_14913941,C_674920,0.0,西昌民族幼儿师范高等专科学校,2020-07-18 15:50:18,4,E,751,87,0.0694444444444444,0.0,0.2201834862385321,0.2201834862385321,0.3342939481268011,0.0901515151515151,0.0638887898868866
U_30152568,C_756642,2.0,辽宁对外经贸学院,2020-05-24 17:22:36,4,E,781,149,0.0416666666666666,0.0,0.0605504587155963,0.0605504587155963,0.0518731988472622,0.0333333333333333,0.0625831841789686
U_33896357,C_697076,2.0,辽宁对外经贸学院,2020-12-06 23:37:54,4,E,781,121,0.0416666666666666,0.0,0.0091743119266055,0.0091743119266055,0.0115273775216138,0.0037878787878787,0.0606804746065881
U_17187877,C_1844112,2.0,内蒙古大学,2020-08-19 08:06:57,0,A,145,63,0.1666666666666666,0.0,0.3669724770642202,0.3688073394495413,0.547550432276657,0.568939393939394,0.1050154291144076
U_5076490,C_1864065,1.0,湖北理工学院,2020-06-20 19:39:24,3,D,631,67,0.1388888888888889,0.0,0.1651376146788991,0.2018348623853211,0.0979827089337175,0.1121212121212121,0.0813103314101221
U_33504057,C_2027893,0.0,辽宁对外经贸学院,2020-09-24 11:31:43,4,E,781,84,0.0416666666666666,0.0,0.0110091743119266,0.0110091743119266,0.0086455331412103,0.003030303030303,0.061455699352639
U_20122580,C_674920,2.0,西安美术学院,2020-06-29 16:35:36,4,E,727,87,0.0694444444444444,0.0,0.2201834862385321,0.2201834862385321,0.3429394812680115,0.0924242424242424,0.0647263547129395
U_22868172,C_801420,0.0,南京邮电大学,2020-09-08 15:51:58,4,E,228,155,0.0416666666666666,0.0,0.0128440366972477,0.0128440366972477,0.0144092219020172,0.0037878787878787,0.0615488132852891
U_21277569,C_786631,1.0,北华航天工业学院,2020-04-12 08:42:41,2,C,186,154,0.1111111111111111,0.0,0.2165137614678899,0.2165137614678899,0.1585014409221901,0.0621212121212121,0.0830136398877135
U_5851487,C_681411,0.0,辽宁对外经贸学院,2020-06-05 22:33:46,4,E,781,103,0.0555555555555555,0.0,0.1577981651376147,0.1577981651376147,0.2334293948126801,0.0613636363636363,0.0649445895640241
U_5647317,C_1824911,2.0,重庆三峡医药高等专科学校,2020-07-01 16:26:00,4,E,822,57,0.0277777777777777,0.0,0.0073394495412844,0.0073394495412844,0.0028818443804034,0.0007575757575757,0.0610556788869503
U_30184997,C_948113,2.0,辽宁对外经贸学院,2020-05-26 10:32:13,4,E,781,166,0.0416666666666666,0.0,0.0036697247706422,0.0036697247706422,0.0028818443804034,0.0007575757575757,0.0611156269858083
U_29934409,C_697062,2.0,昆明理工大学,2020-05-12 08:30:41,0,A,476,120,0.1111111111111111,0.0,0.1889908256880734,0.1889908256880734,0.2795389048991354,0.0803030303030303,0.0670343688998299
U_6159295,C_735197,0.0,华南理工大学,2020-10-04 22:06:09,4,E,211,141,0.0416666666666666,0.0,0.0678899082568807,0.0678899082568807,0.0605187319884726,0.0295454545454545,0.0614950704708481
U_30012742,C_747056,2.0,辽宁对外经贸学院,2020-05-16 14:48:51,4,E,781,147,0.0416666666666666,0.0,0.0403669724770642,0.0403669724770642,0.0461095100864553,0.0121212121212121,0.0623764833321996
U_29470562,C_735283,1.0,辽宁对外经贸学院,2020-04-20 12:15:26,4,E,781,143,0.0416666666666666,0.0,0.073394495412844,0.073394495412844,0.0518731988472622,0.034090909090909,0.0632440444932202
U_14912994,C_674920,2.0,西昌民族幼儿师范高等专科学校,2020-06-04 11:47:49,4,E,751,87,0.0694444444444444,0.0,0.146788990825688,0.146788990825688,0.2305475504322766,0.0628787878787878,0.0621501167356938
U_6075044,C_1829948,0.0,北方民族大学,2020-06-18 10:37:27,1,B,190,61,0.8472222222222222,0.0,0.4770642201834862,0.4770642201834862,0.4351585014409221,0.1143939393939394,0.1072093661053297
U_7968128,C_735197,0.0,华南理工大学,2020-09-11 16:42:35,3,D,211,141,0.1388888888888889,0.0,0.1577981651376147,0.2275229357798165,0.0893371757925072,0.1522727272727272,0.0875137240326248
U_33218430,C_697076,2.0,辽宁对外经贸学院,2020-10-06 18:07:02,0,A,781,121,0.1111111111111111,0.0,0.055045871559633,0.055045871559633,0.0749279538904899,0.0234848484848484,0.0651174758202104
U_13141659,C_801420,2.0,19570202,2020-09-01 09:59:03,4,E,4,155,0.0277777777777777,0.0,0.0018348623853211,0.0018348623853211,0.0028818443804034,0.0007575757575757,0.0612276638169084
U_29023398,C_707079,1.0,辽宁对外经贸学院,2020-07-22 11:29:11,4,E,781,132,0.0416666666666666,0.0,0.1155963302752293,0.1155963302752293,0.1095100864553314,0.0333333333333333,0.06443955964041
U_10407984,C_676646,0.0,天津商业大学,2020-08-17 16:30:57,4,E,316,90,0.0277777777777777,0.0,0.018348623853211,0.018348623853211,0.0288184438040345,0.0075757575757575,0.0607431663028661
U_5242335,C_1992929,1.0,三亚学院,2020-10-30 08:42:23,4,E,34,81,0.0416666666666666,0.0,0.0330275229357798,0.0330275229357798,0.0432276657060518,0.0113636363636363,0.0600332431372814
U_19911793,C_948395,0.0,西安美术学院,2020-03-15 22:02:25,1,B,727,170,0.0277777777777777,0.0,0.0256880733944954,0.0422018348623853,0.0403458213256484,0.0219696969696969,0.1118945985050042
U_32881337,C_735164,1.0,昆明理工大学,2020-09-16 10:01:26,0,A,476,138,0.1111111111111111,0.0,0.1853211009174312,0.273394495412844,0.2103746397694524,0.0575757575757575,0.0243391745079754
U_17592329,C_1808023,0.0,蒙城县第六中学。,2020-07-09 23:46:03,2,C,698,54,0.1527777777777777,0.0,0.1504587155963302,0.1504587155963302,0.0864553314121037,0.0227272727272727,0.0786572677527784
U_13650741,C_1829948,0.0,北方民族大学,2020-06-18 16:37:56,4,E,190,61,0.0416666666666666,0.0,0.0073394495412844,0.0073394495412844,0.0057636887608069,0.0015151515151515,0.0607736776813927
U_32725561,C_735164,1.0,昆明理工大学,2020-09-17 08:34:22,0,A,476,138,0.0972222222222222,0.0,0.0091743119266055,0.0128440366972477,0.0144092219020172,0.006060606060606,0.0585470304721345
U_30183623,C_1714448,0.0,辽宁对外经贸学院,2020-05-26 09:31:35,4,E,781,8,0.0277777777777777,0.0,0.0146788990825688,0.0146788990825688,0.0144092219020172,0.0037878787878787,0.0621649886184588
U_9751483,C_756642,0.0,辽宁对外经贸学院,2020-05-07 21:13:56,4,E,781,149,0.0416666666666666,0.0,0.0660550458715596,0.0660550458715596,0.0547550432276657,0.0318181818181818,0.0631791787188424
U_29974868,C_756642,2.0,辽宁对外经贸学院,2020-05-14 11:33:06,4,E,781,149,0.0416666666666666,0.0,0.0660550458715596,0.0660550458715596,0.0547550432276657,0.0318181818181818,0.0631064189114552
U_33220210,C_697076,1.0,辽宁对外经贸学院,2020-09-21 11:44:42,0,A,781,121,0.125,0.0,0.1761467889908257,0.273394495412844,0.2219020172910662,0.0674242424242424,0.0683596007387496
U_5235968,C_674920,2.0,西昌幼儿师范,2020-06-04 12:29:15,4,E,740,87,0.0833333333333333,0.0,0.0660550458715596,0.0678899082568807,0.031700288184438,0.0287878787878787,0.0653417426237451
U_29796594,C_948395,1.0,西安美术学院,2020-05-28 16:14:35,3,D,727,170,0.1805555555555555,0.0,0.0385321100917431,0.0385321100917431,0.0432276657060518,0.0257575757575757,0.0795018995707413
U_33329612,C_697076,2.0,辽宁对外经贸学院,2020-09-26 11:08:56,4,E,781,121,0.0555555555555555,0.0,0.1871559633027523,0.1871559633027523,0.2276657060518732,0.0689393939393939,0.064325353683552
U_12205158,C_674920,0.0,西昌民族幼儿师范高等专科学校,2020-06-29 15:16:47,4,E,751,87,0.0416666666666666,0.0,0.018348623853211,0.018348623853211,0.0057636887608069,0.0015151515151515,0.062192048214672
U_30593501,C_1829948,0.0,广州中医药大学,2020-06-18 08:50:34,1,B,423,61,0.736111111111111,0.0,0.4770642201834862,0.4770642201834862,0.2536023054755043,0.0666666666666666,0.1089525409353216
U_33384362,C_735164,2.0,昆明理工大学,2020-11-24 15:11:36,4,E,476,138,0.0555555555555555,0.0,0.1192660550458715,0.1247706422018348,0.1815561959654178,0.0734848484848484,0.0627989577161223
U_12609936,C_682392,0.0,昆明理工大学,2020-11-26 07:57:19,0,A,476,108,0.0972222222222222,0.0,0.1321100917431192,0.2587155963302752,0.132564841498559,0.0204545454545454,0.0618237574036205
U_12205122,C_674920,0.0,西昌民族幼专,2020-06-04 09:16:26,4,E,745,87,0.0138888888888888,0.0,0.1834862385321101,0.1834862385321101,0.1037463976945244,0.0272727272727272,0.0747103701042442
U_30261902,C_766175,2.0,中国医科大学,2020-05-28 20:32:26,2,C,69,151,0.0416666666666666,0.0,0.1834862385321101,0.1834862385321101,0.2593659942363112,0.0696969696969697,0.0760897409449578
U_21093273,C_948120,2.0,中国农业大学,2020-09-23 10:00:15,1,B,67,167,0.1805555555555555,0.0,0.1266055045871559,0.1266055045871559,0.1556195965417867,0.0227272727272727,0.0973945771895376
U_5152320,C_735197,0.0,华南理工大学,2020-10-11 10:25:47,4,E,211,141,0.0,0.0,0.0,0.0,0.0,0.0272727272727272,0.0326537677424318
U_33555180,C_697076,2.0,辽宁对外经贸学院,2020-11-19 21:41:50,4,E,781,121,0.0277777777777777,0.0,0.0091743119266055,0.0091743119266055,0.0115273775216138,0.003030303030303,0.0598553649204467
U_16081212,C_1808487,1.0,辽宁对外经贸学院,2020-08-31 11:48:10,4,E,781,55,0.0138888888888888,0.0,0.0073394495412844,0.0073394495412844,0.0057636887608069,0.0022727272727272,0.0607852067333664
U_33366221,C_697076,2.0,辽宁对外经贸学院,2020-10-02 07:08:12,4,E,781,121,0.0416666666666666,0.0,0.0788990825688073,0.0788990825688073,0.0547550432276657,0.0462121212121212,0.0609336581345534
U_6074397,C_1829948,0.0,北方民族大学,2020-06-17 11:52:14,4,E,190,61,0.1388888888888889,0.0,0.055045871559633,0.055045871559633,0.0720461095100864,0.0189393939393939,0.0628784477561694
U_32106024,C_1992917,0.0,辽宁对外经贸学院,2020-09-07 10:34:30,4,E,781,80,0.0416666666666666,0.0,0.0293577981651376,0.0293577981651376,0.0403458213256484,0.0121212121212121,0.0613754268425695
U_32387367,C_696575,1.0,辽宁对外经贸学院,2020-10-30 12:54:00,4,E,781,116,0.0416666666666666,0.0,0.0752293577981651,0.0752293577981651,0.0576368876080691,0.031060606060606,0.0625051006040247
U_33220398,C_697076,0.0,辽宁对外经贸学院,2020-11-20 15:24:17,4,E,781,121,0.0416666666666666,0.0,0.073394495412844,0.073394495412844,0.100864553314121,0.0303030303030303,0.0632267707246273
U_4959331,C_1017355,2.0,广州中医药大学,2020-05-05 16:17:35,0,A,423,0,0.0972222222222222,0.0,0.0825688073394495,0.0825688073394495,0.0979827089337175,0.034090909090909,0.0679496953986023
U_31062973,C_801420,1.0,辽宁对外经贸学院,2020-07-26 02:15:17,4,E,781,155,0.0277777777777777,0.0,0.0091743119266055,0.0091743119266055,0.0057636887608069,0.0015151515151515,0.0615133594695332
U_6758525,C_1824911,2.0,重庆三峡医药高等专科学校,2020-06-30 13:10:51,0,A,822,57,0.1111111111111111,0.0,0.2128440366972477,0.2862385321100917,0.2161383285302593,0.0704545454545454,0.0745513900241498
U_1837951,C_735164,0.0,昆明理工大学,2020-12-04 15:18:08,4,E,476,138,0.0555555555555555,0.0,0.1522935779816513,0.1669724770642202,0.2363112391930835,0.103030303030303,0.0646488010385804
U_33343354,C_697076,2.0,辽宁对外经贸学院,2020-12-07 07:23:20,4,E,781,121,0.0555555555555555,0.0,0.181651376146789,0.181651376146789,0.2564841498559078,0.0803030303030303,0.0648217170088182
U_33345145,C_697076,2.0,辽宁对外经贸学院,2020-10-15 12:21:25,4,E,781,121,0.0416666666666666,0.0,0.0844036697247706,0.0844036697247706,0.0749279538904899,0.0325757575757575,0.0608396973514362
U_20233243,C_948120,1.0,昆明理工大学,2020-10-04 09:56:47,0,A,476,167,0.0138888888888888,0.0,0.0532110091743119,0.0532110091743119,0.0662824207492795,0.0174242424242424,0.0701246946340488
U_26325277,C_735197,2.0,华南理工大学,2020-09-10 18:10:49,4,E,211,141,0.0277777777777777,0.0,0.0091743119266055,0.0091743119266055,0.0057636887608069,0.0015151515151515,0.0604375671880925
U_11012749,C_697107,1.0,贵州大学,2020-05-07 21:42:35,4,E,763,122,0.0416666666666666,0.0,0.0422018348623853,0.0422018348623853,0.0547550432276657,0.0143939393939393,0.0614145552960249
U_28297082,C_948078,1.0,辽宁工程技术大学,2020-07-21 17:01:05,4,E,785,164,0.1111111111111111,0.0,0.0128440366972477,0.0128440366972477,0.0,0.0,0.0618293337406147
U_21226114,C_948120,2.0,昆明理工大学,2020-09-28 17:48:31,0,A,476,167,0.0138888888888888,0.0,0.0385321100917431,0.0385321100917431,0.0374639769452449,0.0098484848484848,0.0023329614955571
U_30076070,C_948136,0.0,华南理工大学,2020-05-19 19:36:57,3,D,211,168,0.1388888888888889,0.0,0.0899082568807339,0.0899082568807339,0.0374639769452449,0.0113636363636363,0.0812538499506032
U_12225720,C_735385,1.0,西安科技大学,2020-09-05 18:59:52,4,E,726,146,0.0416666666666666,0.0,0.0311926605504587,0.0311926605504587,0.0345821325648414,0.009090909090909,0.0618672290609337
U_33782785,C_1912004,1.0,辽宁对外经贸学院,2020-11-13 19:32:35,4,E,781,74,0.0277777777777777,0.0,0.0055045871559633,0.0055045871559633,0.0057636887608069,0.0015151515151515,0.0618303786847583
U_34268579,C_697076,2.0,辽宁对外经贸学院,2020-11-21 22:57:43,4,E,781,121,0.0555555555555555,0.0,0.128440366972477,0.128440366972477,0.1469740634005763,0.0454545454545454,0.0639556167886619
U_31162820,C_735197,0.0,辽宁对外经贸学院,2020-10-30 16:40:52,4,E,781,141,0.0416666666666666,0.0,0.0605504587155963,0.0605504587155963,0.0691642651296829,0.0189393939393939,0.0625851106399728
U_5257619,C_674920,0.0,辽宁对外经贸学院,2020-07-20 08:14:23,4,E,781,87,0.0555555555555555,0.0,0.2201834862385321,0.2201834862385321,0.340057636887608,0.0916666666666666,0.0655152479226705
U_31034838,C_676635,2.0,辽宁对外经贸学院,2020-07-21 18:26:01,4,E,781,89,0.0416666666666666,0.0,0.0091743119266055,0.0091743119266055,0.0057636887608069,0.0015151515151515,0.0618661197363452
U_19142991,C_735385,1.0,辽宁工程技术大学,2020-08-15 14:49:00,4,E,785,146,0.0416666666666666,0.0,0.1229357798165137,0.1229357798165137,0.1181556195965417,0.031060606060606,0.0647614668171034
U_31069623,C_682392,1.0,中国医科大学,2020-08-06 15:50:49,2,C,69,108,0.125,0.0,0.4495412844036697,0.4495412844036697,0.2939481268011527,0.1045454545454545,0.0730200565718327
U_33343304,C_697076,2.0,辽宁对外经贸学院,2020-11-17 22:25:52,4,E,781,121,0.0555555555555555,0.0,0.1834862385321101,0.1834862385321101,0.2622478386167147,0.0818181818181818,0.0648291158076363
U_5293090,C_735164,0.0,天津科技大学,2020-11-01 12:58:23,4,E,325,138,0.0416666666666666,0.0,0.0678899082568807,0.0678899082568807,0.0461095100864553,0.0356060606060606,0.0637814033048429
U_30144974,C_674920,0.0,辽宁对外经贸学院,2020-05-23 21:36:25,4,E,781,87,0.0416666666666666,0.0,0.036697247706422,0.036697247706422,0.0403458213256484,0.0106060606060606,0.061521179217414
U_33200200,C_697076,2.0,辽宁对外经贸学院,2020-11-23 08:59:29,4,E,781,121,0.0416666666666666,0.0,0.018348623853211,0.018348623853211,0.0115273775216138,0.003030303030303,0.0610611611294481
U_16386012,C_1776290,2.0,兰州财经大学,2020-06-29 11:40:58,4,E,138,48,0.0416666666666666,0.0,0.0091743119266055,0.0091743119266055,0.0115273775216138,0.006060606060606,0.0613417509175605
U_29822221,C_1017355,0.0,华南理工大学,2020-05-07 21:49:09,3,D,211,0,0.1388888888888889,0.0,0.0752293577981651,0.0752293577981651,0.0518731988472622,0.0166666666666666,0.080843657374625
U_28681969,C_1760297,1.0,辽宁对外经贸学院,2020-10-21 22:13:20,4,E,781,29,0.0416666666666666,0.0,0.0055045871559633,0.0055045871559633,0.0028818443804034,0.0007575757575757,0.0615303410499532
U_29433873,C_948488,2.0,华南理工大学,2020-04-17 08:49:28,3,D,211,172,0.1666666666666666,0.0,0.1798165137614679,0.2238532110091743,0.1066282420749279,0.1454545454545454,0.0839323884547478
U_34124615,C_2027893,0.0,辽宁对外经贸学院,2020-09-30 11:43:18,4,E,781,84,0.0277777777777777,0.0,0.0036697247706422,0.0036697247706422,0.0028818443804034,0.0007575757575757,0.0612256184996983
U_5314095,C_1750793,2.0,中国医科大学,2020-05-20 20:53:49,2,C,69,17,0.0833333333333333,0.0,0.036697247706422,0.036697247706422,0.0432276657060518,0.0227272727272727,0.076514523120212
U_32495773,C_1992917,2.0,辽宁对外经贸学院,2020-09-12 08:47:47,4,E,781,80,0.0416666666666666,0.0,0.073394495412844,0.073394495412844,0.0489913544668587,0.031060606060606,0.0619383199290962
U_30673662,C_697076,0.0,辽宁对外经贸学院,2020-11-12 10:21:10,4,E,781,121,0.0416666666666666,0.0,0.0844036697247706,0.0844036697247706,0.0662824207492795,0.031060606060606,0.0620670956758626
U_2331391,C_735164,0.0,四川理工学院,2020-09-17 22:44:33,0,A,291,138,0.0138888888888888,0.0,0.0990825688073394,0.1229357798165137,0.1268011527377521,0.0598484848484848,0.0661653267684732
U_10547263,C_735164,0.0,南通理工学院,2020-10-27 15:01:03,0,A,237,138,0.0972222222222222,0.0,0.055045871559633,0.055045871559633,0.0864553314121037,0.0401515151515151,0.0694409941188939
U_29902689,C_674920,2.0,辽宁对外经贸学院,2020-05-11 03:42:51,4,E,781,87,0.0416666666666666,0.0,0.0201834862385321,0.0201834862385321,0.0172910662824207,0.0045454545454545,0.0611144879471683
U_33066961,C_735164,1.0,昆明理工大学,2020-12-06 23:22:19,0,A,476,138,0.125,0.0,0.2862385321100917,0.2880733944954128,0.4495677233429394,0.1636363636363636,0.0691268423096365
U_4517000,C_735197,0.0,华南理工大学,2020-10-22 21:20:49,4,E,211,141,0.4166666666666666,0.0,0.0770642201834862,0.0770642201834862,0.0979827089337175,0.031060606060606,0.1034734777089664
U_3047828,C_1918363,0.0,哈尔滨师范大学,2020-08-26 21:09:43,4,E,275,76,0.0416666666666666,0.0,0.0165137614678899,0.0165137614678899,0.0144092219020172,0.0083333333333333,0.0615708264450928
U_4681921,C_682392,2.0,陕西工业职业技术学院,2020-08-20 16:28:45,3,D,876,108,0.1805555555555555,0.0,0.4495412844036697,0.4495412844036697,0.2593659942363112,0.0856060606060606,0.0876780328326176
U_6902658,C_756642,2.0,辽宁对外经贸学院,2020-05-11 18:24:03,4,E,781,149,0.0138888888888888,0.0,0.0091743119266055,0.0091743119266055,0.0144092219020172,0.0053030303030303,0.0604054661078118
U_33224407,C_697076,2.0,辽宁对外经贸学院,2020-11-27 21:00:28,4,E,781,121,0.0416666666666666,0.0,0.0458715596330275,0.0458715596330275,0.0461095100864553,0.0151515151515151,0.0638717587830474
U_30203493,C_786631,1.0,华南理工大学,2020-05-27 14:02:29,3,D,211,154,0.1388888888888889,0.0,0.0642201834862385,0.0642201834862385,0.0345821325648414,0.009090909090909,0.0844668253846419
U_6987711,C_756642,2.0,广州中医药大学,2020-05-11 18:20:38,1,B,423,149,0.2222222222222222,0.0,0.0293577981651376,0.0293577981651376,0.0461095100864553,0.0265151515151515,0.1177160764238524
U_4738970,C_735197,1.0,华南理工大学,2020-09-16 19:36:09,4,E,211,141,0.0277777777777777,0.0,0.0091743119266055,0.0091743119266055,0.0086455331412103,0.0022727272727272,0.0632282613795431
U_4390419,C_1829948,0.0,北方民族大学,2020-06-12 09:49:10,4,E,190,61,0.3194444444444444,0.0,0.0422018348623853,0.0422018348623853,0.0345821325648414,0.009090909090909,0.0645125769695768
U_30536949,C_1829948,1.0,辽宁对外经贸学院,2020-06-15 14:23:11,4,E,781,61,0.0138888888888888,0.0,0.0311926605504587,0.0311926605504587,0.0403458213256484,0.0106060606060606,0.0611951368352232
U_15201742,C_735197,0.0,辽宁石油化工大学,2020-09-10 22:00:14,4,E,790,141,0.0416666666666666,0.0,0.0954128440366972,0.0954128440366972,0.0749279538904899,0.0363636363636363,0.0599890831044422
U_28785938,C_1714448,1.0,中国医科大学,2020-05-13 08:32:52,2,C,69,8,0.0833333333333333,0.0,0.1449541284403669,0.1449541284403669,0.0835734870317002,0.0219696969696969,0.0764030062850128
U_30685073,C_682575,2.0,中国医科大学,2020-06-25 17:14:40,2,C,69,113,0.125,0.0,0.0477064220183486,0.0477064220183486,0.063400576368876,0.0166666666666666,0.0776893671922565
U_31877312,C_697076,2.0,辽宁对外经贸学院,2020-09-03 15:26:17,4,E,781,121,0.0416666666666666,0.0,0.0275229357798165,0.0275229357798165,0.0288184438040345,0.0075757575757575,0.0612341910035499
U_12918091,C_1829948,0.0,北方民族大学,2020-06-21 10:42:04,4,E,190,61,0.0416666666666666,0.0,0.0036697247706422,0.0036697247706422,0.0,0.0,0.061040821861211
U_19586854,C_1766171,2.0,辽宁对外经贸学院,2020-05-12 16:40:48,4,E,781,34,0.0833333333333333,0.0,0.0146788990825688,0.0146788990825688,0.0172910662824207,0.0045454545454545,0.0617664043319249
U_33344025,C_697076,0.0,辽宁对外经贸学院,2020-11-16 18:00:48,4,E,781,121,0.0416666666666666,0.0,0.0825688073394495,0.0825688073394495,0.0835734870317002,0.0234848484848484,0.0619795234138132
U_3850242,C_735164,0.0,西南林业大学,2020-09-20 15:51:10,0,A,711,138,0.0972222222222222,0.0,0.0091743119266055,0.0091743119266055,0.0144092219020172,0.006060606060606,0.065027397673153
U_30561770,C_1829948,1.0,辽宁对外经贸学院,2020-06-16 16:02:10,4,E,781,61,0.0138888888888888,0.0,0.0073394495412844,0.0073394495412844,0.0057636887608069,0.0015151515151515,0.0606228144896939
U_31030319,C_697076,1.0,辽宁对外经贸学院,2020-07-20 22:58:20,4,E,781,121,0.0416666666666666,0.0,0.0091743119266055,0.0091743119266055,0.0144092219020172,0.0045454545454545,0.060646461922329
U_30124007,C_735197,0.0,中国医科大学,2020-11-09 20:14:49,2,C,69,141,0.125,0.0,0.1064220183486238,0.1064220183486238,0.1671469740634005,0.0742424242424242,0.0729101740094649
U_10152648,C_1714448,1.0,中国医科大学,2020-05-17 12:34:39,4,E,69,8,0.0138888888888888,0.0,0.1449541284403669,0.1449541284403669,0.0979827089337175,0.0257575757575757,0.0652200437735726
U_29747725,C_735050,2.0,辽宁对外经贸学院,2020-04-30 20:13:59,4,E,781,135,0.0416666666666666,0.0,0.0715596330275229,0.0715596330275229,0.0547550432276657,0.034090909090909,0.0631212561278268
U_985687,C_735164,0.0,昆明理工大学,2020-10-19 22:51:38,0,A,476,138,0.0833333333333333,0.0,0.1229357798165137,0.2256880733944954,0.1930835734870317,0.0553030303030303,0.0601108012462976
U_11847180,C_735385,0.0,宁夏大学,2020-06-19 08:43:50,4,E,334,146,0.0416666666666666,0.0,0.0440366972477064,0.0440366972477064,0.0432276657060518,0.0113636363636363,0.0623928112034871
U_12390552,C_948387,2.0,深圳信息职业技术学院,2020-10-27 13:44:53,4,E,610,169,0.0416666666666666,0.0,0.073394495412844,0.073394495412844,0.0806916426512968,0.0212121212121212,0.0631152192230347
U_26383513,C_1829948,0.0,北方民族大学,2020-06-12 10:31:06,3,D,190,61,0.4166666666666666,0.0,0.1155963302752293,0.1155963302752293,0.1412103746397694,0.0371212121212121,0.0671807056510201
U_11286391,C_697766,0.0,武汉职业技术学院,2020-07-13 19:42:27,3,D,511,128,0.1388888888888889,0.0,0.1045871559633027,0.1045871559633027,0.1037463976945244,0.0287878787878787,0.0815743853285866
U_5235958,C_674920,2.0,辽宁对外经贸学院,2020-06-04 12:38:18,4,E,781,87,0.0416666666666666,0.0,0.0697247706422018,0.0697247706422018,0.0,0.0181818181818181,0.0644238161454683
U_31173822,C_1912004,1.0,辽宁对外经贸学院,2020-08-11 20:33:23,4,E,781,74,0.0277777777777777,0.0,0.0055045871559633,0.0055045871559633,0.0028818443804034,0.0007575757575757,0.0618643913690175
U_29995275,C_766175,1.0,昆明理工大学,2020-05-28 17:23:41,0,A,476,151,0.0416666666666666,0.0,0.1834862385321101,0.1834862385321101,0.2853025936599423,0.0772727272727272,0.0668754730095481
U_15415394,C_948488,1.0,合肥工业大学宣城校区,2020-03-06 14:23:50,1,B,249,172,0.0277777777777777,0.0,0.0422018348623853,0.0458715596330275,0.0662824207492795,0.0257575757575757,0.1082644130264964
U_32753728,C_735164,1.0,昆明理工大学,2020-11-25 16:14:49,4,E,476,138,0.0416666666666666,0.0,0.055045871559633,0.0862385321100917,0.0432276657060518,0.0189393939393939,0.0636207691425496
U_11523442,C_1778562,1.0,南开大学,2020-09-21 12:29:13,4,E,231,49,0.0277777777777777,0.0,0.0036697247706422,0.0036697247706422,0.0028818443804034,0.0007575757575757,0.0607677546804646
U_34209193,C_682392,1.0,昆明理工大学,2020-10-04 06:59:33,0,A,476,108,0.0138888888888888,0.0,0.0348623853211009,0.0348623853211009,0.0288184438040345,0.0075757575757575,0.0488782712623339
U_12649609,C_735197,2.0,辽宁石油化工大学,2020-09-15 21:13:30,4,E,790,141,0.0416666666666666,0.0,0.0440366972477064,0.0440366972477064,0.0432276657060518,0.0121212121212121,0.0622997319372304
U_3487720,C_756642,2.0,福建医科大学,2020-04-14 19:22:52,4,E,679,149,0.0416666666666666,0.0,0.0623853211009174,0.0623853211009174,0.0605187319884726,0.0378787878787878,0.0641907292209863
U_12149925,C_948488,0.0,合肥工业大学宣城校区,2020-03-06 14:37:09,0,A,249,172,0.0138888888888888,0.0,0.1871559633027523,0.2568807339449541,0.2046109510086455,0.0515151515151515,0.0662759870686255
U_5442509,C_2141845,0.0,宝鸡文理学院音乐学院舞蹈系,2020-09-11 13:41:38,1,B,357,86,0.2222222222222222,0.0,0.055045871559633,0.055045871559633,0.0662824207492795,0.0174242424242424,0.1139145894385706
U_22291274,C_1732845,0.0,铜仁学院,2020-03-25 21:06:01,2,C,850,13,0.1527777777777777,0.0,0.163302752293578,0.163302752293578,0.1412103746397694,0.0765151515151515,0.0796138571643708
U_12656634,C_735197,0.0,辽宁石油化工大学,2020-12-03 10:16:08,3,D,790,141,0.2083333333333333,0.0,0.3376146788990826,0.3376146788990826,0.5302593659942363,0.1515151515151515,0.0734026546986711
U_34040613,C_735164,1.0,昆明理工大学,2020-11-30 14:22:50,0,A,476,138,0.125,0.0,0.2862385321100917,0.2935779816513761,0.446685878962536,0.1621212121212121,0.0693420859462055
U_31068501,C_735115,1.0,辽宁对外经贸学院,2020-07-27 08:15:01,4,E,781,136,0.0416666666666666,0.0,0.5211009174311927,0.5211009174311927,0.2593659942363112,0.0833333333333333,0.0754833811534598
U_30285724,C_948395,1.0,辽宁对外经贸学院,2020-05-30 14:33:52,4,E,781,170,0.1388888888888889,0.0,0.091743119266055,0.091743119266055,0.0922190201729106,0.0515151515151515,0.0638918256724793
U_33454927,C_697076,0.0,辽宁对外经贸学院,2020-11-23 11:43:45,4,E,781,121,0.0555555555555555,0.0,0.1559633027522936,0.1559633027522936,0.2334293948126801,0.0734848484848484,0.0634923103456658
U_32578310,C_735164,2.0,昆明理工大学,2020-11-11 16:47:32,0,A,476,138,0.0833333333333333,0.0,0.0146788990825688,0.0146788990825688,0.0230547550432276,0.006060606060606,0.0610569516388219
U_7592354,C_1732845,2.0,铜仁学院,2020-03-25 23:15:13,1,B,850,13,0.0694444444444444,0.0,0.0311926605504587,0.0385321100917431,0.0489913544668587,0.025,0.1101093188640671
U_1470923,C_1992945,2.0,北京交通大学,2020-10-26 15:33:43,4,E,157,82,0.0416666666666666,0.0,0.0477064220183486,0.0605504587155963,0.0691642651296829,0.0204545454545454,0.0632315348775477
U_30319095,C_676635,1.0,辽宁对外经贸学院,2020-06-02 11:24:59,4,E,781,89,0.0416666666666666,0.0,0.0678899082568807,0.0678899082568807,0.0518731988472622,0.031060606060606,0.062473682946928
U_4097839,C_786631,1.0,西昌学院北校区,2020-03-01 19:08:27,0,A,738,154,0.0416666666666666,0.0,0.2,0.2770642201834862,0.2074927953890489,0.0575757575757575,0.0719879885171428
U_14254583,C_735164,1.0,大理大学,2020-12-04 15:12:54,4,E,301,138,0.0277777777777777,0.0,0.0091743119266055,0.0091743119266055,0.0028818443804034,0.0015151515151515,0.0611538937317709
U_31067432,C_682392,0.0,中国医科大学,2020-08-01 11:29:51,2,C,69,108,0.125,0.0,0.0568807339449541,0.1577981651376147,0.0893371757925072,0.0659090909090909,0.0555361551592275
U_32134109,C_697076,2.0,华南理工大学,2020-09-07 19:31:58,3,D,211,121,0.1666666666666666,0.0,0.1779816513761468,0.2513761467889908,0.1210374639769452,0.1492424242424242,0.0808927895587448
U_30320385,C_674920,2.0,辽宁对外经贸学院,2020-06-02 13:28:23,4,E,781,87,0.0555555555555555,0.0,0.2201834862385321,0.2201834862385321,0.340057636887608,0.0916666666666666,0.0655152479226705
U_15294354,C_801420,0.0,辽宁对外经贸学院,2020-07-07 00:38:51,4,E,781,155,0.0416666666666666,0.0,0.0055045871559633,0.0055045871559633,0.0028818443804034,0.0007575757575757,0.0617348975326738
U_30279141,C_948395,0.0,昆明理工大学,2020-05-29 21:34:44,0,A,476,170,0.1527777777777777,0.0,0.110091743119266,0.110091743119266,0.1729106628242074,0.1,0.069522826616666
U_30915459,C_682392,0.0,广州中医药大学,2020-07-10 14:27:43,1,B,423,108,0.0277777777777777,0.0,0.4495412844036697,0.4495412844036697,0.446685878962536,0.1522727272727272,0.0959486221118024
U_13535175,C_948120,2.0,中国农业大学,2020-09-28 13:13:17,4,E,67,167,0.0416666666666666,0.0,0.0935779816513761,0.0935779816513761,0.0489913544668587,0.031060606060606,0.063795760144049
U_33343827,C_697076,2.0,辽宁对外经贸学院,2020-11-16 13:33:41,4,E,781,121,0.0416666666666666,0.0,0.0752293577981651,0.0752293577981651,0.0605187319884726,0.0318181818181818,0.0613502491362833
U_33841949,C_735164,2.0,辽宁对外经贸学院,2020-11-23 10:44:51,4,E,781,138,0.0416666666666666,0.0,0.0091743119266055,0.0110091743119266,0.0144092219020172,0.006060606060606,0.0612770188564143
U_20290394,C_823315,1.0,西安石油大学,2020-06-14 00:07:28,4,E,725,158,0.0138888888888888,0.0,0.0330275229357798,0.0330275229357798,0.0374639769452449,0.0106060606060606,0.0651021037509121
U_935519,C_735164,0.0,济南大学泉城学院,2020-09-17 19:54:06,4,E,593,138,0.0416666666666666,0.0,0.0091743119266055,0.0091743119266055,0.0144092219020172,0.006060606060606,0.0613088673672575
U_30557953,C_1829948,1.0,辽宁对外经贸学院,2020-06-16 13:43:50,4,E,781,61,0.0138888888888888,0.0,0.0073394495412844,0.0073394495412844,0.0057636887608069,0.0015151515151515,0.0606228144896939
U_30008436,C_735385,1.0,辽宁对外经贸学院,2020-05-16 09:33:21,4,E,781,146,0.0416666666666666,0.0,0.0091743119266055,0.0091743119266055,0.0144092219020172,0.0037878787878787,0.0613213373641947
U_29142132,C_677087,0.0,华南理工大学,2020-05-19 15:37:08,3,D,211,92,0.1527777777777777,0.0,0.1211009174311926,0.1211009174311926,0.0662824207492795,0.0174242424242424,0.0819101194439014
U_33454510,C_697076,2.0,辽宁对外经贸学院,2020-11-18 11:42:40,4,E,781,121,0.0138888888888888,0.0,0.0605504587155963,0.0605504587155963,0.0951008645533141,0.0318181818181818,0.0608631565950785
U_33329335,C_697076,2.0,辽宁对外经贸学院,2020-11-16 16:56:06,4,E,781,121,0.0416666666666666,0.0,0.0807339449541284,0.0807339449541284,0.0461095100864553,0.0363636363636363,0.0653658654812038
U_13076938,C_801420,1.0,辽宁对外经贸学院,2020-07-15 18:27:57,4,E,781,155,0.0277777777777777,0.0,0.0036697247706422,0.0036697247706422,0.0,0.0,0.0613551222407258
U_32929129,C_735164,2.0,昆明理工大学,2020-11-10 12:30:16,0,A,476,138,0.6388888888888888,0.0,0.2862385321100917,0.2935779816513761,0.446685878962536,0.1621212121212121,0.0746828994636522
U_19922653,C_948395,1.0,昆明理工大学,2020-03-18 13:12:50,0,A,476,170,0.0138888888888888,0.0,0.1908256880733945,0.2697247706422018,0.1959654178674351,0.0643939393939393,0.0697900401292711
U_30628648,C_1864065,0.0,辽宁对外经贸学院,2020-07-05 17:46:59,4,E,781,67,0.0416666666666666,0.0,0.0091743119266055,0.0091743119266055,0.0086455331412103,0.0037878787878787,0.0615654482017752
U_31100109,C_682392,1.0,中国医科大学,2020-07-30 12:28:35,2,C,69,108,0.1666666666666666,0.0,0.1247706422018348,0.1743119266055046,0.0835734870317002,0.0196969696969696,0.0692446981424844
U_12646718,C_674920,0.0,辽宁对外经贸学院,2020-07-09 08:56:53,4,E,781,87,0.0416666666666666,0.0,0.0752293577981651,0.0752293577981651,0.0547550432276657,0.0303030303030303,0.0622095101722576
U_30046528,C_674920,0.0,辽宁对外经贸学院,2020-05-19 06:58:55,4,E,781,87,0.0416666666666666,0.0,0.0752293577981651,0.0752293577981651,0.0662824207492795,0.034090909090909,0.0616629003859411
U_11965991,C_1714448,2.0,中国医科大学,2020-05-13 15:56:03,0,A,69,8,0.0972222222222222,0.0,0.1449541284403669,0.1449541284403669,0.2276657060518732,0.0598484848484848,0.0669080297052848
U_4204688,C_735164,0.0,赣南医学院,2020-10-30 20:43:11,4,E,768,138,0.0416666666666666,0.0,0.0678899082568807,0.0678899082568807,0.0576368876080691,0.0333333333333333,0.063307142281535
U_30444768,C_1774985,1.0,辽宁对外经贸学院,2020-08-24 16:27:03,4,E,781,46,0.0277777777777777,0.0,0.0018348623853211,0.0018348623853211,0.0,0.0,0.0611571226586982
U_8283191,C_936971,1.0,和君集团,2020-07-24 17:22:44,4,E,263,162,0.0416666666666666,0.0,0.0036697247706422,0.0036697247706422,0.0057636887608069,0.0015151515151515,0.0612483497490794
U_5550508,C_735164,0.0,昆明理工大学,2020-09-19 19:42:00,0,A,476,138,0.0138888888888888,0.0,0.0990825688073394,0.1192660550458715,0.1498559077809798,0.0712121212121212,0.0953061891756741
U_30917643,C_735115,1.0,辽宁对外经贸学院,2020-07-09 20:25:26,4,E,781,136,0.0416666666666666,0.0,0.0201834862385321,0.0201834862385321,0.0115273775216138,0.003030303030303,0.0608714765294925
U_33243226,C_2059281,2.0,辽宁对外经贸学院,2020-09-21 12:23:01,4,E,781,85,0.0416666666666666,0.0,0.0018348623853211,0.0018348623853211,0.0,0.0,0.0616412190330456
U_31066427,C_682392,0.0,昆明理工大学,2020-08-08 16:19:33,0,A,476,108,0.0833333333333333,0.0,0.0532110091743119,0.1926605504587156,0.0835734870317002,0.0295454545454545,0.074053585567387
U_9844411,C_735164,0.0,昆明理工大学,2020-09-16 09:04:35,0,A,476,138,0.0277777777777777,0.0,0.0330275229357798,0.0385321100917431,0.0489913544668587,0.0227272727272727,0.0612820305419104
U_30361317,C_674920,0.0,辽宁对外经贸学院,2020-06-05 05:42:47,4,E,781,87,0.0416666666666666,0.0,0.055045871559633,0.055045871559633,0.0720461095100864,0.0189393939393939,0.0624932100310914
U_31061034,C_735115,2.0,昆明理工大学,2020-07-29 17:38:23,0,A,476,136,0.1388888888888889,0.0,0.5211009174311927,0.5211009174311927,0.786743515850144,0.2696969696969697,0.0715956392290775
U_33343309,C_697076,0.0,辽宁对外经贸学院,2020-11-18 15:53:34,4,E,781,121,0.0416666666666666,0.0,0.0935779816513761,0.0935779816513761,0.0518731988472622,0.0212121212121212,0.0622474748253634
U_4238128,C_677087,2.0,北方工业大学,2020-05-31 15:02:01,3,D,189,92,0.1527777777777777,0.0,0.1486238532110091,0.1486238532110091,0.0806916426512968,0.0212121212121212,0.0834689681078876
U_11064806,C_676646,0.0,天津商业大学,2020-08-11 12:14:04,4,E,316,90,0.0416666666666666,0.0,0.018348623853211,0.018348623853211,0.0259365994236311,0.0068181818181818,0.0623309415959668
U_34124196,C_2027893,0.0,辽宁对外经贸学院,2020-09-30 11:32:22,4,E,781,84,0.0416666666666666,0.0,0.0275229357798165,0.0275229357798165,0.031700288184438,0.009090909090909,0.0618623906228846
U_33650703,C_697076,2.0,辽宁对外经贸学院,2020-10-13 10:17:27,4,E,781,121,0.0416666666666666,0.0,0.0844036697247706,0.0844036697247706,0.0749279538904899,0.0333333333333333,0.0621069917423145
U_4677596,C_735197,0.0,华南理工大学,2020-10-15 12:52:26,3,D,211,141,0.1666666666666666,0.0,0.1908256880733945,0.2513761467889908,0.0720461095100864,0.1469696969696969,0.0857345357722409
U_16806650,C_948120,2.0,中国农业大学,2020-10-08 11:45:07,1,B,67,167,0.1666666666666666,0.0,0.1211009174311926,0.1211009174311926,0.1642651296829971,0.05,0.1063081785427192
U_30417430,C_766175,0.0,中国医科大学,2020-06-09 14:44:06,2,C,69,151,0.125,0.0,0.036697247706422,0.036697247706422,0.0288184438040345,0.0075757575757575,0.0734748994624994
U_16025677,C_1907852,0.0,辽宁对外经贸学院,2020-09-21 14:43:57,4,E,781,71,0.0416666666666666,0.0,0.0091743119266055,0.0091743119266055,0.0057636887608069,0.0015151515151515,0.0613447619414436
U_16684493,C_735385,0.0,山西师范大学现代文理学院,2020-05-14 18:54:42,4,E,385,146,0.0277777777777777,0.0,0.0422018348623853,0.0422018348623853,0.0403458213256484,0.0106060606060606,0.0600754866138001
U_8982728,C_1714448,1.0,昆明理工大学,2020-04-08 11:29:03,0,A,476,8,0.1111111111111111,0.0,0.1963302752293578,0.2715596330275229,0.2132564841498559,0.0651515151515151,0.069471307403744
U_32578295,C_735164,1.0,昆明理工大学,2020-11-19 09:58:48,0,A,476,138,0.0972222222222222,0.0,0.1743119266055046,0.2568807339449541,0.1930835734870317,0.0575757575757575,0.064420072174982
U_14909888,C_1765596,0.0,HBPU,2020-06-03 07:36:29,4,E,11,33,0.0416666666666666,0.0,0.0110091743119266,0.0146788990825688,0.0115273775216138,0.0037878787878787,0.0615127255697683
U_33806866,C_682392,0.0,昆明理工大学,2020-09-26 19:30:06,0,A,476,108,0.125,0.0,0.0348623853211009,0.0348623853211009,0.0461095100864553,0.0121212121212121,0.0489133361541716
U_14654924,C_786631,1.0,北华航天工业学院,2020-04-22 11:01:12,0,A,186,154,0.0972222222222222,0.0,0.2091743119266055,0.2770642201834862,0.2219020172910662,0.0742424242424242,0.0734171204893993
U_30559967,C_1829948,0.0,辽宁对外经贸学院,2020-06-16 14:54:52,4,E,781,61,0.0416666666666666,0.0,0.0073394495412844,0.0073394495412844,0.0086455331412103,0.0022727272727272,0.0612033626751408
U_16747807,C_680814,1.0,辽宁对外经贸学院,2020-05-06 07:36:41,4,E,781,96,0.0277777777777777,0.0,0.0036697247706422,0.0036697247706422,0.0057636887608069,0.0015151515151515,0.0612311849320086
U_14654595,C_786631,0.0,北华航天工业学院,2020-05-07 10:02:44,2,C,186,154,0.0972222222222222,0.0,0.0807339449541284,0.0807339449541284,0.1095100864553314,0.0333333333333333,0.0707657406283061
U_30545654,C_1741505,2.0,辽宁对外经贸学院,2020-06-15 21:50:20,4,E,781,16,0.0277777777777777,0.0,0.0073394495412844,0.0073394495412844,0.0028818443804034,0.0007575757575757,0.0613631004635478
U_30940895,C_677087,0.0,辽宁对外经贸学院,2020-07-13 07:29:07,4,E,781,92,0.0416666666666666,0.0,0.036697247706422,0.036697247706422,0.0489913544668587,0.0128787878787878,0.0619759626799777
U_10524748,C_1829948,0.0,北方民族大学,2020-06-18 14:52:59,4,E,190,61,0.0138888888888888,0.0,0.0073394495412844,0.0073394495412844,0.0115273775216138,0.003030303030303,0.0604410486844574
U_31072200,C_682392,0.0,昆明理工大学,2020-07-31 18:05:32,0,A,476,108,0.1111111111111111,0.0,0.128440366972477,0.2605504587155963,0.1440922190201729,0.0265151515151515,0.0586734538564921
U_33189137,C_735164,2.0,昆明理工大学,2020-09-22 13:15:02,4,E,476,138,0.0138888888888888,0.0,0.036697247706422,0.0403669724770642,0.0576368876080691,0.0265151515151515,0.0604621654703749
U_29667826,C_1714448,2.0,中国医科大学,2020-04-26 21:07:07,2,C,69,8,0.1527777777777777,0.0,0.2018348623853211,0.2018348623853211,0.1988472622478386,0.0712121212121212,0.0802978102489632
U_30609363,C_1829948,0.0,辽宁对外经贸学院,2020-06-19 08:52:10,4,E,781,61,0.2916666666666666,0.0,0.4275229357798165,0.4275229357798165,0.3544668587896253,0.0931818181818181,0.0764247322089856
U_26351321,C_1017355,2.0,广州中医药大学,2020-05-07 12:06:22,0,A,423,0,0.0972222222222222,0.0,0.0825688073394495,0.0825688073394495,0.1095100864553314,0.0348484848484848,0.0678243813388333
U_32719350,C_735164,1.0,昆明理工大学,2020-11-30 11:09:42,4,E,476,138,0.0416666666666666,0.0,0.055045871559633,0.0678899082568807,0.0835734870317002,0.0386363636363636,0.0625094685695921
U_16673820,C_770766,0.0,哈尔滨铁道职业技术学院,2020-05-06 23:34:59,4,E,278,152,0.0416666666666666,0.0,0.0055045871559633,0.0055045871559633,0.0057636887608069,0.0015151515151515,0.0612951840465516
U_31066862,C_682392,0.0,昆明理工大学,2020-08-19 19:43:04,0,A,476,108,0.1388888888888889,0.0,0.4440366972477064,0.4440366972477064,0.5936599423631124,0.2075757575757575,0.0639804329739885
U_30494775,C_823315,1.0,辽宁对外经贸学院,2020-06-14 11:34:10,4,E,781,158,0.0416666666666666,0.0,0.0330275229357798,0.0330275229357798,0.0489913544668587,0.0136363636363636,0.0653691241221826
U_33061494,C_735164,2.0,昆明理工大学,2020-10-24 10:52:21,0,A,476,138,0.0138888888888888,0.0,0.0990825688073394,0.0990825688073394,0.1556195965417867,0.0742424242424242,0.0655259202194932
U_6766424,C_1824911,2.0,重庆三峡医药高等专科学校,2020-06-02 10:23:44,4,E,822,57,0.0416666666666666,0.0,0.0495412844036697,0.0495412844036697,0.0461095100864553,0.028030303030303,0.0596459452379674
U_6503694,C_735164,0.0,昆明理工大学,2020-09-16 13:45:52,0,A,476,138,0.0972222222222222,0.0,0.0091743119266055,0.0091743119266055,0.0115273775216138,0.0045454545454545,0.0361584021636567
U_33442642,C_697076,2.0,辽宁对外经贸学院,2020-11-09 15:28:17,4,E,781,121,0.0416666666666666,0.0,0.0935779816513761,0.0935779816513761,0.063400576368876,0.0242424242424242,0.0625129451136151
U_29994660,C_697076,2.0,辽宁农业职业技术学院,2020-09-24 14:10:16,0,A,772,121,0.0833333333333333,0.0,0.0275229357798165,0.0275229357798165,0.031700288184438,0.009090909090909,0.0562603377312766
U_6766536,C_1824911,1.0,重庆三峡医药高等专科学校,2020-06-02 10:22:46,4,E,822,57,0.0416666666666666,0.0,0.0495412844036697,0.0495412844036697,0.0432276657060518,0.0265151515151515,0.0573647776965879
U_15173138,C_676646,2.0,辽宁对外经贸学院,2020-06-02 20:15:57,4,E,781,90,0.0277777777777777,0.0,0.0091743119266055,0.0091743119266055,0.0028818443804034,0.0007575757575757,0.0613658341562839
U_6107188,C_1017355,1.0,广州中医药大学,2020-05-10 11:44:51,0,A,423,0,0.0972222222222222,0.0,0.073394495412844,0.073394495412844,0.0979827089337175,0.031060606060606,0.0675869066394163
U_16868796,C_749807,1.0,辽宁对外经贸学院,2020-05-23 10:34:26,4,E,781,148,0.0416666666666666,0.0,0.0055045871559633,0.0055045871559633,0.0057636887608069,0.0015151515151515,0.0613744116124774
U_3047306,C_707035,2.0,清华大学,2020-08-15 21:14:00,4,E,612,130,0.0694444444444444,0.0,0.036697247706422,0.036697247706422,0.0230547550432276,0.006060606060606,0.2225872216024925
U_6765325,C_1824911,1.0,重庆三峡医药高等专科学校,2020-06-05 22:23:15,4,E,822,57,0.0416666666666666,0.0,0.0623853211009174,0.0623853211009174,0.0922190201729106,0.0242424242424242,0.0609603908762003
U_13386343,C_697107,1.0,昆明理工大学津桥学院,2020-07-06 21:58:54,4,E,480,122,0.0416666666666666,0.0,0.0256880733944954,0.0256880733944954,0.0259365994236311,0.0075757575757575,0.0616946944210232
U_8706103,C_1912004,2.0,中山大学,2020-10-27 05:23:30,4,E,90,74,0.0416666666666666,0.0,0.0238532110091743,0.0238532110091743,0.0259365994236311,0.0068181818181818,0.061698641437528
U_30594215,C_1829948,0.0,辽宁对外经贸学院,2020-06-18 09:28:36,4,E,781,61,0.3194444444444444,0.0,0.0073394495412844,0.0073394495412844,0.0086455331412103,0.0022727272727272,0.0634994318133368
U_1298834,C_735164,0.0,昆明医科大学,2020-11-01 07:55:00,2,C,471,138,0.1111111111111111,0.0,0.0091743119266055,0.0165137614678899,0.0115273775216138,0.0053030303030303,0.0635385256003988
U_30711701,C_1806527,2.0,辽宁对外经贸学院,2020-06-28 15:57:40,4,E,781,53,0.0416666666666666,0.0,0.0018348623853211,0.0018348623853211,0.0,0.0,0.0627491817275537
U_4121793,C_1017355,0.0,广州中医药大学,2020-05-05 15:07:44,4,E,423,0,0.0416666666666666,0.0,0.0403669724770642,0.0403669724770642,0.0172910662824207,0.0045454545454545,0.0624115558176282
U_30973510,C_682556,1.0,辽宁对外经贸学院,2020-08-17 01:15:06,4,E,781,112,0.0416666666666666,0.0,0.0311926605504587,0.0311926605504587,0.0230547550432276,0.0075757575757575,0.2014405508327883
U_29324181,C_676676,0.0,辽宁对外经贸学院,2020-04-12 16:25:40,4,E,781,91,0.0416666666666666,0.0,0.0678899082568807,0.0678899082568807,0.0576368876080691,0.0325757575757575,0.0635852113276136
U_5496491,C_1017355,2.0,广州中医药大学,2020-05-05 11:05:18,4,E,423,0,0.0277777777777777,0.0,0.0091743119266055,0.0091743119266055,0.0028818443804034,0.0007575757575757,0.0612994628699645
U_31060940,C_735115,2.0,华南理工大学,2020-07-25 16:05:03,3,D,211,136,0.2083333333333333,0.0,0.5211009174311927,0.5211009174311927,0.2824207492795388,0.0939393939393939,0.0829194562492102
U_11064798,C_676646,2.0,天津商业大学,2020-08-11 22:09:08,4,E,316,90,0.0416666666666666,0.0,0.018348623853211,0.018348623853211,0.0201729106628242,0.0053030303030303,0.0623989669644851
U_6910055,C_756642,2.0,华南理工大学,2020-05-11 18:41:46,3,D,211,149,0.0138888888888888,0.0,0.1651376146788991,0.1651376146788991,0.1123919308357348,0.131060606060606,0.0804719742093631
U_9189546,C_735283,0.0,辽宁对外经贸学院,2020-07-27 18:56:31,4,E,781,143,0.0277777777777777,0.0,0.0036697247706422,0.0036697247706422,0.0028818443804034,0.0007575757575757,0.0617598573359158
U_1445794,C_1760297,0.0,清华大学,2020-08-25 16:39:09,4,E,612,29,0.0277777777777777,0.0,0.0018348623853211,0.0018348623853211,0.0,0.0,0.0611610399611515
U_30894683,C_697076,0.0,辽宁对外经贸学院,2020-07-07 18:27:54,4,E,781,121,0.0416666666666666,0.0,0.0770642201834862,0.0770642201834862,0.0489913544668587,0.0303030303030303,0.0609914024412602
U_10193312,C_1731884,2.0,保山学院,2020-05-24 17:30:56,0,A,127,11,0.1111111111111111,0.0,0.2403669724770642,0.2403669724770642,0.377521613832853,0.0992424242424242,0.0662474219604708
U_6765337,C_758928,1.0,辽宁对外经贸学院,2020-02-23 11:53:11,4,E,781,150,0.0138888888888888,0.0,0.0678899082568807,0.0678899082568807,0.0432276657060518,0.0287878787878787,0.0618316118178947
U_14934146,C_1875539,1.0,辽宁对外经贸学院,2020-11-30 22:25:54,4,E,781,69,0.0416666666666666,0.0,0.0073394495412844,0.0073394495412844,0.0028818443804034,0.0075757575757575,0.0609734006784061
U_10272831,C_1918363,0.0,新乡医学院三全学院,2020-11-15 13:56:24,2,C,461,76,0.125,0.0,0.0605504587155963,0.0605504587155963,0.0662824207492795,0.0431818181818181,0.0757988849520596
U_18525582,C_707013,0.0,辽宁对外经贸学院,2020-10-03 22:20:07,4,E,781,129,0.0416666666666666,0.0,0.0220183486238532,0.0220183486238532,0.0259365994236311,0.0068181818181818,0.0615621350850353
U_6765151,C_758928,1.0,辽宁对外经贸学院,2020-02-29 21:12:28,4,E,781,150,0.0277777777777777,0.0,0.0807339449541284,0.0807339449541284,0.0489913544668587,0.031060606060606,0.0661366677859262
U_11043410,C_696575,2.0,辽宁对外经贸学院,2020-11-04 12:46:23,4,E,781,116,0.0416666666666666,0.0,0.0256880733944954,0.0256880733944954,0.0288184438040345,0.0075757575757575,0.0616300515020315
U_33554704,C_697076,2.0,辽宁对外经贸学院,2020-11-16 15:45:24,4,E,781,121,0.0416666666666666,0.0,0.0623853211009174,0.0623853211009174,0.0461095100864553,0.0295454545454545,0.0604253101418576
U_6766409,C_1824911,2.0,辽宁对外经贸学院,2020-06-25 18:36:50,4,E,781,57,0.0833333333333333,0.0,0.0605504587155963,0.0605504587155963,0.0461095100864553,0.0287878787878787,0.0622721672021421
U_34267532,C_1912004,1.0,辽宁对外经贸学院,2020-10-05 12:42:21,4,E,781,74,0.0277777777777777,0.0,0.0055045871559633,0.0055045871559633,0.0057636887608069,0.0015151515151515,0.0618303786847583
U_33243157,C_2059281,2.0,辽宁对外经贸学院,2020-09-21 12:20:41,4,E,781,85,0.0277777777777777,0.0,0.018348623853211,0.018348623853211,0.0115273775216138,0.0045454545454545,0.0404460130015001
U_1570845,C_1750793,2.0,北京体育大学,2020-06-07 22:23:26,0,A,159,17,0.1111111111111111,0.0,0.036697247706422,0.036697247706422,0.0547550432276657,0.0287878787878787,0.070222018057325
U_22295516,C_707358,1.0,湖北文理学院理工学院,2020-05-14 14:01:30,0,A,626,134,0.0138888888888888,0.0,0.0458715596330275,0.0532110091743119,0.0720461095100864,0.0189393939393939,0.0774533237196525
U_22285541,C_801420,1.0,辽宁对外经贸学院,2020-08-21 16:06:11,4,E,781,155,0.0416666666666666,0.0,0.036697247706422,0.036697247706422,0.0288184438040345,0.0083333333333333,0.0658710620456206
U_29788479,C_674920,2.0,辽宁对外经贸学院,2020-05-06 08:52:10,4,E,781,87,0.0416666666666666,0.0,0.018348623853211,0.018348623853211,0.0230547550432276,0.006060606060606,0.0609831270779234
U_30333459,C_823315,0.0,辽宁对外经贸学院,2020-06-03 10:51:29,4,E,781,158,0.0277777777777777,0.0,0.0954128440366972,0.0954128440366972,0.0518731988472622,0.0234848484848484,0.0640904096308527
U_28976082,C_948436,2.0,辽宁对外经贸学院,2020-05-25 18:07:13,4,E,781,171,0.0416666666666666,0.0,0.0348623853211009,0.0348623853211009,0.0403458213256484,0.0045454545454545,0.0621539746100441
U_20289846,C_948113,2.0,西安思源学院,2020-03-03 20:39:08,0,A,721,166,0.0416666666666666,0.0,0.1944954128440367,0.2715596330275229,0.2103746397694524,0.0598484848484848,0.0691042942969061
U_17970693,C_735197,1.0,华南理工大学,2020-09-12 20:41:26,3,D,211,141,0.1666666666666666,0.0,0.1779816513761468,0.2495412844036697,0.1123919308357348,0.1553030303030303,0.0820199376258244
U_33650755,C_697076,1.0,辽宁对外经贸学院,2020-11-30 12:58:55,4,E,781,121,0.0555555555555555,0.0,0.1834862385321101,0.1834862385321101,0.2853025936599423,0.0924242424242424,0.0645355409790278
U_14946389,C_674920,0.0,西昌民族幼儿师范高等专科学校,2020-06-05 19:11:08,4,E,751,87,0.0416666666666666,0.0,0.0568807339449541,0.0568807339449541,0.0662824207492795,0.0242424242424242,0.0583037615326792
U_33344269,C_697076,0.0,辽宁对外经贸学院,2020-11-12 11:04:28,4,E,781,121,0.0138888888888888,0.0,0.036697247706422,0.036697247706422,0.0432276657060518,0.0136363636363636,0.060073040156895
U_20358881,C_948120,0.0,中国农业大学,2020-10-08 14:05:21,0,A,67,167,0.0972222222222222,0.0,0.2165137614678899,0.2605504587155963,0.1902017291066282,0.0742424242424242,0.0721834079290337
U_9200438,C_1714448,1.0,德州学院,2020-04-15 21:49:58,4,E,449,8,0.0416666666666666,0.0,0.0660550458715596,0.0660550458715596,0.0576368876080691,0.0333333333333333,0.0634447678633
U_33895967,C_697076,2.0,辽宁对外经贸学院,2020-11-16 17:27:34,4,E,781,121,0.0277777777777777,0.0,0.0990825688073394,0.0990825688073394,0.0230547550432276,0.0295454545454545,0.060292730996502
U_33276082,C_697076,0.0,辽宁对外经贸学院,2020-11-17 13:01:29,4,E,781,121,0.0416666666666666,0.0,0.0825688073394495,0.0825688073394495,0.0547550432276657,0.0356060606060606,0.0648025068745372
U_30155240,C_766175,1.0,中国医科大学,2020-05-28 11:51:40,2,C,69,151,0.125,0.0,0.0458715596330275,0.0458715596330275,0.0489913544668587,0.0128787878787878,0.0746593906965907
U_33713421,C_697076,2.0,辽宁对外经贸学院,2020-11-16 16:44:03,4,E,781,121,0.0416666666666666,0.0,0.073394495412844,0.073394495412844,0.0259365994236311,0.0227272727272727,0.064197642690297
U_5094690,C_674920,0.0,辽宁对外经贸学院,2020-07-02 12:05:44,4,E,781,87,0.0138888888888888,0.0,0.0458715596330275,0.0458715596330275,0.0172910662824207,0.0234848484848484,0.0601893062879888
U_19911531,C_948395,2.0,西安美术学院,2020-05-23 11:53:11,0,A,727,170,0.2083333333333333,0.0,0.110091743119266,0.110091743119266,0.1440922190201729,0.0818181818181818,0.0693586465775629
U_32100386,C_1925903,1.0,辽宁对外经贸学院,2020-09-07 09:58:08,4,E,781,77,0.0416666666666666,0.0,0.0458715596330275,0.0458715596330275,0.0461095100864553,0.0121212121212121,0.061458091333783
U_28997950,C_1738818,1.0,辽宁对外经贸学院,2020-09-23 01:04:36,4,E,781,15,0.0138888888888888,0.0,0.0330275229357798,0.0330275229357798,0.0432276657060518,0.0219696969696969,0.0535292533753894
U_33366241,C_697076,2.0,辽宁对外经贸大学,2020-11-14 14:28:33,4,E,778,121,0.0416666666666666,0.0,0.036697247706422,0.036697247706422,0.0374639769452449,0.0113636363636363,0.0595731309548191
U_11898202,C_735195,2.0,辽宁对外经贸学院,2020-08-22 08:16:15,4,E,781,140,0.0277777777777777,0.0,0.0055045871559633,0.0055045871559633,0.0057636887608069,0.0015151515151515,0.0613433901427337
U_31015077,C_674920,0.0,辽宁对外经贸学院,2020-07-19 11:54:11,4,E,781,87,0.0416666666666666,0.0,0.2201834862385321,0.2201834862385321,0.3458213256484149,0.0931818181818181,0.065097265312863
U_24862407,C_808528,2.0,昆明理工大学,2020-02-19 20:18:36,0,A,476,156,0.0416666666666666,0.0,0.2,0.273394495412844,0.2132564841498559,0.0568181818181818,0.0694445697097552
U_16117985,C_674920,0.0,辽宁对外经贸学院,2020-04-11 16:23:16,4,E,781,87,0.0138888888888888,0.0,0.073394495412844,0.073394495412844,0.0547550432276657,0.031060606060606,0.0611202821872067
U_31066395,C_682392,0.0,昆明理工大学,2020-08-06 14:18:48,0,A,476,108,0.0694444444444444,0.0,0.128440366972477,0.255045871559633,0.1354466858789625,0.0227272727272727,0.0624592171561999
U_27740807,C_674920,2.0,北京舞蹈学院,2020-04-20 17:02:46,4,E,182,87,0.0416666666666666,0.0,0.0642201834862385,0.0642201834862385,0.0547550432276657,0.0318181818181818,0.0632224869488725
U_7872253,C_1829948,0.0,北方民族大学,2020-06-16 21:20:52,4,E,190,61,0.0277777777777777,0.0,0.0311926605504587,0.0311926605504587,0.0403458213256484,0.0106060606060606,0.0612136982127135
U_33319315,C_1912004,1.0,辽宁对外经贸学院,2020-09-21 21:59:15,4,E,781,74,0.0416666666666666,0.0,0.0073394495412844,0.0073394495412844,0.0115273775216138,0.003030303030303,0.060700714827987
U_29384793,C_676635,2.0,辽宁对外经贸学院,2020-07-13 16:18:33,4,E,781,89,0.0416666666666666,0.0,0.0091743119266055,0.0091743119266055,0.0115273775216138,0.003030303030303,0.0617980943678268
U_30340003,C_676635,0.0,辽宁对外经贸学院,2020-06-03 17:08:13,4,E,781,89,0.0416666666666666,0.0,0.0660550458715596,0.0660550458715596,0.0518731988472622,0.0295454545454545,0.0621082496371604
U_5795272,C_1824911,2.0,重庆三峡医药高等专科学校,2020-06-29 23:42:03,4,E,822,57,0.0416666666666666,0.0,0.0862385321100917,0.0862385321100917,0.1354466858789625,0.0356060606060606,0.0628665126121589
U_14946301,C_674920,0.0,西昌民族幼儿师范高等专科学校,2020-06-11 07:50:07,4,E,751,87,0.0555555555555555,0.0,0.018348623853211,0.018348623853211,0.0288184438040345,0.0075757575757575,0.059526351133108
U_9332519,C_1017355,2.0,广州中医药大学,2020-03-04 15:01:35,0,A,423,0,0.1111111111111111,0.0,0.2055045871559633,0.2715596330275229,0.2046109510086455,0.0628787878787878,0.070556538848871
U_31401078,C_1760297,1.0,辽宁对外经贸学院,2020-08-23 22:18:43,4,E,781,29,0.0416666666666666,0.0,0.0018348623853211,0.0018348623853211,0.0,0.0,0.0614135103518813
U_33335282,C_947147,0.0,辽宁对外经贸学院,2020-09-22 08:41:06,4,E,781,163,0.0277777777777777,0.0,0.0697247706422018,0.0697247706422018,0.0489913544668587,0.0287878787878787,0.0618558287698497
U_996250,C_735164,0.0,昆明理工大学,2020-09-23 16:52:20,0,A,476,138,0.0972222222222222,0.0,0.2055045871559633,0.2770642201834862,0.2074927953890489,0.0477272727272727,0.0253721583259606
U_30656853,C_680895,1.0,辽宁对外经贸学院,2020-06-24 10:59:27,4,E,781,98,0.0277777777777777,0.0,0.0036697247706422,0.0036697247706422,0.0028818443804034,0.0007575757575757,0.0611618868116186
U_29676820,C_1714448,1.0,辽宁对外经贸学院,2020-04-27 14:54:29,4,E,781,8,0.0416666666666666,0.0,0.0678899082568807,0.0678899082568807,0.0662824207492795,0.0371212121212121,0.0623519890490974
U_7374693,C_1824911,2.0,重庆三峡医药高等专科学校,2020-06-10 18:31:50,4,E,822,57,0.0416666666666666,0.0,0.0697247706422018,0.0697247706422018,0.0432276657060518,0.0265151515151515,0.0624232235351755
U_15369222,C_786631,1.0,昆明理工大学,2020-03-02 22:41:32,0,A,476,154,0.0138888888888888,0.0,0.1834862385321101,0.2697247706422018,0.2103746397694524,0.0568181818181818,0.0675985297858863
U_30292061,C_747056,0.0,华南理工大学,2020-05-31 10:16:28,3,D,211,147,0.1944444444444444,0.0,0.4825688073394495,0.4825688073394495,0.2103746397694524,0.0553030303030303,0.0925343389313381
U_29901641,C_1741505,2.0,辽宁对外经贸学院,2020-05-09 20:47:34,4,E,781,16,0.0416666666666666,0.0,0.0348623853211009,0.0348623853211009,0.0374639769452449,0.0098484848484848,0.0620862661914082
U_30326411,C_676635,2.0,广州中医药大学,2020-06-02 19:06:44,1,B,423,89,0.2222222222222222,0.0,0.0642201834862385,0.0642201834862385,0.0864553314121037,0.0227272727272727,0.1162497375068029
U_31150243,C_801420,0.0,辽宁对外经贸学院,2020-08-07 12:35:03,4,E,781,155,0.0277777777777777,0.0,0.0018348623853211,0.0018348623853211,0.0,0.0,0.0612796980733893
U_31520803,C_1771159,2.0,辽宁对外经贸学院,2020-08-28 09:40:24,4,E,781,37,0.0694444444444444,0.0,0.0091743119266055,0.0091743119266055,0.0,0.0,0.1425818363657344
U_7184586,C_1828108,2.0,云南大学,2020-08-31 16:26:14,4,E,106,60,0.0416666666666666,0.0,0.0697247706422018,0.0697247706422018,0.0576368876080691,0.0333333333333333,0.0619699307275276
U_31272059,C_801420,2.0,辽宁对外经贸学院,2020-08-26 17:07:59,4,E,781,155,0.0277777777777777,0.0,0.0055045871559633,0.0055045871559633,0.0,0.0,0.0614305414557204
U_31483157,C_801420,2.0,辽宁对外经贸学院,2020-08-29 12:03:52,4,E,781,155,0.0277777777777777,0.0,0.0055045871559633,0.0055045871559633,0.0,0.0,0.0614305414557204
U_29824328,C_756642,0.0,中国医科大学,2020-05-08 06:59:14,2,C,69,149,0.1527777777777777,0.0,0.181651376146789,0.181651376146789,0.1613832853025936,0.0659090909090909,0.0815225392610984
U_5643104,C_1824911,2.0,重庆三峡医药高等专科学校,2020-06-03 20:00:48,0,A,822,57,0.0138888888888888,0.0,0.0623853211009174,0.0623853211009174,0.0951008645533141,0.025,0.0672105880821237
U_30115296,C_749807,1.0,辽宁对外经贸学院,2020-05-25 10:09:26,4,E,781,148,0.0277777777777777,0.0,0.0018348623853211,0.0018348623853211,0.0028818443804034,0.0007575757575757,0.0612575809144054
U_5245120,C_674920,0.0,辽宁对外经贸学院,2020-06-30 19:13:58,4,E,781,87,0.0555555555555555,0.0,0.2201834862385321,0.2201834862385321,0.3458213256484149,0.0931818181818181,0.0654472225541522
U_31066566,C_682392,0.0,昆明理工大学,2020-07-30 21:25:48,0,A,476,108,0.0972222222222222,0.0,0.1155963302752293,0.2587155963302752,0.1815561959654178,0.0431818181818181,0.0469051839590265
U_30631785,C_1829948,0.0,华南理工大学,2020-06-21 00:34:40,3,D,211,61,0.3888888888888888,0.0,0.4770642201834862,0.4770642201834862,0.6080691642651297,0.1598484848484848,0.0735315592063272
U_30496212,C_813262,1.0,辽宁对外经贸学院,2020-06-14 12:24:24,4,E,781,157,0.0138888888888888,0.0,0.0587155963302752,0.0587155963302752,0.0403458213256484,0.0113636363636363,0.0604110374924641
U_29843104,C_756642,2.0,昆明理工大学,2020-05-08 15:46:11,0,A,476,149,0.0416666666666666,0.0,0.0091743119266055,0.0091743119266055,0.0144092219020172,0.0053030303030303,0.0739965246838643
U_6762793,C_1824911,0.0,重庆三峡医药高等专科学校,2020-06-10 18:59:27,4,E,822,57,0.0416666666666666,0.0,0.0623853211009174,0.0623853211009174,0.0518731988472622,0.0136363636363636,0.0632223532356408
U_229242,C_674920,2.0,南京中医药大学,2020-07-02 20:35:41,4,E,217,87,0.0416666666666666,0.0,0.036697247706422,0.036697247706422,0.0489913544668587,0.0128787878787878,0.0619230221449267
U_29427441,C_1750793,2.0,昆明理工大学,2020-04-16 17:37:01,0,A,476,17,0.1111111111111111,0.0,0.2036697247706422,0.2642201834862385,0.1873198847262247,0.0803030303030303,0.0733527251875033
U_18578888,C_674920,0.0,辽宁对外经贸学院,2020-05-13 22:02:33,4,E,781,87,0.0416666666666666,0.0,0.018348623853211,0.018348623853211,0.0057636887608069,0.0015151515151515,0.0604400384067072
U_30904219,C_697107,1.0,辽宁对外经贸学院,2020-07-08 20:20:28,4,E,781,122,0.0277777777777777,0.0,0.0018348623853211,0.0018348623853211,0.0028818443804034,0.0007575757575757,0.0612067451246675
U_33894039,C_2027893,0.0,辽宁对外经贸学院,2020-09-28 08:24:17,4,E,781,84,0.0416666666666666,0.0,0.0697247706422018,0.0697247706422018,0.0576368876080691,0.031060606060606,0.0615054901982333
U_7207863,C_1017355,0.0,广州中医药大学,2020-03-10 21:03:46,0,A,423,0,0.0138888888888888,0.0,0.1944954128440367,0.2623853211009174,0.1959654178674351,0.0636363636363636,0.0687747605136666
U_16398704,C_735306,2.0,大路中学,2020-10-15 17:40:22,4,E,302,144,0.1111111111111111,0.0,0.055045871559633,0.0678899082568807,0.0778097982708933,0.1363636363636363,0.0685563969016923
U_9054568,C_786631,0.0,河北师范大学,2020-02-10 20:15:49,4,E,556,154,0.0138888888888888,0.0,0.073394495412844,0.073394495412844,0.0461095100864553,0.0272727272727272,0.0638334425136658
U_30979872,C_674959,1.0,辽宁对外经贸学院,2020-07-17 08:45:25,4,E,781,88,0.0416666666666666,0.0,0.0110091743119266,0.0110091743119266,0.0115273775216138,0.0037878787878787,0.061796202573216
U_15067170,C_674920,0.0,西昌民族幼儿师范高等专科学校,2020-06-18 09:52:00,4,E,751,87,0.0555555555555555,0.0,0.018348623853211,0.018348623853211,0.0288184438040345,0.0075757575757575,0.0592085345908348
U_32578749,C_735164,1.0,昆明理工大学,2020-10-31 11:12:24,0,A,476,138,0.0416666666666666,0.0,0.2844036697247706,0.3926605504587156,0.3861671469740634,0.1409090909090909,0.072914784639786
U_11904434,C_707358,1.0,深圳职业技术学院,2020-06-29 12:43:50,0,A,611,134,0.125,0.0,0.2073394495412844,0.2825688073394495,0.2997118155619596,0.0787878787878787,0.0728584666075502
U_29769814,C_681130,1.0,中国医科大学,2020-05-04 14:42:39,2,C,69,102,0.1388888888888889,0.0,0.091743119266055,0.091743119266055,0.0691642651296829,0.0181818181818181,0.0766490931070166
U_10491423,C_1824926,0.0,武汉职业技术学院,2020-07-12 08:27:19,1,B,511,58,0.1944444444444444,0.0,0.0532110091743119,0.0532110091743119,0.0835734870317002,0.028030303030303,0.0969298890431477
U_32099341,C_1992917,1.0,辽宁对外经贸学院,2020-09-07 09:45:32,4,E,781,80,0.0416666666666666,0.0,0.0788990825688073,0.0788990825688073,0.0518731988472622,0.031060606060606,0.0618389908073452
U_22885136,C_801420,0.0,南京邮电大学,2020-09-08 15:47:11,4,E,228,155,0.0277777777777777,0.0,0.0128440366972477,0.0128440366972477,0.0172910662824207,0.0045454545454545,0.0610325415455323
U_13977463,C_735164,0.0,山东理工大学,2020-10-20 19:06:23,0,A,376,138,0.0972222222222222,0.0,0.0990825688073394,0.1082568807339449,0.1556195965417867,0.0734848484848484,0.0623889632338206
U_15201683,C_735197,1.0,辽宁石油化工大学,2020-09-09 12:56:39,4,E,790,141,0.0416666666666666,0.0,0.0513761467889908,0.0513761467889908,0.0806916426512968,0.0333333333333333,0.0671359909558867
U_16392676,C_786631,1.0,北华航天工业学院,2020-06-16 11:50:28,0,A,186,154,0.0972222222222222,0.0,0.036697247706422,0.036697247706422,0.0345821325648414,0.0106060606060606,0.0626556171317895
U_14135220,C_1778564,2.0,辽宁对外经贸学院,2020-08-31 10:26:50,4,E,781,50,0.0555555555555555,0.0,0.0330275229357798,0.0330275229357798,0.0403458213256484,0.106060606060606,0.0602198572852508
U_2439198,C_680979,1.0,西安交通大学,2020-07-20 11:16:07,4,E,715,100,0.0138888888888888,0.0,0.0752293577981651,0.0752293577981651,0.1066282420749279,0.0356060606060606,0.061460369411063
U_34268589,C_697076,2.0,辽宁对外经贸学院,2020-11-23 19:44:30,4,E,781,121,0.0416666666666666,0.0,0.0275229357798165,0.0275229357798165,0.0345821325648414,0.0121212121212121,0.0611591333095149
U_16131928,C_677087,1.0,辽宁对外经贸学院,2020-06-23 17:20:10,4,E,781,92,0.0416666666666666,0.0,0.073394495412844,0.073394495412844,0.0893371757925072,0.0234848484848484,0.0630082090189765
U_16136774,C_786631,0.0,北华航天工业学院,2020-04-09 07:51:25,0,A,186,154,0.0694444444444444,0.0,0.2,0.2697247706422018,0.2074927953890489,0.0719696969696969,0.0706077906353297
U_33987322,C_1472684,2.0,辽宁对外经贸学院,2020-09-30 10:51:30,4,E,781,3,0.0416666666666666,0.0,0.0091743119266055,0.0091743119266055,0.0057636887608069,0.0015151515151515,0.0604216652182096
U_32994546,C_735164,1.0,昆明理工大学,2020-09-17 08:26:49,0,A,476,138,0.0277777777777777,0.0,0.0990825688073394,0.1045871559633027,0.1556195965417867,0.0742424242424242,0.0597018027024053
U_12604762,C_682392,0.0,陕西工业职业技术学院,2020-11-13 12:00:25,4,E,876,108,0.0138888888888888,0.0,0.0697247706422018,0.0697247706422018,0.0605187319884726,0.0212121212121212,0.0618224450330135
U_4748478,C_1738818,1.0,云南民族大学经济学院,2020-05-21 21:02:20,4,E,115,15,0.0416666666666666,0.0,0.0642201834862385,0.0642201834862385,0.0345821325648414,0.0166666666666666,0.063199433797267
U_26655396,C_1854868,2.0,辽宁对外经贸学院,2020-08-10 23:02:44,4,E,781,65,0.0416666666666666,0.0,0.036697247706422,0.036697247706422,0.0345821325648414,0.009090909090909,0.021333230757395
U_33220749,C_697076,2.0,辽宁对外经贸学院,2020-11-03 11:01:17,0,A,781,121,0.0555555555555555,0.0,0.5541284403669725,0.5541284403669725,0.8703170028818443,0.2931818181818181,0.0762057545066141
U_30599183,C_1829948,0.0,辽宁对外经贸学院,2020-06-18 14:09:32,4,E,781,61,0.0138888888888888,0.0,0.0220183486238532,0.0220183486238532,0.0057636887608069,0.0015151515151515,0.0612261830666764
U_20879179,C_1750793,1.0,北京邮电大学,2020-06-16 19:47:30,0,A,184,17,0.0833333333333333,0.0,0.036697247706422,0.036697247706422,0.0547550432276657,0.0287878787878787,0.0701361147345004
U_29730508,C_756642,2.0,辽宁对外经贸学院,2020-04-29 20:19:16,4,E,781,149,0.0416666666666666,0.0,0.0660550458715596,0.0660550458715596,0.0576368876080691,0.0318181818181818,0.061656412818035
U_29887846,C_1017355,0.0,中国医科大学,2020-05-09 08:08:27,2,C,69,0,0.125,0.0,0.0275229357798165,0.0275229357798165,0.0345821325648414,0.0113636363636363,0.0752938154097102
U_15145792,C_735197,2.0,辽宁石油化工大学,2020-09-09 11:00:04,4,E,790,141,0.0416666666666666,0.0,0.1027522935779816,0.1027522935779816,0.0432276657060518,0.028030303030303,0.0562984097218079
U_33896545,C_697076,2.0,辽宁对外经贸学院,2020-12-05 16:41:39,4,E,781,121,0.0555555555555555,0.0,0.1834862385321101,0.1834862385321101,0.1873198847262247,0.0568181818181818,0.0657384945437711
U_10841833,C_1778562,1.0,南开大学,2020-09-18 13:22:56,3,D,231,49,0.0138888888888888,0.0,0.0036697247706422,0.0036697247706422,0.0028818443804034,0.0007575757575757,0.023851790591222
U_29072307,C_1771634,0.0,辽宁对外经贸学院,2020-06-09 08:37:24,4,E,781,41,0.0416666666666666,0.0,0.0220183486238532,0.0220183486238532,0.0259365994236311,0.0143939393939393,0.0613416469183803
U_28151512,C_786631,2.0,昆明理工大学,2020-03-03 11:16:04,0,A,476,154,0.0277777777777777,0.0,0.1871559633027523,0.273394495412844,0.2103746397694524,0.0575757575757575,0.0692224670796365
U_11129663,C_735164,2.0,昆明理工大学,2020-09-17 10:15:09,0,A,476,138,0.125,0.0,0.1889908256880734,0.2752293577981651,0.2420749279538904,0.0674242424242424,0.0651758342173143
U_17910934,C_786631,0.0,北华航天工业学院,2020-04-22 21:41:43,0,A,186,154,0.0416666666666666,0.0,0.1981651376146789,0.2623853211009174,0.2132564841498559,0.0734848484848484,0.0721165859796003
U_4661694,C_682392,0.0,陕西工业职业技术学院,2019-10-31 12:18:38,0,A,876,108,0.1944444444444444,0.0,0.1908256880733945,0.2935779816513761,0.2334293948126801,0.0575757575757575,0.0657761323423107
U_25728879,C_735197,0.0,辽宁石油化工大学,2020-09-27 19:24:16,3,D,790,141,0.1944444444444444,0.0,0.1045871559633027,0.2440366972477064,0.0086455331412103,0.125,0.0775736309617474
U_6117188,C_1017355,2.0,广州中医药大学,2020-03-04 11:55:49,1,B,423,0,0.2083333333333333,0.0,0.0385321100917431,0.0532110091743119,0.0605187319884726,0.0242424242424242,0.1124542725692873
U_33320273,C_2059281,2.0,辽宁对外经贸学院,2020-09-21 22:47:18,4,E,781,85,0.0416666666666666,0.0,0.018348623853211,0.018348623853211,0.0057636887608069,0.0015151515151515,0.0622519814565043
U_5314263,C_1750793,0.0,内蒙古大学,2020-05-20 21:05:45,0,A,145,17,0.0833333333333333,0.0,0.036697247706422,0.036697247706422,0.0403458213256484,0.0212121212121212,0.0702131385082748
U_32881287,C_735164,1.0,昆明理工大学,2020-09-16 10:01:21,0,A,476,138,0.1111111111111111,0.0,0.2,0.2825688073394495,0.2478386167146974,0.0666666666666666,0.0644905043816701
U_5076276,C_735197,1.0,华南理工大学,2020-10-18 18:52:18,4,E,211,141,0.0416666666666666,0.0,0.0623853211009174,0.0623853211009174,0.0576368876080691,0.0325757575757575,0.063512129618002
U_30442552,C_1829948,0.0,辽宁对外经贸学院,2020-06-10 20:09:04,4,E,781,61,0.0138888888888888,0.0,0.0220183486238532,0.0220183486238532,0.0230547550432276,0.006060606060606,0.0535221020836149
U_33146032,C_735164,1.0,昆明理工大学,2020-11-21 14:40:04,0,A,476,138,0.125,0.0,0.2807339449541284,0.2899082568807339,0.440922190201729,0.1613636363636363,0.0692394833264499
U_31065822,C_682392,0.0,昆明理工大学,2020-08-07 13:56:33,0,A,476,108,0.0972222222222222,0.0,0.4495412844036697,0.4495412844036697,0.6945244956772334,0.2409090909090909,0.062587146052499
U_17522528,C_1844112,1.0,内蒙古大学,2020-08-19 08:09:07,0,A,145,63,0.0416666666666666,0.0,0.0458715596330275,0.0495412844036697,0.0662824207492795,0.0681818181818181,0.044355117898219
U_11323988,C_697766,0.0,武汉职业技术学院,2020-07-12 20:40:07,1,B,511,128,0.2083333333333333,0.0,0.018348623853211,0.018348623853211,0.0144092219020172,0.0045454545454545,0.1124477354779621
U_6766165,C_1824911,2.0,三峡医专,2020-06-02 09:50:52,4,E,35,57,0.0277777777777777,0.0,0.0954128440366972,0.0954128440366972,0.0461095100864553,0.0242424242424242,0.0675303607994525
U_24632986,C_676646,0.0,天津财经大学,2020-06-09 16:44:36,1,B,327,90,0.2222222222222222,0.0,0.0660550458715596,0.0660550458715596,0.100864553314121,0.0265151515151515,0.1135323379756661
U_33012250,C_735164,1.0,昆明理工大学,2020-09-17 11:56:12,0,A,476,138,0.0138888888888888,0.0,0.018348623853211,0.018348623853211,0.0288184438040345,0.0136363636363636,0.0625953619877329
U_34679957,C_1912004,0.0,辽宁对外经贸学院,2020-10-10 19:00:45,4,E,781,74,0.0277777777777777,0.0,0.0073394495412844,0.0073394495412844,0.0028818443804034,0.0007575757575757,0.021719813824672
U_32134073,C_697076,1.0,昆明理工大学,2020-09-07 19:31:22,0,A,476,121,0.0972222222222222,0.0,0.0091743119266055,0.0091743119266055,0.0086455331412103,0.003030303030303,0.0567163477605382
U_16929985,C_677087,2.0,辽宁对外经贸学院,2020-05-30 20:59:23,4,E,781,92,0.0416666666666666,0.0,0.0018348623853211,0.0018348623853211,0.0,0.0,0.061121173608751
U_11860432,C_735197,1.0,五邑大学,2020-09-23 11:36:51,4,E,119,141,0.0277777777777777,0.0,0.0018348623853211,0.0018348623853211,0.0028818443804034,0.0007575757575757,0.0612276638169084
U_540739,C_674920,1.0,辽宁对外经贸学院,2020-04-24 11:01:05,4,E,781,87,0.0416666666666666,0.0,0.0788990825688073,0.0788990825688073,0.0691642651296829,0.0325757575757575,0.061003605011734
U_6766403,C_1824911,2.0,重庆三峡医药高等专科学校,2020-06-02 10:23:43,4,E,822,57,0.0416666666666666,0.0,0.073394495412844,0.073394495412844,0.0374639769452449,0.0265151515151515,0.0659458144332792
U_31096434,C_1864063,1.0,辽宁对外经贸学院,2020-07-29 23:38:25,4,E,781,66,0.0416666666666666,0.0,0.0073394495412844,0.0073394495412844,0.0,0.0,0.0617897991951224
U_55721,C_707035,1.0,昆明理工大学,2020-08-06 14:09:15,0,A,476,130,0.1111111111111111,0.0,0.1944954128440367,0.1944954128440367,0.1873198847262247,0.0575757575757575,0.0862672492871491
U_34269116,C_697076,2.0,辽宁对外经贸学院,2020-11-28 16:42:36,1,B,781,121,0.1527777777777777,0.0,0.0642201834862385,0.0642201834862385,0.0461095100864553,0.0128787878787878,0.0918313837108251
U_33499334,C_2027893,1.0,辽宁对外经贸学院,2020-09-23 14:31:48,4,E,781,84,0.0416666666666666,0.0,0.0110091743119266,0.0110091743119266,0.0144092219020172,0.0045454545454545,0.0613876739841206
U_11064766,C_676646,2.0,天津商业大学,2020-08-11 00:37:41,0,A,316,90,0.1111111111111111,0.0,0.2146788990825688,0.2825688073394495,0.1671469740634005,0.0803030303030303,0.0840002652530088
U_12064627,C_948109,1.0,西京学院,2020-03-30 15:43:30,0,A,701,165,0.0138888888888888,0.0,0.0807339449541284,0.326605504587156,0.1268011527377521,0.1106060606060606,0.0750760114123721
U_2324780,C_697144,1.0,贵州医科大学,2020-06-08 09:11:00,0,A,762,123,0.125,0.0,0.3669724770642202,0.3669724770642202,0.2507204610951008,0.0704545454545454,0.0709237302400178
U_21119048,C_948120,2.0,昆明理工大学,2020-09-26 00:25:14,0,A,476,167,0.0972222222222222,0.0,0.2238532110091743,0.3009174311926605,0.201729106628242,0.0984848484848484,0.0721411743571988
U_5643121,C_1824911,2.0,重庆三峡医药高等专科学校,2020-06-09 09:55:40,4,E,822,57,0.1388888888888889,0.0,0.0440366972477064,0.0440366972477064,0.0576368876080691,0.0151515151515151,0.0653832283919511
U_28640648,C_681411,0.0,辽宁对外经贸学院,2020-07-01 09:09:29,4,E,781,103,0.0416666666666666,0.0,0.0715596330275229,0.0715596330275229,0.0518731988472622,0.0333333333333333,0.0625390934789162
U_30342084,C_801420,1.0,辽宁对外经贸学院,2020-08-21 20:34:33,4,E,781,155,0.0277777777777777,0.0,0.0055045871559633,0.0055045871559633,0.0,0.0,0.0614305414557204
U_12024461,C_697076,0.0,长沙理工大学,2020-09-08 19:31:45,4,E,862,121,0.0555555555555555,0.0,0.2513761467889908,0.2513761467889908,0.30835734870317,0.0931818181818181,0.0676753604183262
U_11111466,C_948120,0.0,北京农学院,2020-10-11 20:36:11,1,B,160,167,0.0833333333333333,0.0,0.0275229357798165,0.0275229357798165,0.0403458213256484,0.0113636363636363,0.0089856521906373
U_19117670,C_1738818,0.0,安徽工业大学,2020-06-15 19:18:09,0,A,344,15,0.0972222222222222,0.0,0.2146788990825688,0.2513761467889908,0.1930835734870317,0.0757575757575757,0.0750857724782828
U_29696612,C_1714448,1.0,中国医科大学,2020-04-28 07:53:22,2,C,69,8,0.1527777777777777,0.0,0.1926605504587156,0.1926605504587156,0.2046109510086455,0.0727272727272727,0.0771465707092132
U_20971092,C_707079,0.0,皖南医学院,2020-05-30 21:34:25,4,E,668,132,0.0416666666666666,0.0,0.018348623853211,0.018348623853211,0.0230547550432276,0.006060606060606,0.0615373486137602
U_12605112,C_682392,2.0,陕西工业职业技术学院,2020-09-03 09:45:23,0,A,876,108,0.1111111111111111,0.0,0.018348623853211,0.018348623853211,0.0201729106628242,0.0053030303030303,0.0590258674593702
U_18455663,C_674959,2.0,辽宁对外经贸学院,2020-06-12 17:27:58,4,E,781,88,0.0277777777777777,0.0,0.0036697247706422,0.0036697247706422,0.0028818443804034,0.0007575757575757,0.0616001344045345
U_30311299,C_756642,2.0,辽宁对外经贸学院,2020-06-01 16:57:03,4,E,781,149,0.0277777777777777,0.0,0.0091743119266055,0.0091743119266055,0.0115273775216138,0.0045454545454545,0.0616763261848675
U_31067062,C_682392,0.0,中国医科大学,2020-08-16 15:36:09,2,C,69,108,0.1666666666666666,0.0,0.4495412844036697,0.4495412844036697,0.2881844380403458,0.0924242424242424,0.0735350951784531
U_30553056,C_1829948,2.0,辽宁对外经贸学院,2020-06-16 11:08:35,4,E,781,61,0.0694444444444444,0.0,0.0422018348623853,0.0422018348623853,0.0489913544668587,0.0128787878787878,0.0620748312339308
U_26593999,C_747056,1.0,辽宁对外经贸学院,2020-04-16 10:48:26,4,E,781,147,0.0416666666666666,0.0,0.0697247706422018,0.0697247706422018,0.0489913544668587,0.031060606060606,0.0628009337005456
U_30532896,C_756642,2.0,辽宁对外经贸学院,2020-06-15 11:10:46,4,E,781,149,0.0416666666666666,0.0,0.0678899082568807,0.0678899082568807,0.0576368876080691,0.0325757575757575,0.0617295044323304
U_11246178,C_1992929,1.0,北京体育大学,2020-12-03 12:45:07,0,A,159,81,0.1111111111111111,0.0,0.1669724770642202,0.1669724770642202,0.2622478386167147,0.0689393939393939,0.066539075280417
U_27709777,C_681411,0.0,辽宁对外经贸学院,2020-06-11 16:41:40,4,E,781,103,0.0416666666666666,0.0,0.073394495412844,0.073394495412844,0.063400576368876,0.0325757575757575,0.0613991782743848
U_30612888,C_1829948,0.0,中国医科大学,2020-06-19 11:59:22,2,C,69,61,0.2777777777777778,0.0,0.4770642201834862,0.4770642201834862,0.3141210374639769,0.0825757575757575,0.0778908680800167
U_5094685,C_674920,0.0,西昌名族幼儿高等师范专科学校,2020-06-30 22:00:21,4,E,735,87,0.0555555555555555,0.0,0.0587155963302752,0.0642201834862385,0.031700288184438,0.0295454545454545,0.0632375321636045
U_31081630,C_677087,2.0,辽宁对外经贸学院,2020-07-28 18:45:51,4,E,781,92,0.0416666666666666,0.0,0.0018348623853211,0.0018348623853211,0.0028818443804034,0.0007575757575757,0.0608271382123446
U_31060502,C_735115,1.0,昆明理工大学,2020-07-25 14:37:46,0,A,476,136,0.1388888888888889,0.0,0.5211009174311927,0.5211009174311927,0.8155619596541787,0.281060606060606,0.0712376195751538
U_34703724,C_1912004,0.0,辽宁对外经贸学院,2020-10-11 18:51:42,4,E,781,74,0.0555555555555555,0.0,0.0935779816513761,0.0935779816513761,0.0403458213256484,0.0333333333333333,0.0588428239499201
U_12061590,C_1714448,0.0,中国医科大学,2020-05-13 17:22:15,2,C,69,8,0.1388888888888889,0.0,0.0935779816513761,0.0935779816513761,0.1296829971181556,0.034090909090909,0.073243491381926
U_1238972,C_735164,0.0,昆明医科大学,2020-10-25 08:32:41,4,E,471,138,0.0416666666666666,0.0,0.0935779816513761,0.0935779816513761,0.0576368876080691,0.0287878787878787,0.0576728480299761
U_18072521,C_735283,0.0,哈尔滨工业大学,2020-06-15 15:30:03,4,E,270,143,0.0277777777777777,0.0,0.0036697247706422,0.0036697247706422,0.0028818443804034,0.0007575757575757,0.0612745624948254
U_30707261,C_948113,2.0,辽宁对外经贸学院,2020-06-28 11:57:29,4,E,781,166,0.0416666666666666,0.0,0.0055045871559633,0.0055045871559633,0.0086455331412103,0.0022727272727272,0.0611230208322846
U_24057382,C_948395,2.0,西安美术学院,2020-05-26 00:10:05,0,A,727,170,0.0972222222222222,0.0,0.110091743119266,0.110091743119266,0.1729106628242074,0.1,0.0679099974258269
U_5076039,C_1864065,2.0,湖北理工学院,2020-06-20 20:19:48,1,B,631,67,0.0555555555555555,0.0,0.1596330275229358,0.1596330275229358,0.2363112391930835,0.1212121212121212,0.1068796193713879
U_30432260,C_1724289,0.0,辽宁对外经贸学院,2020-07-03 10:18:34,4,E,781,10,0.0555555555555555,0.0,0.0110091743119266,0.0110091743119266,0.0115273775216138,0.1553030303030303,0.0599846111396947
U_30559828,C_1829948,0.0,辽宁对外经贸学院,2020-06-16 14:49:12,4,E,781,61,0.0416666666666666,0.0,0.0018348623853211,0.0018348623853211,0.0,0.0,0.0610791381305926
U_17915081,C_786631,1.0,北华航天工业学院,2020-04-22 16:38:36,0,A,186,154,0.1111111111111111,0.0,0.2091743119266055,0.273394495412844,0.2219020172910662,0.0757575757575757,0.0713271083935235
U_29822455,C_1714448,1.0,辽宁对外经贸学院,2020-05-07 22:02:39,4,E,781,8,0.0277777777777777,0.0,0.0128440366972477,0.0128440366972477,0.0201729106628242,0.0053030303030303,0.0620215440349459
U_6758824,C_1824911,1.0,重庆三峡医药高等专科学校,2020-06-10 21:43:57,4,E,822,57,0.0555555555555555,0.0,0.0440366972477064,0.0440366972477064,0.0432276657060518,0.0257575757575757,0.0534413194823284
U_13815168,C_682392,0.0,昆明理工大学,2019-11-02 18:28:55,0,A,476,108,0.125,0.0,0.1596330275229358,0.2954128440366972,0.239193083573487,0.0492424242424242,0.0566632338935202
U_7551776,C_676635,2.0,中国人民大学,2020-07-01 16:48:39,4,E,60,89,0.0416666666666666,0.0,0.0091743119266055,0.0091743119266055,0.0115273775216138,0.003030303030303,0.0613364122929781
U_29486370,C_948488,0.0,辽宁对外经贸学院,2020-04-20 17:36:45,4,E,781,172,0.0416666666666666,0.0,0.0715596330275229,0.0715596330275229,0.0547550432276657,0.0325757575757575,0.0624014282784159
U_12260509,C_682392,2.0,辽宁对外经贸学院,2020-10-28 15:40:15,4,E,781,108,0.0416666666666666,0.0,0.0844036697247706,0.0844036697247706,0.0778097982708933,0.0325757575757575,0.0619004196564353
U_32594089,C_735164,1.0,昆明理工大学,2020-09-18 08:33:02,0,A,476,138,0.1111111111111111,0.0,0.018348623853211,0.0201834862385321,0.0288184438040345,0.0136363636363636,0.0553476591213311
U_6765363,C_1824911,0.0,重庆三峡医药高等专科学校,2020-06-02 09:49:51,4,E,822,57,0.0416666666666666,0.0,0.0862385321100917,0.0862385321100917,0.0489913544668587,0.0227272727272727,0.0686039938598191
U_5832589,C_1824926,0.0,武汉职业技术学院,2020-08-03 12:38:59,0,A,511,58,0.0277777777777777,0.0,0.3394495412844037,0.3394495412844037,0.5273775216138328,0.1833333333333333,0.0686593511377237
U_30318324,C_676635,2.0,广州中医药大学,2020-06-02 10:31:04,1,B,423,89,0.2222222222222222,0.0,0.018348623853211,0.018348623853211,0.0259365994236311,0.0068181818181818,0.1137852243631166
U_30654497,C_707358,2.0,中国医科大学,2020-07-15 15:51:29,2,C,69,134,0.1805555555555555,0.0,0.2073394495412844,0.2587155963302752,0.1729106628242074,0.0454545454545454,0.0759276854605355
U_6758255,C_1824911,2.0,重庆三峡医药高等专科学校,2020-06-02 09:50:18,4,E,822,57,0.0555555555555555,0.0,0.0623853211009174,0.0623853211009174,0.0922190201729106,0.0242424242424242,0.0645523294181132
U_6159292,C_735197,1.0,华南理工大学,2020-10-21 20:20:57,3,D,211,141,0.1666666666666666,0.0,0.0990825688073394,0.2165137614678899,0.0691642651296829,0.1522727272727272,0.0568469438781397
U_15349505,C_756642,2.0,辽宁对外经贸学院,2020-05-19 06:39:14,4,E,781,149,0.0416666666666666,0.0,0.0660550458715596,0.0660550458715596,0.0461095100864553,0.0325757575757575,0.0627889836995093
U_20239744,C_801420,2.0,辽宁对外经贸学院,2020-09-01 09:36:54,4,E,781,155,0.0277777777777777,0.0,0.0018348623853211,0.0018348623853211,0.0028818443804034,0.0007575757575757,0.0612456853891302
U_12133258,C_1829948,0.0,北方民族大学,2020-06-18 12:45:51,1,B,190,61,0.2083333333333333,0.0,0.4752293577981651,0.4752293577981651,0.2766570605187319,0.0727272727272727,0.1006754046601277
U_7005597,C_756642,2.0,北京大学医学部,2020-02-15 13:56:10,0,A,165,149,0.0138888888888888,0.0,0.1908256880733945,0.2642201834862385,0.2074927953890489,0.059090909090909,0.070806607353773
U_30452781,C_680979,1.0,辽宁对外经贸学院,2020-06-29 09:47:54,4,E,781,100,0.0277777777777777,0.0,0.0018348623853211,0.0018348623853211,0.0028818443804034,0.0007575757575757,0.0612141488758275
U_33329950,C_697076,2.0,辽宁对外经贸学院,2020-09-22 08:40:51,4,E,781,121,0.0416666666666666,0.0,0.018348623853211,0.018348623853211,0.0259365994236311,0.0075757575757575,0.059823546123655
U_19309663,C_1017355,2.0,广州中医药大学,2020-04-16 19:15:28,0,A,423,0,0.1111111111111111,0.0,0.1944954128440367,0.2678899082568807,0.2103746397694524,0.0696969696969697,0.0696044610207615
U_28296722,C_1750795,1.0,军械士官学校,2020-06-13 08:10:43,4,E,150,18,0.0416666666666666,0.0,0.0055045871559633,0.0055045871559633,0.0086455331412103,0.0045454545454545,0.0612757659139103
U_13109632,C_1808487,0.0,天津师范大学,2020-06-29 11:11:50,4,E,322,55,0.0416666666666666,0.0,0.0018348623853211,0.0018348623853211,0.0028818443804034,0.0015151515151515,0.0612298874184274
U_31063497,C_735115,1.0,昆明理工大学,2020-07-26 09:01:55,0,A,476,136,0.1388888888888889,0.0,0.5211009174311927,0.5211009174311927,0.7896253602305475,0.2712121212121212,0.0715580509539571
U_8681005,C_735197,1.0,华南理工大学,2020-11-03 22:24:15,4,E,211,141,0.1805555555555555,0.0,0.128440366972477,0.128440366972477,0.1930835734870317,0.0575757575757575,0.0653603881910479
U_33834534,C_735164,1.0,昆明理工大学,2020-10-20 09:45:41,0,A,476,138,0.1111111111111111,0.0,0.2862385321100917,0.3376146788990826,0.440922190201729,0.1606060606060606,0.019631111282071
U_25292740,C_801420,0.0,辽宁对外经贸学院,2020-09-01 09:38:24,4,E,781,155,0.0277777777777777,0.0,0.0018348623853211,0.0018348623853211,0.0028818443804034,0.0007575757575757,0.0612456853891302
U_29491030,C_1761372,1.0,昆明理工大学,2020-04-22 08:55:06,0,A,476,32,0.0277777777777777,0.0,0.2110091743119266,0.2458715596330275,0.2305475504322766,0.0742424242424242,0.0727359803350135
U_28932174,C_948113,1.0,辽宁对外经贸学院,2020-04-24 06:29:18,4,E,781,166,0.0416666666666666,0.0,0.0715596330275229,0.0715596330275229,0.0605187319884726,0.031060606060606,0.0626905509516446
U_5152216,C_735197,0.0,华南理工大学,2020-09-15 22:50:31,4,E,211,141,0.0416666666666666,0.0,0.0568807339449541,0.0568807339449541,0.0518731988472622,0.0265151515151515,0.0628875947316829
U_31465149,C_801420,2.0,辽宁对外经贸学院,2020-08-26 12:35:10,4,E,781,155,0.0277777777777777,0.0,0.0036697247706422,0.0036697247706422,0.0028818443804034,0.0007575757575757,0.0613211095564667
U_31071046,C_682392,0.0,中国医科大学,2020-09-14 20:19:53,2,C,69,108,0.1388888888888889,0.0,0.0275229357798165,0.0275229357798165,0.0144092219020172,0.0037878787878787,0.0549249024539194
U_13796128,C_837698,1.0,昆明理工大学,2020-02-21 16:57:48,0,A,476,160,0.0277777777777777,0.0,0.1743119266055046,0.2844036697247706,0.2046109510086455,0.0568181818181818,0.0711307678460368
U_20985380,C_1732845,1.0,铜仁学院,2020-03-25 16:51:40,0,A,850,13,0.0416666666666666,0.0,0.1944954128440367,0.2770642201834862,0.2103746397694524,0.0545454545454545,0.0682661649038751
U_4739927,C_735197,0.0,华南理工大学,2020-09-14 14:30:04,3,D,211,141,0.0138888888888888,0.0,0.0091743119266055,0.0091743119266055,0.0115273775216138,0.003030303030303,0.0271088971804438
U_12695964,C_948387,2.0,深圳信息职业技术学院,2020-10-13 08:34:12,4,E,610,169,0.0416666666666666,0.0,0.0458715596330275,0.0458715596330275,0.0518731988472622,0.0136363636363636,0.0663075978670568
U_32085283,C_2027893,1.0,辽宁对外经贸学院,2020-11-08 15:45:11,4,E,781,84,0.0416666666666666,0.0,0.0458715596330275,0.0458715596330275,0.0489913544668587,0.0159090909090909,0.0624017848470336
U_12528772,C_756642,0.0,潍坊医学院,2020-05-18 22:04:23,2,C,651,149,0.125,0.0,0.0532110091743119,0.0532110091743119,0.0547550432276657,0.0174242424242424,0.0756489676576662
U_10480937,C_674920,1.0,辽宁对外经贸学院,2020-06-14 11:31:43,4,E,781,87,0.0555555555555555,0.0,0.2201834862385321,0.2201834862385321,0.1268011527377521,0.0333333333333333,0.0680428984734068
U_9777458,C_735197,0.0,华南理工大学,2020-11-19 12:11:13,4,E,211,141,0.0416666666666666,0.0,0.0091743119266055,0.0091743119266055,0.0144092219020172,0.0037878787878787,0.0616259559152694
U_34335075,C_1755941,0.0,辽宁对外经贸学院,2020-10-28 19:35:59,4,E,781,24,0.0416666666666666,0.0,0.0110091743119266,0.0110091743119266,0.0172910662824207,0.0045454545454545,0.0616057454079221
U_31549477,C_801420,2.0,辽宁对外经贸学院,2020-08-31 02:19:07,4,E,781,155,0.0416666666666666,0.0,0.0715596330275229,0.0715596330275229,0.0605187319884726,0.0333333333333333,0.0617189559440555
U_4751549,C_735197,0.0,华南理工大学,2020-09-26 23:35:08,3,D,211,141,0.1527777777777777,0.0,0.163302752293578,0.2440366972477064,0.0749279538904899,0.1492424242424242,0.014195868754087
U_18304822,C_948488,0.0,合肥工业大学,2020-03-06 14:21:39,0,A,248,172,0.1111111111111111,0.0,0.1908256880733945,0.2752293577981651,0.2161383285302593,0.0598484848484848,0.0675102988623626
U_32697792,C_735197,0.0,华南理工大学,2020-09-14 23:30:01,3,D,211,141,0.1388888888888889,0.0,0.0256880733944954,0.0256880733944954,0.0345821325648414,0.0136363636363636,0.0806256602359523
U_31103687,C_1760297,1.0,辽宁对外经贸学院,2020-08-06 09:38:54,4,E,781,29,0.0416666666666666,0.0,0.0018348623853211,0.0018348623853211,0.0,0.0,0.0614135103518813
U_9009210,C_674920,0.0,辽宁对外经贸学院,2020-07-25 21:13:19,4,E,781,87,0.0416666666666666,0.0,0.055045871559633,0.055045871559633,0.0691642651296829,0.0181818181818181,0.0619352643341359
U_31067780,C_682392,0.0,昆明理工大学,2020-09-15 19:09:25,0,A,476,108,0.1666666666666666,0.0,0.3871559633027523,0.3871559633027523,0.5936599423631124,0.2121212121212121,0.056014942623044
U_34268608,C_697076,1.0,辽宁对外经贸学院,2020-11-19 10:35:21,4,E,781,121,0.0555555555555555,0.0,0.1743119266055046,0.1743119266055046,0.1354466858789625,0.0371212121212121,0.066002246369379
U_31066119,C_682392,0.0,昆明理工大学,2020-08-07 09:27:44,0,A,476,108,0.1805555555555555,0.0,0.4495412844036697,0.4495412844036697,0.7060518731988472,0.2469696969696969,0.0632305889802423
U_23969917,C_735164,0.0,宁夏师范学院,2020-09-18 16:47:29,0,A,335,138,0.0416666666666666,0.0,0.2293577981651376,0.255045871559633,0.2046109510086455,0.053030303030303,0.0035085202138708
U_30897913,C_1824926,2.0,武汉职业技术学院,2020-07-09 14:25:13,0,A,511,58,0.125,0.0,0.1798165137614679,0.2715596330275229,0.239193083573487,0.059090909090909,0.0661028234812921
U_29820947,C_766175,0.0,华南理工大学,2020-05-10 14:17:19,3,D,211,151,0.1666666666666666,0.0,0.0201834862385321,0.0201834862385321,0.031700288184438,0.0083333333333333,0.0749145056379021
U_16068515,C_1774985,1.0,辽宁对外经贸学院,2020-06-07 15:00:34,4,E,781,46,0.0277777777777777,0.0,0.0018348623853211,0.0018348623853211,0.0,0.0,0.0611571226586982
U_29822118,C_756642,2.0,辽宁对外经贸学院,2020-05-12 18:34:20,4,E,781,149,0.0416666666666666,0.0,0.0660550458715596,0.0660550458715596,0.0576368876080691,0.0318181818181818,0.061656412818035
U_2102430,C_735164,0.0,厦门理工学院,2020-11-10 09:35:11,0,A,244,138,0.0138888888888888,0.0,0.1266055045871559,0.2403669724770642,0.1815561959654178,0.0454545454545454,0.0500812941598641
U_31066596,C_682392,0.0,昆明理工大学,2020-08-12 10:45:55,0,A,476,108,0.1388888888888889,0.0,0.4495412844036697,0.4495412844036697,0.6051873198847262,0.2113636363636363,0.0644468494877061
U_34527385,C_735385,0.0,延安大学,2020-10-28 08:47:32,4,E,444,146,0.0416666666666666,0.0,0.0055045871559633,0.0055045871559633,0.0057636887608069,0.0015151515151515,0.0612951840465516
U_24494046,C_948436,2.0,西安美术学院,2020-05-31 18:05:51,4,E,727,171,0.0138888888888888,0.0,0.0660550458715596,0.0660550458715596,0.0403458213256484,0.0318181818181818,0.0621014797857652
U_25384417,C_735197,2.0,辽宁对外经贸学院,2020-09-09 19:03:33,4,E,781,141,0.0416666666666666,0.0,0.0678899082568807,0.0678899082568807,0.0691642651296829,0.0181818181818181,0.0615129880438897
U_32718272,C_735164,2.0,昆明理工大学,2020-09-28 21:24:50,2,C,476,138,0.0138888888888888,0.0,0.1706422018348624,0.1706422018348624,0.1066282420749279,0.0386363636363636,0.0760835901363017
U_14390866,C_1714448,2.0,中国医科大学,2020-05-10 10:36:46,0,A,69,8,0.0972222222222222,0.0,0.1449541284403669,0.1449541284403669,0.1815561959654178,0.0477272727272727,0.0674522277010896
U_31066612,C_682392,0.0,昆明理工大学,2020-08-07 16:36:48,0,A,476,108,0.0972222222222222,0.0,0.1449541284403669,0.2844036697247706,0.1786743515850144,0.0424242424242424,0.0438015859484805
U_13815793,C_735321,0.0,沈阳建筑大学,2020-06-14 09:43:43,4,E,539,145,0.0277777777777777,0.0,0.0036697247706422,0.0036697247706422,0.0,0.0,0.0613007653358877
U_30560734,C_1829948,1.0,辽宁对外经贸学院,2020-06-16 15:20:25,4,E,781,61,0.0277777777777777,0.0,0.0311926605504587,0.0311926605504587,0.0374639769452449,0.0098484848484848,0.0613614513336908
U_31574077,C_1992917,2.0,辽宁对外经贸学院,2020-08-28 19:30:38,4,E,781,80,0.0277777777777777,0.0,0.0862385321100917,0.0862385321100917,0.0374639769452449,0.0416666666666666,0.0638103101245897
U_29594903,C_948136,1.0,辽宁对外经贸学院,2020-04-23 15:24:47,4,E,781,168,0.0416666666666666,0.0,0.0825688073394495,0.0825688073394495,0.0605187319884726,0.0333333333333333,0.0620123178219618
U_13535194,C_948120,0.0,昆明理工大学,2020-10-08 19:39:39,0,A,476,167,0.0694444444444444,0.0,0.0385321100917431,0.0385321100917431,0.0547550432276657,0.0159090909090909,0.069317720423993
U_18516861,C_2027893,0.0,二中,2020-09-23 10:45:51,4,E,101,84,0.0416666666666666,0.0,0.0110091743119266,0.0110091743119266,0.0172910662824207,0.006060606060606,0.0613349563044557
U_23192902,C_707358,1.0,昆明理工大学,2020-05-14 14:02:02,0,A,476,134,0.0277777777777777,0.0,0.018348623853211,0.018348623853211,0.0288184438040345,0.0075757575757575,0.0632680385897891
U_29912473,C_1755941,0.0,昆明理工大学,2020-05-10 21:20:19,0,A,476,24,0.0972222222222222,0.0,0.0770642201834862,0.0770642201834862,0.1066282420749279,0.028030303030303,0.082432953036693
U_7374696,C_1824911,1.0,重庆三峡医药高等专科学校,2020-06-10 18:39:48,4,E,822,57,0.0416666666666666,0.0,0.0256880733944954,0.0256880733944954,0.0230547550432276,0.006060606060606,0.061523115583102
U_33555025,C_697076,2.0,辽宁对外经贸学院,2020-11-16 13:54:43,4,E,781,121,0.0555555555555555,0.0,0.1834862385321101,0.1834862385321101,0.1988472622478386,0.0621212121212121,0.0655917071294669
U_33064363,C_735164,1.0,昆明理工大学,2020-10-19 20:07:11,0,A,476,138,0.0416666666666666,0.0,0.2862385321100917,0.2990825688073394,0.4495677233429394,0.1636363636363636,0.0691340083483847
U_31683208,C_682392,0.0,昆明理工大学,2020-09-14 20:01:41,0,A,476,108,0.0972222222222222,0.0,0.1743119266055046,0.2990825688073394,0.2074927953890489,0.0227272727272727,0.0573824278431662
U_32612201,C_735164,2.0,昆明理工大学,2020-11-28 14:59:48,0,A,476,138,0.125,0.0,0.2770642201834862,0.2770642201834862,0.4351585014409221,0.1598484848484848,0.0663722209766809
U_31066626,C_682392,0.0,昆明理工大学,2020-08-10 16:24:24,0,A,476,108,0.0972222222222222,0.0,0.1357798165137614,0.2605504587155963,0.1815561959654178,0.0439393939393939,0.0462757016831362
U_33344806,C_697076,1.0,辽宁对外经贸学院,2020-10-15 10:47:16,4,E,781,121,0.0416666666666666,0.0,0.0844036697247706,0.0844036697247706,0.0778097982708933,0.0348484848484848,0.0615673102823345
U_28480384,C_677087,2.0,昆明理工大学,2020-05-25 10:28:23,0,A,476,92,0.0972222222222222,0.0,0.036697247706422,0.036697247706422,0.0489913544668587,0.0128787878787878,0.061304335974407
U_18202849,C_676635,1.0,中山学院,2020-06-15 08:38:13,4,E,92,89,0.0416666666666666,0.0,0.0091743119266055,0.0091743119266055,0.0086455331412103,0.0022727272727272,0.0613626299910661
U_19190649,C_1774982,2.0,辽宁对外经贸学院,2020-08-20 21:28:22,4,E,781,45,0.0416666666666666,0.0,0.0642201834862385,0.0642201834862385,0.0374639769452449,0.0295454545454545,0.0066584605916067
U_3769987,C_735164,2.0,昆明理工大学,2020-12-03 10:15:44,0,A,476,138,0.1111111111111111,0.0,0.0990825688073394,0.1027522935779816,0.1556195965417867,0.0742424242424242,0.066257098836569
U_12089942,C_948488,0.0,合肥工业大学,2020-03-02 16:57:55,0,A,248,172,0.1111111111111111,0.0,0.2,0.2752293577981651,0.2190201729106628,0.0568181818181818,0.069938154771208
U_33246389,C_697076,1.0,辽宁对外经贸学院,2020-11-16 21:20:41,4,E,781,121,0.0277777777777777,0.0,0.0660550458715596,0.0660550458715596,0.0086455331412103,0.0159090909090909,0.0639493174097485
U_5243624,C_735164,0.0,西昌学院,2020-11-24 15:06:33,0,A,736,138,0.0972222222222222,0.0,0.0715596330275229,0.0715596330275229,0.1123919308357348,0.0515151515151515,0.0635570275497861
U_33459316,C_735164,2.0,昆明理工大学,2020-09-23 10:38:09,0,A,476,138,0.1111111111111111,0.0,0.1963302752293578,0.2788990825688073,0.239193083573487,0.0636363636363636,0.0648730282233798
U_6220196,C_1829948,0.0,北方民族大学,2020-06-19 14:33:12,4,E,190,61,0.0138888888888888,0.0,0.0073394495412844,0.0073394495412844,0.0057636887608069,0.0015151515151515,0.0605090740529758
U_33151118,C_735164,1.0,昆明理工大学,2020-09-19 23:29:57,0,A,476,138,0.0138888888888888,0.0,0.036697247706422,0.0403669724770642,0.0547550432276657,0.025,0.0203821203871067
U_31124716,C_1912004,0.0,滨州医学院,2020-08-03 14:49:19,4,E,649,74,0.0833333333333333,0.0,0.0091743119266055,0.0091743119266055,0.0086455331412103,0.0022727272727272,0.070835895503847
U_33329609,C_697076,2.0,辽宁对外经贸学院,2020-11-30 17:34:20,4,E,781,121,0.0416666666666666,0.0,0.0642201834862385,0.0642201834862385,0.0720461095100864,0.0204545454545454,0.061161292530589
U_17698399,C_707103,1.0,中国消防救援学院,2020-09-07 15:35:36,0,A,75,133,0.0972222222222222,0.0,0.055045871559633,0.055045871559633,0.0720461095100864,0.0234848484848484,0.0683717042623852
U_30672359,C_1829948,2.0,中国医科大学,2020-06-24 11:09:02,2,C,69,61,0.0416666666666666,0.0,0.0422018348623853,0.0422018348623853,0.0374639769452449,0.0098484848484848,0.0610321800245726
U_31117813,C_1755909,1.0,辽宁对外经贸学院,2020-08-02 09:32:13,4,E,781,21,0.0416666666666666,0.0,0.0697247706422018,0.0697247706422018,0.0605187319884726,0.0325757575757575,0.0613937653646737
U_29486351,C_948488,2.0,辽宁对外经贸学院,2020-04-20 17:51:13,4,E,781,172,0.0416666666666666,0.0,0.0660550458715596,0.0660550458715596,0.0489913544668587,0.031060606060606,0.0634463328033446
U_17190531,C_674959,1.0,新疆大学,2020-05-24 18:51:26,4,E,465,88,0.0277777777777777,0.0,0.0018348623853211,0.0018348623853211,0.0,0.0,0.0612535893268235
U_22882562,C_735164,1.0,昆明理工大学,2020-09-15 13:49:55,0,A,476,138,0.0138888888888888,0.0,0.0091743119266055,0.0091743119266055,0.0144092219020172,0.006060606060606,0.0620408284543555
U_16290506,C_674920,1.0,辽宁对外经贸学院,2020-04-19 16:37:56,4,E,781,87,0.0416666666666666,0.0,0.0770642201834862,0.0770642201834862,0.063400576368876,0.0333333333333333,0.0617375519879392
U_16088288,C_786631,1.0,北华航天工业学院,2020-04-17 15:33:09,4,E,186,154,0.0277777777777777,0.0,0.0532110091743119,0.0532110091743119,0.0518731988472622,0.0409090909090909,0.0586224843535225
U_4458390,C_735197,1.0,华南理工大学,2020-10-21 18:20:28,4,E,211,141,0.0416666666666666,0.0,0.0788990825688073,0.0788990825688073,0.0547550432276657,0.028030303030303,0.0660687909876653
U_30615162,C_1829948,0.0,辽宁对外经贸学院,2020-06-19 14:36:58,4,E,781,61,0.0555555555555555,0.0,0.0073394495412844,0.0073394495412844,0.0028818443804034,0.0007575757575757,0.0610537276642365
U_5934808,C_1750793,0.0,北京体育大学,2020-06-16 16:38:19,0,A,159,17,0.0138888888888888,0.0,0.036697247706422,0.036697247706422,0.0518731988472622,0.0272727272727272,0.0693335035376701
U_30254613,C_766175,0.0,华南理工大学,2020-05-28 15:21:24,3,D,211,151,0.1388888888888889,0.0,0.0587155963302752,0.0587155963302752,0.0259365994236311,0.0068181818181818,0.080623565395323
U_24863358,C_808528,2.0,中国医科大学,2020-02-19 20:24:14,2,C,69,156,0.0138888888888888,0.0,0.1798165137614679,0.1798165137614679,0.1642651296829971,0.0553030303030303,0.0708152244287018
U_28934310,C_786631,1.0,华南理工大学,2020-07-21 16:51:17,3,D,211,154,0.1527777777777777,0.0,0.255045871559633,0.255045871559633,0.170028818443804,0.0553030303030303,0.0872424842660443
U_33548618,C_1992945,1.0,辽宁对外经贸学院,2020-09-24 09:03:16,4,E,781,82,0.0416666666666666,0.0,0.0678899082568807,0.0678899082568807,0.0576368876080691,0.0325757575757575,0.0614016197789479
U_6100030,C_1017355,2.0,广州中医药大学,2020-04-20 08:44:31,0,A,423,0,0.125,0.0,0.1871559633027523,0.2642201834862385,0.2247838616714697,0.075,0.0703744907601455
U_29643569,C_948488,0.0,中国医科大学,2020-04-25 12:41:43,2,C,69,172,0.1666666666666666,0.0,0.1908256880733945,0.1908256880733945,0.1959654178674351,0.0659090909090909,0.0757514613258997
U_25326361,C_801420,1.0,延安大学,2020-08-30 14:21:56,4,E,444,155,0.0277777777777777,0.0,0.0036697247706422,0.0036697247706422,0.0,0.0,0.0224295110974343
U_19184239,C_801420,0.0,北京工商大学,2020-07-14 10:20:01,4,E,166,155,0.0555555555555555,0.0,0.1614678899082569,0.1614678899082569,0.1585014409221901,0.025,0.0650193303081766
U_30010434,C_2027893,1.0,辽宁对外经贸学院,2020-10-04 09:59:23,4,E,781,84,0.0277777777777777,0.0,0.0055045871559633,0.0055045871559633,0.0057636887608069,0.0015151515151515,0.0612670299827756
U_11969670,C_948488,1.0,合肥工业大学宣城校区,2020-03-06 14:48:47,0,A,249,172,0.0138888888888888,0.0,0.1944954128440367,0.273394495412844,0.2103746397694524,0.0537878787878787,0.0614442396334521
U_20268071,C_1774985,1.0,沈阳建筑大学,2020-08-05 20:24:49,4,E,539,46,0.0416666666666666,0.0,0.0477064220183486,0.0477064220183486,0.0605187319884726,0.0166666666666666,0.0622558244738289
U_13964608,C_813262,1.0,陕西工业职业技术学院,2019-11-06 20:23:35,4,E,876,157,0.0416666666666666,0.0,0.0752293577981651,0.0752293577981651,0.0547550432276657,0.031060606060606,0.061463221960005
U_14944615,C_747056,0.0,曲阜师范大学,2020-05-24 21:32:59,4,E,488,147,0.0277777777777777,0.0,0.0018348623853211,0.0018348623853211,0.0,0.0,0.0612535893268235
U_32566317,C_2027893,0.0,辽宁对外经贸学院,2020-09-14 08:08:32,4,E,781,84,0.0416666666666666,0.0,0.0036697247706422,0.0036697247706422,0.0028818443804034,0.003030303030303,0.0599681941262528
U_30593615,C_1829948,2.0,中国医科大学,2020-06-18 08:57:26,2,C,69,61,0.3055555555555555,0.0,0.4752293577981651,0.4752293577981651,0.2853025936599423,0.075,0.0784201694313469
U_5235975,C_674920,0.0,西昌民族幼儿师范高等专科学校,2020-06-20 09:19:45,4,E,751,87,0.0416666666666666,0.0,0.0697247706422018,0.0697247706422018,0.031700288184438,0.0159090909090909,0.0631575815557594
U_33442561,C_697076,2.0,辽宁对外经贸学院,2020-11-09 15:30:26,4,E,781,121,0.0277777777777777,0.0,0.0752293577981651,0.0752293577981651,0.031700288184438,0.0287878787878787,0.0601513515395669
U_5256527,C_674920,2.0,西昌民族幼儿师范高等专科学校,2020-06-12 14:53:52,4,E,751,87,0.0277777777777777,0.0,0.0807339449541284,0.0807339449541284,0.0922190201729106,0.0303030303030303,0.0595332150789996
U_10929089,C_735385,0.0,湖南大学,2020-05-02 08:33:48,4,E,640,146,0.0416666666666666,0.0,0.036697247706422,0.036697247706422,0.0461095100864553,0.0121212121212121,0.0619507057362209
U_4750592,C_735197,0.0,华南理工大学,2020-09-15 19:21:03,2,C,211,141,0.1388888888888889,0.0,0.1834862385321101,0.1834862385321101,0.1642651296829971,0.0606060606060606,0.0084086625379851
U_33803708,C_735164,2.0,昆明理工大学,2020-09-26 16:33:28,0,A,476,138,0.1111111111111111,0.0,0.2,0.2110091743119266,0.2507204610951008,0.0318181818181818,0.0685159214112365
U_30391519,C_747056,0.0,辽宁对外经贸学院,2020-06-07 15:26:28,4,E,781,147,0.0277777777777777,0.0,0.0036697247706422,0.0036697247706422,0.0,0.0,0.0614122623617192
U_33383616,C_697076,1.0,辽宁对外经贸学院,2020-12-04 23:50:39,4,E,781,121,0.0555555555555555,0.0,0.1834862385321101,0.1834862385321101,0.1815561959654178,0.0575757575757575,0.0657957782826799
U_1942910,C_1829948,1.0,佛山职业技术学院,2020-08-28 20:28:10,0,A,123,61,0.2777777777777778,0.0,0.3926605504587156,0.3926605504587156,0.3573487031700288,0.0939393939393939,0.1151142439512251
U_30656757,C_707035,2.0,辽宁对外经贸学院,2020-08-19 10:23:50,4,E,781,130,0.0416666666666666,0.0,0.018348623853211,0.018348623853211,0.0144092219020172,0.0037878787878787,0.0626207278830118
U_30328111,C_680814,2.0,辽宁对外经贸学院,2020-06-02 20:10:17,4,E,781,96,0.0277777777777777,0.0,0.0055045871559633,0.0055045871559633,0.0,0.0,0.0613746295155215
U_31152766,C_735197,0.0,辽宁对外经贸学院,2020-11-02 20:23:15,4,E,781,141,0.0416666666666666,0.0,0.128440366972477,0.128440366972477,0.0893371757925072,0.0234848484848484,0.0651411727762645
U_27875960,C_735283,1.0,辽宁对外经贸学院,2020-04-20 15:53:26,4,E,781,143,0.0416666666666666,0.0,0.0697247706422018,0.0697247706422018,0.0547550432276657,0.0318181818181818,0.0633572847434051
U_30825160,C_735283,1.0,辽宁对外经贸学院,2020-07-02 20:43:37,4,E,781,143,0.0277777777777777,0.0,0.0165137614678899,0.0165137614678899,0.0144092219020172,0.0037878787878787,0.062151755960867
U_11638820,C_801420,0.0,南京邮电大学,2020-09-04 13:47:20,4,E,228,155,0.0416666666666666,0.0,0.0091743119266055,0.0091743119266055,0.0057636887608069,0.0015151515151515,0.0615000079557355
U_22268861,C_801420,0.0,南京邮电大学通达学院,2020-09-01 09:58:04,4,E,229,155,0.0277777777777777,0.0,0.0018348623853211,0.0018348623853211,0.0028818443804034,0.0007575757575757,0.0611950179790172
U_32578732,C_735164,1.0,昆明理工大学,2020-11-30 23:27:15,4,E,476,138,0.0416666666666666,0.0,0.0091743119266055,0.0091743119266055,0.0144092219020172,0.006060606060606,0.0608436938913601
U_33459868,C_2027893,1.0,辽宁对外经贸学院,2020-09-23 10:48:32,4,E,781,84,0.0416666666666666,0.0,0.0110091743119266,0.0110091743119266,0.0144092219020172,0.0053030303030303,0.0613840934409175
U_31103873,C_1992950,2.0,河北北方学院,2020-10-31 20:58:39,4,E,546,83,0.0416666666666666,0.0,0.0055045871559633,0.0055045871559633,0.0057636887608069,0.0303030303030303,0.0611207031362693
U_21186551,C_801420,0.0,南京邮电大学通达学院,2020-09-04 09:40:03,4,E,229,155,0.0277777777777777,0.0,0.0036697247706422,0.0036697247706422,0.0028818443804034,0.0007575757575757,0.0612704371940118
U_29822875,C_756642,2.0,昆明理工大学,2020-05-07 22:21:05,0,A,476,149,0.0972222222222222,0.0,0.2110091743119266,0.2532110091743119,0.1844380403458213,0.0901515151515151,0.0780198963962206
U_16681389,C_1844112,1.0,内蒙古大学,2020-08-19 08:11:39,0,A,145,63,0.1666666666666666,0.0,0.3669724770642202,0.4018348623853211,0.5504322766570605,0.571969696969697,0.1090933569257991
U_16807580,C_1776290,1.0,河北农业大学,2020-05-16 11:14:31,0,A,545,48,0.0694444444444444,0.0,0.0091743119266055,0.0091743119266055,0.0144092219020172,0.0075757575757575,0.0711740760760669
U_3299920,C_735164,0.0,遵义医学院,2020-10-25 09:44:34,0,A,800,138,0.0277777777777777,0.0,0.2091743119266055,0.2165137614678899,0.2276657060518732,0.0696969696969697,0.0709658806785398
U_29934390,C_697062,0.0,昆明理工大学,2020-05-12 08:25:50,0,A,476,120,0.1111111111111111,0.0,0.1889908256880734,0.1889908256880734,0.2824207492795388,0.0803030303030303,0.0670039367587739
U_30392108,C_676635,2.0,广州中医药大学,2020-06-07 16:50:35,1,B,423,89,0.2222222222222222,0.0,0.0642201834862385,0.0642201834862385,0.0518731988472622,0.0136363636363636,0.116657879813229
U_33050583,C_735164,1.0,昆明理工大学,2020-10-23 22:38:49,0,A,476,138,0.0416666666666666,0.0,0.2862385321100917,0.3284403669724771,0.4265129682997118,0.1537878787878787,0.0703714747839204
U_20262437,C_948395,2.0,西安美术学院,2020-05-21 09:09:04,0,A,727,170,0.1527777777777777,0.0,0.018348623853211,0.018348623853211,0.0230547550432276,0.0166666666666666,0.0650592263746285
U_31015430,C_674920,1.0,辽宁对外经贸学院,2020-07-19 16:48:29,4,E,781,87,0.0416666666666666,0.0,0.0018348623853211,0.0018348623853211,0.0,0.0,0.0605643570457517
U_29680766,C_1017355,0.0,广州中医药大学,2020-05-08 22:31:10,1,B,423,0,0.2083333333333333,0.0,0.0825688073394495,0.0825688073394495,0.1037463976945244,0.0325757575757575,0.111910337047604
U_30945967,C_1912004,0.0,辽宁对外经贸学院,2020-11-22 20:59:31,4,E,781,74,0.0277777777777777,0.0,0.0055045871559633,0.0055045871559633,0.0028818443804034,0.0007575757575757,0.0618643913690175
U_389702,C_1738818,1.0,辽宁对外经贸学院,2020-09-22 08:04:19,4,E,781,15,0.0277777777777777,0.0,0.0055045871559633,0.0055045871559633,0.0028818443804034,0.0015151515151515,0.0615708660638281
U_33220462,C_697076,2.0,辽宁对外经贸学院,2020-12-04 10:15:12,0,A,781,121,0.1527777777777777,0.0,0.5541284403669725,0.5541284403669725,0.8703170028818443,0.2931818181818181,0.0764215924242127
U_6758533,C_1824911,2.0,重庆三峡医药高等专科学校,2020-06-10 19:04:49,4,E,822,57,0.0416666666666666,0.0,0.0660550458715596,0.0660550458715596,0.0432276657060518,0.028030303030303,0.0617088482142109
U_28419889,C_786631,1.0,辽宁对外经贸学院,2020-03-07 11:38:50,4,E,781,154,0.0138888888888888,0.0,0.0587155963302752,0.0587155963302752,0.0172910662824207,0.0409090909090909,0.0588199738443331
U_34116547,C_735195,2.0,辽宁对外经贸学院,2020-11-06 21:04:01,4,E,781,140,0.0277777777777777,0.0,0.0055045871559633,0.0055045871559633,0.0086455331412103,0.0022727272727272,0.0613093774584745
U_29682072,C_1714448,1.0,辽宁对外经贸学院,2020-04-27 12:34:56,4,E,781,8,0.0416666666666666,0.0,0.0660550458715596,0.0660550458715596,0.063400576368876,0.0363636363636363,0.0623649097091487
U_4741945,C_1472684,1.0,贵州医科大学,2020-09-08 14:51:42,4,E,762,3,0.0277777777777777,0.0,0.0055045871559633,0.0055045871559633,0.0057636887608069,0.0015151515151515,0.0609501791471755
U_33834272,C_735197,0.0,辽宁对外经贸学院,2020-09-27 11:39:10,4,E,781,141,0.0416666666666666,0.0,0.0018348623853211,0.0018348623853211,0.0,0.0,0.0609915163451242
U_29502620,C_697062,2.0,昆明理工大学,2020-04-25 11:01:27,0,A,476,120,0.1111111111111111,0.0,0.1963302752293578,0.2770642201834862,0.2363112391930835,0.0606060606060606,0.064924250295787
U_11985219,C_1714448,0.0,中国医科大学,2020-05-08 15:34:50,2,C,69,8,0.1388888888888889,0.0,0.1412844036697247,0.1412844036697247,0.1786743515850144,0.0469696969696969,0.0734277729768544
U_24666705,C_948395,2.0,西安美术学院,2020-05-24 17:03:00,0,A,727,170,0.1388888888888889,0.0,0.110091743119266,0.110091743119266,0.1729106628242074,0.1,0.0683069028684523
U_34264392,C_697076,1.0,辽宁对外经贸学院,2020-12-06 11:48:37,4,E,781,121,0.0555555555555555,0.0,0.2128440366972477,0.2128440366972477,0.201729106628242,0.0598484848484848,0.0667787438673015
U_5245118,C_674920,0.0,辽宁对外经贸学院,2020-07-01 16:29:05,4,E,781,87,0.0833333333333333,0.0,0.055045871559633,0.055045871559633,0.031700288184438,0.0083333333333333,0.0617903489050747
U_30950878,C_1829948,0.0,中国医科大学,2020-07-14 11:51:06,2,C,69,61,0.25,0.0,0.4770642201834862,0.4770642201834862,0.4553314121037464,0.1196969696969696,0.0759596577799264
U_9463901,C_758928,1.0,云南财经大学,2020-05-27 02:49:55,4,E,117,150,0.0416666666666666,0.0,0.0055045871559633,0.0055045871559633,0.0086455331412103,0.0022727272727272,0.0612689663484636
U_31039914,C_1912004,0.0,辽宁对外经贸学院,2020-10-03 18:43:26,4,E,781,74,0.0277777777777777,0.0,0.0055045871559633,0.0055045871559633,0.0086455331412103,0.0022727272727272,0.0617963660004992
U_12923199,C_1829948,0.0,北方民族大学,2020-06-17 15:04:05,4,E,190,61,0.0138888888888888,0.0,0.0311926605504587,0.0311926605504587,0.0403458213256484,0.0106060606060606,0.0610814013508469
U_11267649,C_1750793,1.0,北京体育大学,2020-05-11 19:52:35,0,A,159,17,0.0833333333333333,0.0,0.0238532110091743,0.0238532110091743,0.0230547550432276,0.0121212121212121,0.0677448467277089
U_33343451,C_697076,2.0,辽宁对外经贸学院,2020-11-22 09:21:58,4,E,781,121,0.0555555555555555,0.0,0.2055045871559633,0.2055045871559633,0.270893371757925,0.084090909090909,0.0656321281441616
U_29948821,C_756642,2.0,昆明理工大学,2020-05-12 17:39:58,0,A,476,149,0.0694444444444444,0.0,0.0091743119266055,0.0091743119266055,0.0144092219020172,0.0053030303030303,0.0744902038398135
U_30054351,C_735115,2.0,辽宁对外经贸学院,2020-05-19 14:32:09,4,E,781,136,0.0555555555555555,0.0,0.110091743119266,0.110091743119266,0.0749279538904899,0.0212121212121212,0.0638116720186158
U_22380128,C_948120,0.0,中国农业大学,2020-10-09 13:08:48,4,E,67,167,0.0138888888888888,0.0,0.1211009174311926,0.1211009174311926,0.0922190201729106,0.0257575757575757,0.0281536331115128
U_33220045,C_697076,2.0,辽宁对外经贸学院,2020-09-21 11:45:42,0,A,781,121,0.1111111111111111,0.0,0.1871559633027523,0.2788990825688073,0.2074927953890489,0.0613636363636363,0.0682338657299179
U_15035870,C_1776290,1.0,河北农业大学,2020-04-27 19:04:32,0,A,545,48,0.0972222222222222,0.0,0.2146788990825688,0.2715596330275229,0.2074927953890489,0.0803030303030303,0.0758677621233869
U_6817419,C_1824911,2.0,重庆三峡医药高等专科学校,2020-06-10 22:48:32,4,E,822,57,0.0416666666666666,0.0,0.0642201834862385,0.0642201834862385,0.0432276657060518,0.028030303030303,0.0643912792590992
U_30458599,C_1829948,0.0,辽宁对外经贸学院,2020-06-11 17:50:35,4,E,781,61,0.0138888888888888,0.0,0.0073394495412844,0.0073394495412844,0.0086455331412103,0.0022727272727272,0.0605888018054348
U_10720369,C_1017355,2.0,广州中医药大学,2020-05-05 20:04:07,0,A,423,0,0.2083333333333333,0.0,0.0825688073394495,0.0825688073394495,0.0835734870317002,0.0272727272727272,0.0691924856016946
U_6233820,C_1017355,2.0,广州中医药大学,2020-05-01 16:33:40,0,A,423,0,0.125,0.0,0.0825688073394495,0.0825688073394495,0.1152737752161383,0.0393939393939393,0.068006642378261
U_30851379,C_786631,0.0,华南理工大学,2020-07-05 22:57:41,3,D,211,154,0.1527777777777777,0.0,0.1357798165137614,0.1357798165137614,0.0979827089337175,0.0295454545454545,0.0832226485258139
U_14499540,C_682392,0.0,陕西工业职业技术学院,2020-09-01 10:15:48,0,A,876,108,0.0138888888888888,0.0,0.1944954128440367,0.2899082568807339,0.2564841498559078,0.0606060606060606,0.0626198859848865
U_30630622,C_1829948,0.0,辽宁对外经贸学院,2020-06-20 20:56:08,4,E,781,61,0.0416666666666666,0.0,0.0220183486238532,0.0220183486238532,0.0201729106628242,0.0053030303030303,0.0616706805150866
U_32718482,C_735164,2.0,昆明理工大学,2020-09-16 13:56:35,0,A,476,138,0.0138888888888888,0.0,0.1229357798165137,0.2,0.1930835734870317,0.056060606060606,0.0310120013847751
U_16036864,C_735164,0.0,昆明理工大学,2020-09-16 08:39:33,0,A,476,138,0.0972222222222222,0.0,0.0403669724770642,0.0477064220183486,0.063400576368876,0.028030303030303,0.0203927376235719
U_29755207,C_1017355,0.0,华南理工大学,2020-05-01 22:37:31,3,D,211,0,0.1388888888888889,0.0,0.0825688073394495,0.0825688073394495,0.0432276657060518,0.0121212121212121,0.0812563261215597
U_6102340,C_1017355,2.0,广州中医药大学,2020-03-10 22:35:11,0,A,423,0,0.1111111111111111,0.0,0.2018348623853211,0.273394495412844,0.201729106628242,0.0651515151515151,0.0689183140487016
U_18298388,C_948488,2.0,合肥工业大学,2020-03-06 14:16:14,1,B,248,172,0.0138888888888888,0.0,0.0385321100917431,0.0422018348623853,0.0605187319884726,0.0242424242424242,0.1081302342747029
U_13535041,C_948120,0.0,中国农业大学,2020-09-26 16:46:49,1,B,67,167,0.0138888888888888,0.0,0.0091743119266055,0.0091743119266055,0.0144092219020172,0.0037878787878787,0.1007197677389852
U_30396758,C_1828108,1.0,辽宁对外经贸学院,2020-06-08 11:12:33,4,E,781,60,0.0416666666666666,0.0,0.0311926605504587,0.0311926605504587,0.0374639769452449,0.0098484848484848,0.0618393028048857
U_14795381,C_677087,2.0,中国矿业大学（北京）,2020-06-11 22:09:53,4,E,85,92,0.0555555555555555,0.0,0.1045871559633027,0.1045871559633027,0.1296829971181556,0.034090909090909,0.0631451957486347
U_12604961,C_682392,0.0,昆明理工大学,2020-09-03 09:49:42,0,A,476,108,0.0138888888888888,0.0,0.018348623853211,0.018348623853211,0.0230547550432276,0.006060606060606,0.0494950903999524
U_14380744,C_1750793,1.0,北京体育大学,2020-06-02 22:44:23,0,A,159,17,0.0138888888888888,0.0,0.0238532110091743,0.0238532110091743,0.031700288184438,0.0166666666666666,0.0668393209135825
U_12038271,C_948488,0.0,合肥工业大学,2020-03-06 14:48:21,1,B,248,172,0.0138888888888888,0.0,0.0477064220183486,0.0477064220183486,0.0749279538904899,0.0204545454545454,0.1091964635839094
U_30588259,C_1829948,0.0,辽宁对外经贸学院,2020-06-17 19:16:24,4,E,781,61,0.0416666666666666,0.0,0.0073394495412844,0.0073394495412844,0.0057636887608069,0.0015151515151515,0.0612373753594
U_33459881,C_2027893,0.0,辽宁对外经贸学院,2020-09-23 10:45:20,4,E,781,84,0.0416666666666666,0.0,0.0110091743119266,0.0110091743119266,0.0115273775216138,0.0045454545454545,0.0614181061251766
U_33383677,C_697076,2.0,辽宁对外经贸学院,2020-10-02 10:51:20,4,E,781,121,0.0555555555555555,0.0,0.1834862385321101,0.1834862385321101,0.1873198847262247,0.0568181818181818,0.0651108347297049
U_1009601,C_735164,0.0,昆明理工大学,2020-09-18 19:54:18,0,A,476,138,0.0138888888888888,0.0,0.1926605504587156,0.273394495412844,0.2507204610951008,0.0727272727272727,0.0638521673184392
U_13535168,C_948120,1.0,中国农业大学,2020-10-02 13:37:41,2,C,67,167,0.0138888888888888,0.0,0.0862385321100917,0.0862385321100917,0.1152737752161383,0.0363636363636363,0.0746384670520079
U_11044939,C_676646,2.0,天津商业大学,2020-08-17 00:56:00,4,E,316,90,0.0277777777777777,0.0,0.0091743119266055,0.0091743119266055,0.0057636887608069,0.0015151515151515,0.0766088394814786
U_33224729,C_697076,2.0,辽宁对外经贸学院,2020-09-27 16:27:33,0,A,781,121,0.1111111111111111,0.0,0.0275229357798165,0.0275229357798165,0.0432276657060518,0.0136363636363636,0.0635575178316356
U_14946340,C_674920,0.0,西昌民族幼儿师范高等专科学校,2020-06-04 14:29:17,4,E,751,87,0.0138888888888888,0.0,0.055045871559633,0.055045871559633,0.0806916426512968,0.0212121212121212,0.0615072779936639
U_28472828,C_680814,1.0,辽宁对外经贸学院,2020-07-09 23:33:45,4,E,781,96,0.0277777777777777,0.0,0.0091743119266055,0.0091743119266055,0.0115273775216138,0.003030303030303,0.061389422160816
U_3491008,C_756642,0.0,天津中医药大学,2020-06-09 09:14:42,4,E,313,149,0.0416666666666666,0.0,0.0532110091743119,0.0532110091743119,0.0605187319884726,0.0196969696969696,0.0631480582022605
U_11082874,C_801420,0.0,青海大学,2020-08-18 13:03:20,4,E,891,155,0.0555555555555555,0.0,0.0623853211009174,0.0623853211009174,0.0518731988472622,0.0393939393939393,0.0647788792512698
U_34264395,C_697076,2.0,辽宁对外经贸学院,2020-11-06 08:02:42,4,E,781,121,0.0277777777777777,0.0,0.0642201834862385,0.0642201834862385,0.0922190201729106,0.031060606060606,0.0610143466413436
U_4740897,C_682392,0.0,陕西工业职业技术学院,2020-09-28 20:17:41,0,A,876,108,0.0972222222222222,0.0,0.1669724770642202,0.2587155963302752,0.1412103746397694,0.0409090909090909,0.0716276165008104
U_5822979,C_1824911,2.0,重庆三峡医药高等专科学校,2020-06-10 19:05:43,4,E,822,57,0.0416666666666666,0.0,0.0623853211009174,0.0623853211009174,0.0576368876080691,0.0151515151515151,0.0628043706258333
U_31273791,C_676646,1.0,辽宁对外经贸学院,2020-08-21 09:29:28,4,E,781,90,0.0277777777777777,0.0,0.018348623853211,0.018348623853211,0.0057636887608069,0.0015151515151515,0.0617089224993396
U_31066648,C_682392,0.0,昆明理工大学,2020-08-16 20:41:41,0,A,476,108,0.1388888888888889,0.0,0.4495412844036697,0.4495412844036697,0.6743515850144092,0.2333333333333333,0.114892102934954
U_12101822,C_1714448,2.0,中国医科大学,2020-03-19 19:35:04,0,A,69,8,0.0138888888888888,0.0,0.1908256880733945,0.2605504587155963,0.201729106628242,0.0598484848484848,0.0668410294715425
U_18252926,C_948113,1.0,西安思源学院,2020-02-25 18:07:17,4,E,721,166,0.0277777777777777,0.0,0.091743119266055,0.091743119266055,0.0576368876080691,0.0265151515151515,0.0646925104083054
U_33220437,C_697076,2.0,辽宁对外经贸学院,2020-12-06 12:31:47,4,E,781,121,0.0555555555555555,0.0,0.1651376146788991,0.1651376146788991,0.2507204610951008,0.0803030303030303,0.064203798451295
U_31060148,C_735115,2.0,昆明理工大学,2020-07-25 13:49:20,0,A,476,136,0.1388888888888889,0.0,0.5211009174311927,0.5211009174311927,0.8040345821325647,0.2757575757575757,0.0713844069894581
U_33329583,C_697076,2.0,辽宁对外经贸学院,2020-12-01 11:58:38,4,E,781,121,0.0555555555555555,0.0,0.128440366972477,0.128440366972477,0.1642651296829971,0.0522727272727272,0.0635852360893232
U_30594356,C_1829948,1.0,广州中医药大学,2020-06-18 09:39:11,1,B,423,61,0.5138888888888888,0.0,0.473394495412844,0.473394495412844,0.3515850144092218,0.0924242424242424,0.1055284620225532
U_8931427,C_735164,0.0,河南科技学院,2020-09-16 10:54:32,0,A,580,138,0.0972222222222222,0.0,0.218348623853211,0.2844036697247706,0.2132564841498559,0.05,0.0043379428395584
U_18310303,C_697062,2.0,湖北科技学院,2020-04-30 00:48:01,0,A,633,120,0.1111111111111111,0.0,0.1889908256880734,0.273394495412844,0.2046109510086455,0.0598484848484848,0.0679289549906703
U_14911772,C_674920,0.0,西昌民族幼儿师范高等专科学校,2020-06-04 12:08:18,4,E,751,87,0.0555555555555555,0.0,0.018348623853211,0.018348623853211,0.0288184438040345,0.0075757575757575,0.0584468099288391
U_32538755,C_735164,1.0,昆明理工大学,2020-12-01 08:56:54,0,A,476,138,0.0972222222222222,0.0,0.1798165137614679,0.2568807339449541,0.1671469740634005,0.0454545454545454,0.0693785203256602
U_6758172,C_1824911,2.0,重庆三峡医药高等专科学校,2020-06-04 09:42:17,4,E,822,57,0.0138888888888888,0.0,0.0568807339449541,0.0568807339449541,0.0374639769452449,0.0257575757575757,0.0610936930634752
U_4011926,C_735164,0.0,辽宁科技大学,2020-09-15 10:19:54,0,A,792,138,0.0277777777777777,0.0,0.0330275229357798,0.036697247706422,0.0518731988472622,0.0242424242424242,0.0692107349816444
U_16087946,C_786631,1.0,北华航天工业学院,2020-03-30 21:35:22,2,C,186,154,0.1388888888888889,0.0,0.181651376146789,0.181651376146789,0.170028818443804,0.0681818181818181,0.0782604663093332
U_6159685,C_735197,0.0,辽宁对外经贸学院,2020-10-23 13:27:51,4,E,781,141,0.0277777777777777,0.0,0.0091743119266055,0.0091743119266055,0.0115273775216138,0.003030303030303,0.0872023695041735
U_29596695,C_697155,2.0,辽宁对外经贸学院,2020-05-08 11:58:03,4,E,781,124,0.0416666666666666,0.0,0.0128440366972477,0.0128440366972477,0.0201729106628242,0.0053030303030303,0.0605456817643974
U_32852624,C_735164,1.0,昆明理工大学,2020-09-15 22:47:43,0,A,476,138,0.1111111111111111,0.0,0.2807339449541284,0.2807339449541284,0.201729106628242,0.0712121212121212,0.0678725725779896
U_1004662,C_735164,1.0,昆明理工大学,2020-09-16 15:27:39,0,A,476,138,0.0138888888888888,0.0,0.2293577981651376,0.2990825688073394,0.2046109510086455,0.0575757575757575,0.0601350137635956
U_7872910,C_1829948,0.0,北方民族大学,2020-06-18 12:06:29,4,E,190,61,0.0416666666666666,0.0,0.0220183486238532,0.0220183486238532,0.0230547550432276,0.006060606060606,0.0615229323464512
U_972181,C_735164,0.0,昆明理工大学,2020-11-27 12:52:18,0,A,476,138,0.0972222222222222,0.0,0.0605504587155963,0.0972477064220183,0.0461095100864553,0.0204545454545454,0.0680049833437202
U_16794328,C_1714448,0.0,长江大学,2020-05-13 17:45:33,0,A,858,8,0.1111111111111111,0.0,0.1981651376146789,0.2770642201834862,0.2276657060518732,0.0666666666666666,0.067630576390406
U_14036602,C_1918363,0.0,新乡医学院三全学院,2020-10-30 07:54:05,0,A,461,76,0.1111111111111111,0.0,0.1944954128440367,0.2770642201834862,0.1988472622478386,0.0704545454545454,0.0721187996764354
U_30326360,C_676635,2.0,广州中医药大学,2020-06-02 18:59:52,1,B,423,89,0.2222222222222222,0.0,0.0275229357798165,0.0275229357798165,0.0432276657060518,0.0113636363636363,0.1138120858656533
U_12061129,C_801420,1.0,南京邮电大学,2020-09-04 14:08:34,4,E,228,155,0.0277777777777777,0.0,0.0055045871559633,0.0055045871559633,0.0028818443804034,0.0007575757575757,0.0613831772576635
U_31201536,C_801420,0.0,辽宁对外经贸学院,2020-08-15 10:13:45,4,E,781,155,0.0277777777777777,0.0,0.0055045871559633,0.0055045871559633,0.0,0.0,0.0614305414557204
U_30830648,C_747056,0.0,辽宁对外经贸学院,2020-07-03 12:09:29,4,E,781,147,0.0277777777777777,0.0,0.0036697247706422,0.0036697247706422,0.0028818443804034,0.0007575757575757,0.06137824967746
U_30372194,C_1829948,0.0,辽宁对外经贸学院,2020-06-05 17:13:05,4,E,781,61,0.0277777777777777,0.0,0.0073394495412844,0.0073394495412844,0.0028818443804034,0.0007575757575757,0.0633299676254125
U_14380583,C_1750793,1.0,北京体育大学,2020-06-15 14:52:15,0,A,159,17,0.0694444444444444,0.0,0.036697247706422,0.036697247706422,0.0547550432276657,0.0287878787878787,0.0698251175670416
U_28422048,C_1736024,2.0,广州中医药大学,2020-05-13 14:36:41,4,E,423,14,0.0416666666666666,0.0,0.0110091743119266,0.0110091743119266,0.0172910662824207,0.0075757575757575,0.0613240611522469
U_29914841,C_735115,1.0,昆明理工大学,2020-05-11 07:52:42,0,A,476,136,0.1111111111111111,0.0,0.2935779816513761,0.2935779816513761,0.4236311239193083,0.1424242424242424,0.0685764935051756
U_15365068,C_697076,1.0,泽大教育,2020-09-24 15:32:39,0,A,590,121,0.0972222222222222,0.0,0.0275229357798165,0.0275229357798165,0.0432276657060518,0.0136363636363636,0.0677399686709245
U_6139807,C_735197,0.0,华南理工大学,2020-10-20 10:47:13,3,D,211,141,0.5416666666666666,0.0,0.3376146788990826,0.3376146788990826,0.5273775216138328,0.1507575757575757,0.1676347270838942
U_5647295,C_1824911,2.0,.重庆三峡医药高等专科学校,2020-06-10 18:08:42,4,E,0,57,0.0277777777777777,0.0,0.091743119266055,0.091743119266055,0.0922190201729106,0.0378787878787878,0.0629756226091883
U_34499214,C_697076,2.0,辽宁对外经贸学院,2020-11-06 08:03:29,4,E,781,121,0.0277777777777777,0.0,0.0788990825688073,0.0788990825688073,0.0720461095100864,0.0272727272727272,0.0616045915122563
U_28948923,C_1914506,0.0,辽宁对外经贸学院,2020-08-06 11:59:32,4,E,781,75,0.0277777777777777,0.0,0.0146788990825688,0.0146788990825688,0.0086455331412103,0.003030303030303,0.0617537510983369
U_31478391,C_735385,1.0,辽宁对外经贸学院,2020-08-30 21:49:47,4,E,781,146,0.0277777777777777,0.0,0.0055045871559633,0.0055045871559633,0.0086455331412103,0.0022727272727272,0.0370360041543254
U_31066544,C_682392,0.0,昆明理工大学,2020-08-01 13:12:26,0,A,476,108,0.1805555555555555,0.0,0.4495412844036697,0.4495412844036697,0.7031700288184437,0.2462121212121212,0.0632645967121595
U_32237258,C_697076,1.0,辽宁对外经贸学院,2020-09-08 19:28:12,4,E,781,121,0.0416666666666666,0.0,0.0091743119266055,0.0091743119266055,0.0115273775216138,0.003030303030303,0.0606840551497913
U_14395812,C_1714448,0.0,中国医科大学,2020-05-13 16:24:52,2,C,69,8,0.1388888888888889,0.0,0.1449541284403669,0.1449541284403669,0.1440922190201729,0.0378787878787878,0.0767981734556267
U_30897913,C_697766,2.0,武汉职业技术学院,2020-07-08 08:43:40,1,B,511,128,0.2222222222222222,0.0,0.036697247706422,0.036697247706422,0.0461095100864553,0.0136363636363636,0.1117667785602271
U_26263898,C_735197,2.0,华南理工大学,2020-09-13 13:58:27,3,D,211,141,0.1666666666666666,0.0,0.2256880733944954,0.2862385321100917,0.0806916426512968,0.1507575757575757,0.0772379958932709
U_33749124,C_697076,1.0,辽宁对外经贸学院,2020-11-29 09:54:37,4,E,781,121,0.0555555555555555,0.0,0.1834862385321101,0.1834862385321101,0.1585014409221901,0.0454545454545454,0.0660965141976948
U_2740559,C_735283,0.0,中国石油大学(北京),2020-05-10 01:42:47,2,C,77,143,0.125,0.0,0.0660550458715596,0.0660550458715596,0.0922190201729106,0.0257575757575757,0.0757139275265403
U_32205628,C_801420,1.0,辽宁对外经贸学院,2020-09-08 15:15:15,4,E,781,155,0.0277777777777777,0.0,0.0110091743119266,0.0110091743119266,0.0086455331412103,0.0022727272727272,0.0615547660002686
U_33450170,C_735164,2.0,昆明理工大学,2020-10-19 18:03:06,0,A,476,138,0.0833333333333333,0.0,0.036697247706422,0.0422018348623853,0.0547550432276657,0.025,0.0316078014072236
U_27579874,C_813262,2.0,华南理工大学,2020-06-09 10:38:42,3,D,211,157,0.1666666666666666,0.0,0.2825688073394495,0.2825688073394495,0.1239193083573487,0.0818181818181818,0.0866469057228912
U_29915014,C_735115,1.0,昆明理工大学,2020-05-11 08:14:28,0,A,476,136,0.1388888888888889,0.0,0.5211009174311927,0.5211009174311927,0.8155619596541787,0.2818181818181818,0.0712340390319507
U_14427019,C_747056,1.0,宝鸡文理学院,2020-05-11 09:56:45,4,E,356,147,0.0416666666666666,0.0,0.0256880733944954,0.0256880733944954,0.0403458213256484,0.0128787878787878,0.0615140478450591
U_5768891,C_735306,0.0,重庆市医药学校,2020-10-16 09:04:03,3,D,842,144,0.0138888888888888,0.0,0.1706422018348624,0.1944954128440367,0.1527377521613832,0.1159090909090909,0.0791953892250558
U_20304252,C_801420,0.0,南京邮电大学通达学院,2020-09-04 14:04:27,4,E,229,155,0.0138888888888888,0.0,0.0036697247706422,0.0036697247706422,0.0,0.0,0.0606898890085649
U_30440010,C_676635,0.0,广州中医药大学,2020-06-10 17:53:09,1,B,423,89,0.2222222222222222,0.0,0.036697247706422,0.036697247706422,0.0576368876080691,0.0151515151515151,0.1137998733904956
U_15903586,C_735050,0.0,辽宁对外经贸学院,2020-10-27 15:27:45,4,E,781,135,0.0416666666666666,0.0,0.0697247706422018,0.0697247706422018,0.0576368876080691,0.0318181818181818,0.0631827889760971
U_33366238,C_697076,2.0,辽宁对外经贸学院,2020-10-02 21:20:09,4,E,781,121,0.0416666666666666,0.0,0.018348623853211,0.018348623853211,0.0144092219020172,0.0037878787878787,0.0610271484451889
U_33007338,C_735164,1.0,昆明理工大学,2020-09-17 10:14:30,0,A,476,138,0.1111111111111111,0.0,0.2165137614678899,0.2935779816513761,0.2161383285302593,0.059090909090909,0.0632305146951136
U_8488502,C_735197,0.0,华南理工大学,2020-10-26 19:38:58,4,E,211,141,0.0416666666666666,0.0,0.0403669724770642,0.0403669724770642,0.0403458213256484,0.0265151515151515,0.0802986883101896
U_8488481,C_735197,0.0,华南理工大学,2020-09-09 21:03:39,3,D,211,141,0.1388888888888889,0.0,0.0018348623853211,0.0018348623853211,0.0,0.0,0.0797409144484932
U_5245142,C_674920,0.0,辽宁对外经贸学院,2020-06-29 09:33:19,4,E,781,87,0.1944444444444444,0.0,0.091743119266055,0.091743119266055,0.1412103746397694,0.0378787878787878,0.0694633242285801
U_29951917,C_948136,0.0,中国医科大学,2020-05-12 21:38:48,2,C,69,168,0.1527777777777777,0.0,0.1779816513761468,0.1779816513761468,0.170028818443804,0.0689393939393939,0.0784761358473068
U_11269051,C_674920,2.0,云南财经大学,2020-06-14 11:57:50,4,E,117,87,0.0416666666666666,0.0,0.0678899082568807,0.0678899082568807,0.0547550432276657,0.0325757575757575,0.0634802068220301
U_20890534,C_948113,2.0,昆明理工大学,2020-03-03 14:51:09,0,A,476,166,0.0138888888888888,0.0,0.1871559633027523,0.2678899082568807,0.2046109510086455,0.0537878787878787,0.068624630268571
U_4245024,C_948136,0.0,清华大学,2020-05-16 14:27:15,4,E,612,168,0.0416666666666666,0.0,0.0146788990825688,0.0146788990825688,0.0201729106628242,0.0053030303030303,0.0613656855860265
U_24667410,C_948436,1.0,西安美术学院,2020-05-21 12:05:26,4,E,727,171,0.0416666666666666,0.0,0.0678899082568807,0.0678899082568807,0.0518731988472622,0.034090909090909,0.0625295404113659
U_15571268,C_1714448,2.0,辽宁对外经贸学院,2020-05-12 11:15:36,4,E,781,8,0.0416666666666666,0.0,0.0220183486238532,0.0220183486238532,0.0288184438040345,0.0075757575757575,0.0622966119618252
U_7771340,C_676646,0.0,哈哈,2020-05-27 13:03:00,4,E,265,90,0.0416666666666666,0.0,0.0091743119266055,0.0091743119266055,0.0115273775216138,0.003030303030303,0.0613364122929781
U_10910474,C_676646,2.0,天津商业大学,2020-08-11 07:10:07,0,A,316,90,0.0972222222222222,0.0,0.0660550458715596,0.0660550458715596,0.0979827089337175,0.0257575757575757,0.0808844448626213
U_27943602,C_1829948,0.0,北方民族大学,2020-06-16 18:41:33,4,E,190,61,0.0416666666666666,0.0,0.0220183486238532,0.0220183486238532,0.0057636887608069,0.0015151515151515,0.0617270034996643
U_6758237,C_1824911,2.0,重庆三峡医药高等专科学校,2020-06-02 10:14:23,3,D,822,57,0.0277777777777777,0.0,0.1669724770642202,0.1669724770642202,0.1585014409221901,0.1053030303030303,0.0823910859381597
U_31649903,C_801420,1.0,辽宁对外经贸学院,2020-08-30 15:06:29,4,E,781,155,0.0416666666666666,0.0,0.0697247706422018,0.0697247706422018,0.0576368876080691,0.0318181818181818,0.0613900659652647
U_33011931,C_735164,2.0,昆明理工大学,2020-09-17 11:49:24,2,C,476,138,0.1388888888888889,0.0,0.1688073394495413,0.1688073394495413,0.1873198847262247,0.0568181818181818,0.0754816379291064
U_15147054,C_1829948,1.0,北方民族大学,2020-06-18 11:11:14,4,E,190,61,0.0416666666666666,0.0,0.1045871559633027,0.1045871559633027,0.0951008645533141,0.025,0.0640665641045411
U_5796807,C_1824911,0.0,重庆三峡医药高等专科学校,2020-06-11 18:44:39,0,A,822,57,0.25,0.0,0.2073394495412844,0.2899082568807339,0.2247838616714697,0.0757575757575757,0.0739112800225141
U_12479907,C_697062,1.0,湖北科技学院,2020-04-26 08:26:27,0,A,633,120,0.1111111111111111,0.0,0.1963302752293578,0.2807339449541284,0.2363112391930835,0.0621212121212121,0.0648927236871682
U_32594075,C_735164,1.0,昆明理工大学,2020-10-13 22:10:34,0,A,476,138,0.1388888888888889,0.0,0.1688073394495413,0.2697247706422018,0.2363112391930835,0.0704545454545454,0.0612292485663206
U_29599092,C_1017355,2.0,中国医科大学,2020-04-23 19:11:30,2,C,69,0,0.0972222222222222,0.0,0.1724770642201835,0.1724770642201835,0.1959654178674351,0.0643939393939393,0.0770719042501894
U_6239762,C_735164,0.0,安徽理工大学,2020-09-28 20:36:19,0,A,349,138,0.1111111111111111,0.0,0.2073394495412844,0.2770642201834862,0.2132564841498559,0.0818181818181818,0.0805146138732348
U_31482583,C_707035,1.0,辽宁对外经贸学院,2020-08-27 11:16:38,4,E,781,130,0.0555555555555555,0.0,0.1743119266055046,0.1743119266055046,0.1757925072046109,0.0568181818181818,0.0822633380774704
U_16754765,C_1776290,2.0,河北农业大学,2020-05-13 18:18:26,2,C,545,48,0.125,0.0,0.0091743119266055,0.0091743119266055,0.0115273775216138,0.006060606060606,0.0770583595950571
U_31063306,C_735115,2.0,辽宁对外经贸学院,2020-07-26 08:33:52,4,E,781,136,0.0833333333333333,0.0,0.5211009174311927,0.5211009174311927,0.3112391930835734,0.1022727272727272,0.0778274533418195
U_2765539,C_786631,1.0,湖南工学院,2020-06-01 11:06:07,2,C,642,154,0.2222222222222222,0.0,0.255045871559633,0.255045871559633,0.3832853025936599,0.1340909090909091,0.0697344302819289
U_33220541,C_697076,1.0,辽宁对外经贸学院,2020-09-21 14:14:41,0,A,781,121,0.125,0.0,0.2440366972477064,0.3229357798165138,0.2161383285302593,0.0621212121212121,0.0624211683132815
U_31134018,C_801420,2.0,辽宁对外经贸学院,2020-08-04 19:44:10,4,E,781,155,0.0277777777777777,0.0,0.0055045871559633,0.0055045871559633,0.0,0.0,0.0614305414557204
U_7165786,C_735164,0.0,云南工商学院,2020-09-16 15:52:10,0,A,109,138,0.0555555555555555,0.0,0.1798165137614679,0.2403669724770642,0.1469740634005763,0.0893939393939394,0.0737466889390322
U_30611693,C_1829948,0.0,中国医科大学,2020-06-19 10:56:04,2,C,69,61,0.0416666666666666,0.0,0.0605504587155963,0.0605504587155963,0.0749279538904899,0.0196969696969696,0.061344227088517
U_2467999,C_1017355,0.0,云南工商学院,2020-05-07 13:28:48,4,E,109,0,0.0416666666666666,0.0,0.0073394495412844,0.0073394495412844,0.0028818443804034,0.0007575757575757,0.0613682310897698
U_33329298,C_697076,2.0,辽宁对外经贸学院,2020-11-22 14:51:13,4,E,781,121,0.0555555555555555,0.0,0.1834862385321101,0.1834862385321101,0.1786743515850144,0.0507575757575757,0.0658584254078806
U_30651983,C_696917,1.0,广州中医药大学,2020-06-25 14:22:14,1,B,423,119,0.2222222222222222,0.0,0.0825688073394495,0.0825688073394495,0.0749279538904899,0.0196969696969696,0.1136510059925878
U_33014158,C_735164,2.0,昆明理工大学,2020-09-17 13:19:45,0,A,476,138,0.125,0.0,0.2091743119266055,0.2844036697247706,0.2305475504322766,0.0643939393939393,0.0664935533535518
U_34365883,C_697076,1.0,辽宁对外经贸学院,2020-10-07 11:59:19,4,E,781,121,0.0555555555555555,0.0,0.0844036697247706,0.0844036697247706,0.0662824207492795,0.034090909090909,0.0618144370961401
U_30972301,C_1875539,0.0,辽宁对外经贸学院,2020-07-16 10:48:48,4,E,781,69,0.0416666666666666,0.0,0.036697247706422,0.036697247706422,0.0489913544668587,0.1287878787878787,0.0611205000902509
U_14257666,C_1829948,0.0,北方民族大学,2020-06-04 13:17:51,4,E,190,61,0.0416666666666666,0.0,0.0752293577981651,0.0752293577981651,0.0662824207492795,0.0356060606060606,0.0618924463859552
U_5108388,C_674920,0.0,辽宁对外经贸学院,2020-07-03 12:33:53,4,E,781,87,0.5972222222222222,0.0,0.2201834862385321,0.2201834862385321,0.3371757925072046,0.0909090909090909,0.0704913511722689
U_5075984,C_1864065,2.0,湖北理工学院,2020-06-20 20:19:49,4,E,631,67,0.0416666666666666,0.0,0.0055045871559633,0.0055045871559633,0.0086455331412103,0.0045454545454545,0.0623164807575805
U_1414466,C_1750793,1.0,北京体育大学,2020-06-05 23:55:53,0,A,159,17,0.0277777777777777,0.0,0.0238532110091743,0.0238532110091743,0.031700288184438,0.0166666666666666,0.0667932542291068
U_30326302,C_676635,2.0,中国医科大学,2020-06-02 18:57:55,2,C,69,89,0.125,0.0,0.036697247706422,0.036697247706422,0.0518731988472622,0.0136363636363636,0.0754146228383384
U_7245721,C_1724288,0.0,保山学院,2020-06-19 15:22:05,4,E,127,9,0.0416666666666666,0.0,0.0275229357798165,0.0275229357798165,0.0288184438040345,0.0083333333333333,0.0618417987852099
U_7848775,C_697076,0.0,辽宁对外经贸学院,2020-10-05 16:15:35,2,C,781,121,0.1527777777777777,0.0,0.0458715596330275,0.0458715596330275,0.0345821325648414,0.0106060606060606,0.0789718900345176
U_10626872,C_676646,2.0,天津商业大学,2020-08-11 01:02:21,4,E,316,90,0.0416666666666666,0.0,0.0660550458715596,0.0660550458715596,0.0547550432276657,0.0325757575757575,0.0631691403217846
U_17907238,C_786631,1.0,北华航天工业学院,2020-04-23 15:52:20,4,E,186,154,0.0138888888888888,0.0,0.0752293577981651,0.0752293577981651,0.0576368876080691,0.0318181818181818,0.0619268255435159
U_33246396,C_697076,1.0,辽宁对外经贸学院,2020-12-01 18:16:23,4,E,781,121,0.0555555555555555,0.0,0.1834862385321101,0.1834862385321101,0.2737752161383285,0.0871212121212121,0.0646823283933321
U_13064574,C_735385,0.0,辽宁对外经贸学院,2020-06-11 07:47:22,4,E,781,146,0.0416666666666666,0.0,0.036697247706422,0.036697247706422,0.031700288184438,0.0083333333333333,0.06224857919761
U_30356718,C_1829948,1.0,昆明理工大学,2020-06-04 18:33:33,0,A,476,61,0.0277777777777777,0.0,0.0990825688073394,0.0990825688073394,0.063400576368876,0.0166666666666666,0.0716507241281769
U_13476379,C_674920,1.0,河北地质大学,2020-07-12 13:30:09,4,E,550,87,0.0416666666666666,0.0,0.018348623853211,0.018348623853211,0.0259365994236311,0.0068181818181818,0.0615068273305498
U_13680024,C_837698,0.0,西安科技大学,2020-02-21 09:57:55,0,A,726,160,0.0138888888888888,0.0,0.1871559633027523,0.2678899082568807,0.2103746397694524,0.0598484848484848,0.0670394400979489
U_16634268,C_1844112,2.0,内蒙古大学,2020-08-19 08:19:44,0,A,145,63,0.1666666666666666,0.0,0.3669724770642202,0.4330275229357798,0.5360230547550432,0.5545454545454546,0.1447513174597068
U_5152422,C_735197,0.0,华南理工大学,2020-09-15 22:37:24,4,E,211,141,0.0416666666666666,0.0,0.0091743119266055,0.0091743119266055,0.0115273775216138,0.003030303030303,0.0616599685995286
U_30856325,C_697766,0.0,昆明理工大学,2020-07-06 11:28:55,0,A,476,128,0.0972222222222222,0.0,0.1045871559633027,0.1045871559633027,0.1556195965417867,0.0424242424242424,0.0683997048035618
U_29017926,C_1732845,2.0,铜仁学院,2020-03-26 08:23:48,0,A,850,13,0.1111111111111111,0.0,0.1889908256880734,0.2770642201834862,0.2161383285302593,0.056060606060606,0.0672946738954662
U_33344802,C_697076,0.0,辽宁对外经贸学院,2020-10-15 10:46:39,4,E,781,121,0.0416666666666666,0.0,0.0825688073394495,0.0825688073394495,0.0691642651296829,0.0348484848484848,0.0617427370899222
U_27585216,C_747056,1.0,辽宁对外经贸学院,2020-02-27 17:23:09,4,E,781,147,0.0138888888888888,0.0,0.0660550458715596,0.0660550458715596,0.0432276657060518,0.0287878787878787,0.0619331595888228
U_14654862,C_786631,1.0,北华航天工业学院,2020-04-29 20:20:03,0,A,186,154,0.1111111111111111,0.0,0.2018348623853211,0.2752293577981651,0.2334293948126801,0.0787878787878787,0.0667850878172921
U_32721155,C_735164,1.0,昆明理工大学,2020-09-15 08:19:36,0,A,476,138,0.0138888888888888,0.0,0.1798165137614679,0.2642201834862385,0.201729106628242,0.0545454545454545,0.0055290225795284
U_32049454,C_1738818,1.0,辽宁对外经贸学院,2020-10-10 15:41:46,4,E,781,15,0.0277777777777777,0.0,0.0055045871559633,0.0055045871559633,0.0057636887608069,0.003030303030303,0.0615332728363658
U_32886936,C_735164,1.0,昆明理工大学,2020-09-16 10:59:12,0,A,476,138,0.0972222222222222,0.0,0.0091743119266055,0.0110091743119266,0.0144092219020172,0.006060606060606,0.013820825479863
U_33329674,C_697076,0.0,辽宁对外经贸学院,2020-11-22 07:46:00,4,E,781,121,0.0416666666666666,0.0,0.0605504587155963,0.0605504587155963,0.0778097982708933,0.0242424242424242,0.0612923166405839
U_12721041,C_735385,1.0,重庆大学,2020-09-01 11:01:30,3,D,835,146,0.125,0.0,0.0532110091743119,0.0532110091743119,0.0547550432276657,0.0143939393939393,0.0804926502368502
U_32753823,C_735164,1.0,昆明理工大学,2020-10-20 09:51:07,0,A,476,138,0.0972222222222222,0.0,0.0018348623853211,0.0018348623853211,0.0028818443804034,0.0015151515151515,0.0628604856120506
U_31505504,C_697076,2.0,辽宁对外经贸学院,2020-08-27 09:53:33,4,E,781,121,0.0416666666666666,0.0,0.0091743119266055,0.0091743119266055,0.0086455331412103,0.0022727272727272,0.0607180678340505
U_15299984,C_674920,1.0,辽宁对外经贸学院,2020-05-05 10:11:37,4,E,781,87,0.0416666666666666,0.0,0.018348623853211,0.018348623853211,0.0144092219020172,0.0037878787878787,0.0610730814164329
U_32578290,C_735164,1.0,昆明理工大学,2020-11-19 19:10:38,0,A,476,138,0.125,0.0,0.2862385321100917,0.2935779816513761,0.4495677233429394,0.1636363636363636,0.0693044927187432
U_30666764,C_682575,2.0,辽宁对外经贸学院,2020-06-23 20:29:38,4,E,781,113,0.0416666666666666,0.0,0.0220183486238532,0.0220183486238532,0.031700288184438,0.0083333333333333,0.0621777607082527
U_32548523,C_677087,1.0,辽宁对外经贸学院,2020-09-13 19:14:14,4,E,781,92,0.0416666666666666,0.0,0.0348623853211009,0.0348623853211009,0.0518731988472622,0.0136363636363636,0.0618665307807239
U_6090369,C_1017355,2.0,广州中医药大学,2020-03-07 22:14:56,2,C,423,0,0.0138888888888888,0.0,0.1834862385321101,0.1834862385321101,0.1585014409221901,0.0628787878787878,0.0768098609825416
U_32741675,C_2141845,0.0,宝鸡文理学院,2020-09-15 12:11:27,1,B,356,86,0.2222222222222222,0.0,0.055045871559633,0.055045871559633,0.0864553314121037,0.0227272727272727,0.1137375333104935
U_30648131,C_735186,1.0,辽宁对外经贸学院,2020-06-22 15:01:00,4,E,781,139,0.0416666666666666,0.0,0.0715596330275229,0.0715596330275229,0.0605187319884726,0.031060606060606,0.061137645097954
U_34071877,C_735164,0.0,昆明理工大学,2020-11-24 18:17:47,0,A,476,138,0.125,0.0,0.2862385321100917,0.2935779816513761,0.4495677233429394,0.1636363636363636,0.0693044927187432
U_7592426,C_1732845,2.0,铜仁学院,2020-06-20 21:40:53,4,E,850,13,0.0555555555555555,0.0,0.0990825688073394,0.0990825688073394,0.0951008645533141,0.025,0.0615524185902018
U_22270999,C_1829948,0.0,北方民族大学,2020-06-05 18:19:55,3,D,190,61,0.3055555555555555,0.0,0.4770642201834862,0.4770642201834862,0.7492795389048991,0.1969696969696969,0.0738036062046395
U_8291914,C_1824911,2.0,辽宁对外经贸学院,2020-06-10 18:20:53,4,E,781,57,0.2222222222222222,0.0,0.0623853211009174,0.0623853211009174,0.0547550432276657,0.0143939393939393,0.0642081020364175
U_13650564,C_1829948,0.0,北方民族大学,2020-06-18 16:58:26,4,E,190,61,0.0138888888888888,0.0,0.0073394495412844,0.0073394495412844,0.0057636887608069,0.0015151515151515,0.0605090740529758
U_14946309,C_674920,2.0,西昌民族幼儿师范高等专科学校,2020-06-04 15:25:12,4,E,751,87,0.0416666666666666,0.0,0.091743119266055,0.091743119266055,0.031700288184438,0.009090909090909,0.0650274868153074
U_30612531,C_1829948,1.0,辽宁对外经贸学院,2020-06-19 11:53:28,4,E,781,61,0.0416666666666666,0.0,0.0073394495412844,0.0073394495412844,0.0028818443804034,0.0007575757575757,0.0612713880436592
U_31680837,C_801420,0.0,辽宁对外经贸学院,2020-08-31 00:55:34,4,E,781,155,0.0416666666666666,0.0,0.0091743119266055,0.0091743119266055,0.0115273775216138,0.003030303030303,0.1441743278070546
U_6654313,C_756642,2.0,辽宁对外经贸学院,2020-05-11 18:53:51,4,E,781,149,0.0416666666666666,0.0,0.0660550458715596,0.0660550458715596,0.0518731988472622,0.0295454545454545,0.0619237303298202
U_15377744,C_697076,2.0,干校,2020-10-06 18:37:48,3,D,396,121,0.1527777777777777,0.0,0.0660550458715596,0.0660550458715596,0.0806916426512968,0.025,0.0745271780245367
U_18328528,C_948113,1.0,西安思源学院,2020-02-20 21:51:13,4,E,721,166,0.0277777777777777,0.0,0.073394495412844,0.073394495412844,0.0518731988472622,0.0303030303030303,0.0617126862791935
U_16484861,C_677087,1.0,广州中医药大学,2020-12-01 21:30:24,1,B,423,92,0.2083333333333333,0.0,0.0697247706422018,0.0697247706422018,0.0806916426512968,0.0212121212121212,0.1149760545948567
U_30497895,C_948488,0.0,华南理工大学,2020-06-14 15:50:35,3,D,211,172,0.1527777777777777,0.0,0.110091743119266,0.110091743119266,0.0461095100864553,0.0121212121212121,0.0823052321387542
U_780457,C_735164,0.0,昆明理工大学,2019-11-28 08:43:55,4,E,476,138,0.0138888888888888,0.0,0.0788990825688073,0.0788990825688073,0.0461095100864553,0.0303030303030303,0.0652596575565354
U_33320883,C_677087,1.0,辽宁对外经贸学院,2020-09-21 23:44:16,4,E,781,92,0.0416666666666666,0.0,0.0752293577981651,0.0752293577981651,0.0605187319884726,0.0348484848484848,0.0572219871523637
U_1634392,C_735164,0.0,巢湖学院,2020-11-28 13:55:28,4,E,390,138,0.0416666666666666,0.0,0.0770642201834862,0.0770642201834862,0.0662824207492795,0.0333333333333333,0.0611892732623981
U_34200781,C_1912004,0.0,辽宁对外经贸学院,2020-10-03 11:26:24,4,E,781,74,0.0277777777777777,0.0,0.0055045871559633,0.0055045871559633,0.0028818443804034,0.0007575757575757,0.0618643913690175
U_31060243,C_735115,2.0,昆明理工大学,2020-07-25 14:14:53,0,A,476,136,0.1388888888888889,0.0,0.5211009174311927,0.5211009174311927,0.7262247838616714,0.2454545454545454,0.0723492717643873
U_33062746,C_735164,1.0,昆明理工大学,2020-10-19 16:36:52,0,A,476,138,0.0972222222222222,0.0,0.036697247706422,0.0513761467889908,0.0432276657060518,0.0189393939393939,0.0667725088688329
U_32575907,C_735164,1.0,昆明理工大学,2020-09-18 20:54:47,0,A,476,138,0.0138888888888888,0.0,0.1889908256880734,0.2642201834862385,0.2132564841498559,0.0583333333333333,0.0660269288414738
U_20294621,C_823315,1.0,西安石油大学,2020-04-26 09:52:08,4,E,725,158,0.0416666666666666,0.0,0.0807339449541284,0.0807339449541284,0.0662824207492795,0.0325757575757575,0.0644190866589413
U_27223128,C_1736024,1.0,集宁师范学院,2020-05-26 14:31:11,0,A,883,14,0.0694444444444444,0.0,0.1669724770642202,0.1669724770642202,0.2478386167146974,0.1037878787878787,0.067303063162667
U_33220452,C_697076,1.0,辽宁对外经贸学院,2020-11-19 09:31:08,4,E,781,121,0.0555555555555555,0.0,0.1834862385321101,0.1834862385321101,0.2881844380403458,0.0931818181818181,0.0645015282947686
U_33648389,C_735164,2.0,昆明理工大学呈贡校区,2020-10-15 15:04:49,0,A,477,138,0.0833333333333333,0.0,0.0091743119266055,0.0091743119266055,0.0115273775216138,0.0045454545454545,0.0708242475956674
U_34371208,C_697076,1.0,辽宁对外经贸学院,2020-10-07 12:50:21,4,E,781,121,0.0416666666666666,0.0,0.0091743119266055,0.0091743119266055,0.0057636887608069,0.0015151515151515,0.0607520805183096
U_30738182,C_747056,2.0,辽宁对外经贸学院,2020-07-08 22:50:24,4,E,781,147,0.0555555555555555,0.0,0.3431192660550459,0.3431192660550459,0.2363112391930835,0.0727272727272727,0.07252600599024
U_30844773,C_823315,0.0,辽宁对外经贸学院,2020-07-04 21:34:56,4,E,781,158,0.0277777777777777,0.0,0.0862385321100917,0.0862385321100917,0.1152737752161383,0.0318181818181818,0.0625617157767753
U_31035123,C_1731884,1.0,辽宁对外经贸学院,2020-07-21 18:11:31,4,E,781,11,0.0416666666666666,0.0,0.0238532110091743,0.0238532110091743,0.0172910662824207,0.0045454545454545,0.0618456467548764
U_32570068,C_735164,1.0,昆明理工大学,2020-12-07 10:45:32,0,A,476,138,0.125,0.0,0.2862385321100917,0.2972477064220183,0.4438040345821325,0.1621212121212121,0.0694909533441133
U_5798637,C_1829948,0.0,北方民族大学,2020-06-18 10:34:25,4,E,190,61,0.3611111111111111,0.0,0.3302752293577982,0.3302752293577982,0.4034582132564841,0.106060606060606,0.072396982626378
U_33454842,C_697076,2.0,辽宁对外经贸学院,2020-11-18 11:45:20,4,E,781,121,0.0416666666666666,0.0,0.0880733944954128,0.0880733944954128,0.0403458213256484,0.0295454545454545,0.0622701317896158
U_30076825,C_756642,0.0,华南理工大学,2020-05-19 20:01:19,3,D,211,149,0.125,0.0,0.0256880733944954,0.0256880733944954,0.0115273775216138,0.0037878787878787,0.0775732595361039
U_33333399,C_697076,2.0,辽宁对外经贸学院,2020-09-28 14:24:05,4,E,781,121,0.0416666666666666,0.0,0.0844036697247706,0.0844036697247706,0.0778097982708933,0.0356060606060606,0.0612865620192809
U_31061041,C_735115,1.0,辽宁对外经贸学院,2020-07-25 16:22:19,4,E,781,136,0.0833333333333333,0.0,0.5211009174311927,0.5211009174311927,0.2824207492795388,0.0886363636363636,0.0781962096730108
U_11323990,C_697766,0.0,武汉职业技术学院,2020-07-07 19:33:16,0,A,511,128,0.0972222222222222,0.0,0.1045871559633027,0.1045871559633027,0.1412103746397694,0.0378787878787878,0.0681472789839092
U_12605213,C_682392,0.0,辽宁对外经贸学院,2020-09-01 10:28:59,4,E,781,108,0.0416666666666666,0.0,0.091743119266055,0.091743119266055,0.0576368876080691,0.0356060606060606,0.0635389960728805
U_33321137,C_2059281,2.0,辽宁对外经贸学院,2020-09-22 00:29:53,4,E,781,85,0.0416666666666666,0.0,0.073394495412844,0.073394495412844,0.0576368876080691,0.031060606060606,0.0632578516224739
U_4681822,C_682392,0.0,陕西工业职业技术学院,2020-08-16 15:30:19,1,B,876,108,0.1111111111111111,0.0,0.4495412844036697,0.4495412844036697,0.6714697406340058,0.2348484848484848,0.1070138476466006
U_29015296,C_1732845,2.0,辽宁对外经贸学院,2020-03-25 21:43:13,4,E,781,13,0.0416666666666666,0.0,0.0715596330275229,0.0715596330275229,0.0489913544668587,0.0303030303030303,0.0618177403081961
U_31251900,C_1864063,2.0,辽宁对外经贸学院,2020-08-19 01:17:22,4,E,781,66,0.0138888888888888,0.0,0.0,0.0,0.0,0.0348484848484848,0.0776684534523575
U_32879871,C_735164,1.0,昆明理工大学,2020-09-16 11:10:25,0,A,476,138,0.0972222222222222,0.0,0.0256880733944954,0.0293577981651376,0.0403458213256484,0.0196969696969696,0.0631051065408482
U_33007625,C_735164,2.0,昆明理工大学,2020-09-17 10:16:34,0,A,476,138,0.1111111111111111,0.0,0.1853211009174312,0.273394495412844,0.2103746397694524,0.0568181818181818,0.0145679403449515
U_15271099,C_1738818,1.0,辽宁对外经贸学院,2020-09-27 00:43:48,4,E,781,15,0.0277777777777777,0.0,0.0055045871559633,0.0055045871559633,0.0057636887608069,0.003030303030303,0.0615332728363658
U_31067604,C_682392,0.0,昆明理工大学,2020-08-11 19:26:13,0,A,476,108,0.1388888888888889,0.0,0.4495412844036697,0.4495412844036697,0.6772334293948127,0.2371212121212121,0.0631845421051343
U_16106972,C_786631,2.0,北华航天工业学院,2020-03-31 20:57:42,2,C,186,154,0.0138888888888888,0.0,0.1981651376146789,0.1981651376146789,0.1556195965417867,0.0598484848484848,0.0798550114538291
U_14380554,C_1750793,2.0,北京体育大学,2020-06-03 00:14:43,0,A,159,17,0.0972222222222222,0.0,0.0275229357798165,0.0275229357798165,0.0345821325648414,0.0181818181818181,0.0674456906097643
U_31063032,C_735115,2.0,昆明理工大学,2020-07-26 08:09:59,0,A,476,136,0.1388888888888889,0.0,0.5211009174311927,0.5211009174311927,0.8011527377521613,0.2742424242424242,0.0714220002169204
U_16294910,C_1829948,0.0,北方民族大学,2020-06-16 01:41:15,4,E,190,61,0.3611111111111111,0.0,0.0678899082568807,0.0678899082568807,0.0864553314121037,0.0227272727272727,0.0653531528195128
U_11064805,C_676646,2.0,天津商业大学,2020-08-11 07:52:24,4,E,316,90,0.0277777777777777,0.0,0.0091743119266055,0.0091743119266055,0.0086455331412103,0.0022727272727272,0.0621017719739381
U_29944771,C_758928,0.0,辽宁对外经贸学院,2020-05-12 14:22:25,4,E,781,150,0.0416666666666666,0.0,0.073394495412844,0.073394495412844,0.0605187319884726,0.0318181818181818,0.0628742283608595
U_11931694,C_697076,0.0,长沙理工大学,2020-09-07 19:31:05,0,A,862,121,0.0972222222222222,0.0,0.055045871559633,0.055045871559633,0.0778097982708933,0.025,0.0672978879653678
U_31414980,C_1907855,2.0,辽宁对外经贸学院,2020-08-24 21:59:39,4,E,781,72,0.0833333333333333,0.0,0.3614678899082569,0.3614678899082569,0.4178674351585014,0.1371212121212121,0.1948830634303958
U_31067723,C_682392,0.0,昆明理工大学,2020-08-15 20:43:20,0,A,476,108,0.0833333333333333,0.0,0.4495412844036697,0.4495412844036697,0.6801152737752161,0.2378787878787878,0.0626213221640413
U_11792297,C_948109,0.0,西京学院,2020-10-23 10:12:03,4,E,701,165,0.0555555555555555,0.0,0.0440366972477064,0.0440366972477064,0.031700288184438,0.0416666666666666,0.0607589989399622
U_10524711,C_1829948,0.0,北方民族大学,2020-06-17 11:04:00,4,E,190,61,0.0416666666666666,0.0,0.0018348623853211,0.0018348623853211,0.0,0.0,0.0609653976938745
U_13535037,C_948120,0.0,中国农业大学,2020-09-25 22:22:01,4,E,67,167,0.0416666666666666,0.0,0.0385321100917431,0.0385321100917431,0.0489913544668587,0.0136363636363636,0.0047967073123821
U_10138459,C_1714448,1.0,中国医科大学,2020-05-13 14:31:46,4,E,69,8,0.0416666666666666,0.0,0.0073394495412844,0.0073394495412844,0.0,0.0,0.0613344561179225
U_13535091,C_948120,1.0,中国农业大学,2020-09-24 21:14:23,1,B,67,167,0.1666666666666666,0.0,0.0623853211009174,0.0623853211009174,0.0979827089337175,0.0287878787878787,0.1045519394347606
U_2097202,C_735164,1.0,浙江海洋大学,2020-12-07 10:38:01,0,A,602,138,0.125,0.0,0.2862385321100917,0.3045871559633027,0.4380403458213256,0.1590909090909091,0.0673160828695565
U_33455396,C_697076,2.0,辽宁对外经贸学院,2020-11-23 11:47:08,4,E,781,121,0.0416666666666666,0.0,0.0844036697247706,0.0844036697247706,0.0720461095100864,0.0378787878787878,0.0624559436581953
U_30818165,C_823315,0.0,辽宁对外经贸学院,2020-07-02 10:21:02,4,E,781,158,0.0416666666666666,0.0,0.0678899082568807,0.0678899082568807,0.0893371757925072,0.0257575757575757,0.0625922964880887
U_10407962,C_676646,2.0,天津商业大学,2020-08-11 07:38:24,4,E,316,90,0.0416666666666666,0.0,0.018348623853211,0.018348623853211,0.0115273775216138,0.003030303030303,0.0625010050172626
U_16301476,C_735385,1.0,哈尔滨理工大学,2020-07-01 07:03:32,4,E,276,146,0.0555555555555555,0.0,0.1486238532110091,0.1486238532110091,0.1815561959654178,0.0477272727272727,0.0640186105777966
U_30950855,C_1829948,1.0,中国医科大学,2020-07-14 11:46:45,2,C,69,61,0.2777777777777778,0.0,0.4770642201834862,0.4770642201834862,0.30835734870317,0.081060606060606,0.0779588934485351
U_30840759,C_823315,1.0,辽宁对外经贸学院,2020-07-04 12:47:49,4,E,781,158,0.0416666666666666,0.0,0.0073394495412844,0.0073394495412844,0.0028818443804034,0.0007575757575757,0.0611345152178649
U_4654337,C_1017355,0.0,云南中医学院,2020-04-14 22:53:35,4,E,103,0,0.0416666666666666,0.0,0.0715596330275229,0.0715596330275229,0.0547550432276657,0.0318181818181818,0.063046985856156
U_33547172,C_735164,1.0,昆明理工大学,2020-11-17 18:12:09,0,A,476,138,0.0138888888888888,0.0,0.0110091743119266,0.0146788990825688,0.0115273775216138,0.006060606060606,0.0606564607006515
U_33461491,C_948120,0.0,中国医科大学,2020-09-23 11:11:01,2,C,69,167,0.1111111111111111,0.0,0.1339449541284403,0.1339449541284403,0.1268011527377521,0.0356060606060606,0.0785802192172944
U_31405575,C_697076,2.0,辽宁对外经贸学院,2020-08-24 12:46:20,4,E,781,121,0.0416666666666666,0.0,0.0844036697247706,0.0844036697247706,0.0749279538904899,0.0333333333333333,0.0611236993031267
U_30111619,C_1750793,2.0,昆明理工大学,2020-05-21 21:32:08,0,A,476,17,0.0694444444444444,0.0,0.036697247706422,0.036697247706422,0.0461095100864553,0.0242424242424242,0.0699938488083628
U_29410307,C_735283,0.0,辽宁对外经贸学院,2020-06-30 13:35:29,4,E,781,143,0.0277777777777777,0.0,0.0018348623853211,0.0018348623853211,0.0028818443804034,0.0007575757575757,0.0616844381209212
U_11504350,C_813262,1.0,陕西工业职业技术学院,2019-10-10 19:54:49,3,D,876,157,0.1666666666666666,0.0,0.1908256880733945,0.2036697247706422,0.1469740634005763,0.0924242424242424,0.0801990506465322
U_30995873,C_697076,1.0,辽宁对外经贸学院,2020-11-23 14:55:02,4,E,781,121,0.0416666666666666,0.0,0.0880733944954128,0.0880733944954128,0.0691642651296829,0.0325757575757575,0.0619112009047801
U_30950867,C_1829948,0.0,辽宁对外经贸学院,2020-07-14 11:49:25,4,E,781,61,0.0416666666666666,0.0,0.0073394495412844,0.0073394495412844,0.0028818443804034,0.0007575757575757,0.0612713880436592
U_33218278,C_697076,2.0,辽宁对外经贸学院,2020-10-08 10:59:36,0,A,781,121,0.0833333333333333,0.0,0.0642201834862385,0.0642201834862385,0.0605187319884726,0.0174242424242424,0.0678320079453794
U_30536568,C_735385,0.0,辽宁对外经贸学院,2020-06-15 14:08:37,4,E,781,146,0.0416666666666666,0.0,0.0715596330275229,0.0715596330275229,0.0605187319884726,0.0325757575757575,0.0614462552366107
U_30545446,C_697144,2.0,辽宁对外经贸学院,2020-06-23 19:58:47,4,E,781,123,0.0277777777777777,0.0,0.0642201834862385,0.0642201834862385,0.0778097982708933,0.0371212121212121,0.0618737958663105
U_22296085,C_707358,1.0,湖北文理学院理工学院,2020-05-14 15:56:17,0,A,626,134,0.0833333333333333,0.0,0.0458715596330275,0.0458715596330275,0.0720461095100864,0.0189393939393939,0.0777394304166561
U_3850322,C_735164,0.0,西南林业大学,2020-09-16 09:03:55,0,A,711,138,0.1111111111111111,0.0,0.1779816513761468,0.273394495412844,0.2161383285302593,0.0553030303030303,0.0688590394683437
U_25729367,C_735197,0.0,华南理工大学,2020-12-03 09:55:13,3,D,211,141,0.1805555555555555,0.0,0.3376146788990826,0.3376146788990826,0.5302593659942363,0.1515151515151515,0.0865607844970224
U_20286192,C_676646,0.0,西安美术学院,2020-08-15 20:22:44,4,E,727,90,0.0416666666666666,0.0,0.0660550458715596,0.0660550458715596,0.0259365994236311,0.0068181818181818,0.0633507080333445
U_15333918,C_676635,0.0,辽宁对外经贸学院,2020-08-22 20:08:03,4,E,781,89,0.0416666666666666,0.0,0.036697247706422,0.036697247706422,0.0432276657060518,0.0113636363636363,0.2794207023887371
U_26431461,C_936971,1.0,辽宁对外经贸学院,2020-02-22 21:15:20,4,E,781,162,0.0138888888888888,0.0,0.0660550458715596,0.0660550458715596,0.0374639769452449,0.028030303030303,0.0616799215850965
U_29822277,C_756642,2.0,辽宁对外经贸学院,2020-05-12 11:51:32,4,E,781,149,0.0416666666666666,0.0,0.0697247706422018,0.0697247706422018,0.0662824207492795,0.034090909090909,0.0621800486902165
U_30457677,C_1829948,1.0,辽宁对外经贸学院,2020-06-11 16:55:05,4,E,781,61,0.1388888888888889,0.0,0.091743119266055,0.091743119266055,0.0489913544668587,0.0128787878787878,0.0647727036809042
U_16210193,C_1410126,0.0,辽宁对外经贸学院,2020-06-20 16:58:42,4,E,781,2,0.0277777777777777,0.0,0.0073394495412844,0.0073394495412844,0.0057636887608069,0.0015151515151515,0.0613948251658432
U_18454467,C_936971,0.0,辽宁对外经贸学院,2020-07-19 15:50:30,4,E,781,162,0.0277777777777777,0.0,0.0036697247706422,0.0036697247706422,0.0057636887608069,0.0015151515151515,0.0613619218061725
U_25355322,C_735197,0.0,辽宁石油化工大学,2020-11-29 18:20:51,3,D,790,141,0.2083333333333333,0.0,0.3376146788990826,0.3376146788990826,0.5302593659942363,0.1515151515151515,0.0734026546986711
U_18245422,C_948113,0.0,西安思源学院,2020-03-03 14:43:15,4,E,721,166,0.0277777777777777,0.0,0.0972477064220183,0.0972477064220183,0.0547550432276657,0.025,0.0640648505942392
U_28183563,C_735164,0.0,安阳工学院,2020-11-28 20:10:22,0,A,351,138,0.0972222222222222,0.0,0.1504587155963302,0.2256880733944954,0.1268011527377521,0.0462121212121212,0.0748598565448911
U_3715041,C_682750,0.0,辽宁对外经贸学院,2020-08-14 11:25:33,4,E,781,115,0.0416666666666666,0.0,0.0110091743119266,0.0110091743119266,0.0144092219020172,0.0053030303030303,0.0613669137668209
U_6758158,C_1824911,2.0,重庆三峡医药高等专科学校,2020-06-02 09:50:03,4,E,822,57,0.1388888888888889,0.0,0.0623853211009174,0.0623853211009174,0.0979827089337175,0.0257575757575757,0.0630551819820222
U_31278925,C_2027893,1.0,辽宁对外经贸学院,2020-10-30 15:21:15,4,E,781,84,0.0277777777777777,0.0,0.0018348623853211,0.0018348623853211,0.0028818443804034,0.0007575757575757,0.0611501992847037
U_31397367,C_674959,0.0,辽宁对外经贸学院,2020-08-23 11:26:54,4,E,781,88,0.0416666666666666,0.0,0.0275229357798165,0.0275229357798165,0.0115273775216138,0.003030303030303,0.0569558479677976
U_11946067,C_948387,2.0,深圳信息职业技术学院,2020-10-28 11:21:32,4,E,610,169,0.0416666666666666,0.0,0.073394495412844,0.073394495412844,0.0864553314121037,0.0227272727272727,0.0630471938545164
U_32578297,C_735164,2.0,昆明理工大学,2020-09-15 10:58:36,0,A,476,138,0.0138888888888888,0.0,0.0990825688073394,0.1045871559633027,0.1556195965417867,0.0742424242424242,0.0620994443732389
U_25706654,C_735197,0.0,辽宁石油化工大学,2020-09-23 13:36:53,4,E,790,141,0.0138888888888888,0.0,0.0165137614678899,0.0165137614678899,0.0201729106628242,0.0053030303030303,0.0592625596887648
U_15491841,C_1738818,2.0,辽宁对外经贸学院,2020-07-07 21:55:56,4,E,781,15,0.0277777777777777,0.0,0.0073394495412844,0.0073394495412844,0.0028818443804034,0.0015151515151515,0.0616462852788227
U_11382595,C_676635,0.0,山东理工大学,2020-06-03 17:05:06,4,E,376,89,0.0416666666666666,0.0,0.0091743119266055,0.0091743119266055,0.0144092219020172,0.0037878787878787,0.0613128886688909
U_31065912,C_682392,0.0,华南理工大学,2020-08-27 11:18:36,3,D,211,108,0.1666666666666666,0.0,0.4495412844036697,0.4495412844036697,0.3112391930835734,0.1083333333333333,0.0817338556905303
U_4517067,C_735197,0.0,华南理工大学,2020-10-20 13:00:04,3,D,211,141,0.1944444444444444,0.0,0.128440366972477,0.128440366972477,0.201729106628242,0.0598484848484848,0.0078316728853329
U_7485638,C_1828108,2.0,云南大学,2020-06-08 10:17:12,4,E,106,60,0.0416666666666666,0.0,0.0678899082568807,0.0678899082568807,0.0576368876080691,0.0318181818181818,0.0630458319604903
U_2632597,C_680979,2.0,西安交通大学,2020-07-20 10:33:56,4,E,715,100,0.0416666666666666,0.0,0.0146788990825688,0.0146788990825688,0.0201729106628242,0.0075757575757575,0.0594860737363288
U_4194799,C_697076,1.0,闽江学院,2020-09-28 15:42:59,4,E,865,121,0.0416666666666666,0.0,0.0605504587155963,0.0605504587155963,0.0547550432276657,0.0303030303030303,0.0607258974866151
U_30010917,C_682575,2.0,辽宁对外经贸学院,2020-05-20 00:13:53,4,E,781,113,0.0416666666666666,0.0,0.0220183486238532,0.0220183486238532,0.0230547550432276,0.006060606060606,0.0618966360672137
U_33329323,C_697076,2.0,辽宁对外经贸学院,2020-11-20 15:29:44,4,E,781,121,0.0277777777777777,0.0,0.0091743119266055,0.0091743119266055,0.0115273775216138,0.003030303030303,0.0598855147780136
U_33329279,C_697076,2.0,辽宁对外经贸学院,2020-11-23 14:53:03,4,E,781,121,0.0416666666666666,0.0,0.0458715596330275,0.0458715596330275,0.0374639769452449,0.0098484848484848,0.0644548524722377
U_979515,C_735164,0.0,昆明理工大学,2020-09-16 10:00:52,0,A,476,138,0.1111111111111111,0.0,0.1834862385321101,0.273394495412844,0.2074927953890489,0.056060606060606,0.0065866445318416
U_6758183,C_1824911,2.0,重庆三峡医药高等专科学校,2020-06-11 20:18:21,4,E,822,57,0.25,0.0,0.0532110091743119,0.0532110091743119,0.0749279538904899,0.0196969696969696,0.0661830613249681
U_31174098,C_676635,1.0,辽宁对外经贸学院,2020-08-11 21:53:48,4,E,781,89,0.0416666666666666,0.0,0.0275229357798165,0.0275229357798165,0.0345821325648414,0.009090909090909,0.0370273493095357
U_33224538,C_697076,2.0,辽宁对外经贸学院,2020-11-05 21:27:50,4,E,781,121,0.0416666666666666,0.0,0.0275229357798165,0.0275229357798165,0.0288184438040345,0.009090909090909,0.061292138356275
U_29444848,C_674920,1.0,辽宁对外经贸学院,2020-05-17 17:52:27,4,E,781,87,0.0138888888888888,0.0,0.018348623853211,0.018348623853211,0.0201729106628242,0.0053030303030303,0.0603904951782085
U_28296799,C_1750795,1.0,辽宁对外经贸学院,2020-06-13 09:16:07,4,E,781,18,0.0416666666666666,0.0,0.0055045871559633,0.0055045871559633,0.0086455331412103,0.0045454545454545,0.0612159564806258
U_32098873,C_1992917,1.0,辽宁对外经贸学院,2020-09-07 09:39:36,4,E,781,80,0.0416666666666666,0.0,0.0788990825688073,0.0788990825688073,0.0461095100864553,0.0348484848484848,0.0613882732174921
U_8454085,C_747056,2.0,宝鸡文理学院,2020-05-17 22:12:08,4,E,356,147,0.0416666666666666,0.0,0.0513761467889908,0.0513761467889908,0.0749279538904899,0.025,0.0619291828582666
U_3218866,C_1864065,0.0,湖北理工学院,2020-06-21 08:18:12,4,E,631,67,0.0555555555555555,0.0,0.0605504587155963,0.0605504587155963,0.0605187319884726,0.0303030303030303,0.0617287714857273
U_16882042,C_1778562,1.0,辽宁对外经贸学院,2020-09-18 13:18:37,4,E,781,49,0.0416666666666666,0.0,0.0642201834862385,0.0642201834862385,0.0576368876080691,0.0318181818181818,0.0630099225292784
U_31084974,C_682392,0.0,华南理工大学,2020-08-16 15:32:40,3,D,211,108,0.0972222222222222,0.0,0.4495412844036697,0.4495412844036697,0.201729106628242,0.0537878787878787,0.0824865175668251
U_26973409,C_735283,2.0,辽宁对外经贸学院,2020-02-24 20:35:55,4,E,781,143,0.0138888888888888,0.0,0.0642201834862385,0.0642201834862385,0.0403458213256484,0.0295454545454545,0.0623147672472786
U_13549219,C_1776290,2.0,河北农业大学,2020-06-01 16:08:07,0,A,545,48,0.0833333333333333,0.0,0.0220183486238532,0.0220183486238532,0.0259365994236311,0.0181818181818181,0.0679614324489364
U_33713412,C_697076,2.0,辽宁对外经贸学院,2020-11-16 15:08:19,4,E,781,121,0.0555555555555555,0.0,0.1963302752293578,0.1963302752293578,0.2622478386167147,0.081060606060606,0.0653606407604854
U_34405077,C_697076,1.0,华南理工大学,2020-10-07 19:50:41,3,D,211,121,0.1805555555555555,0.0,0.3614678899082569,0.3614678899082569,0.1556195965417867,0.0409090909090909,0.0906089674423633
U_30575212,C_735115,2.0,中国医科大学,2020-07-04 07:34:23,2,C,69,136,0.1527777777777777,0.0,0.236697247706422,0.236697247706422,0.1469740634005763,0.0537878787878787,0.0591712186945196
U_30116715,C_681031,1.0,辽宁对外经贸学院,2020-05-22 11:36:45,4,E,781,101,0.0277777777777777,0.0,0.0055045871559633,0.0055045871559633,0.0057636887608069,0.0015151515151515,0.0613020232307336
U_30268017,C_766175,2.0,昆明理工大学,2020-05-31 12:20:29,0,A,476,151,0.0972222222222222,0.0,0.0201834862385321,0.0201834862385321,0.031700288184438,0.0083333333333333,0.0652072716837787
U_21142303,C_948120,2.0,中国农业大学,2020-10-07 16:46:33,0,A,67,167,0.0833333333333333,0.0,0.0275229357798165,0.0275229357798165,0.0432276657060518,0.0121212121212121,0.0685382713302903
U_1010426,C_735164,0.0,昆明理工大学,2020-09-19 19:18:08,0,A,476,138,0.0138888888888888,0.0,0.0330275229357798,0.0440366972477064,0.0432276657060518,0.0204545454545454,0.0615990151752621
U_12605184,C_682392,2.0,陕西工业职业技术学院,2020-11-13 12:00:25,0,A,876,108,0.0972222222222222,0.0,0.1449541284403669,0.2532110091743119,0.170028818443804,0.05,0.0609175432139682
U_895284,C_1736024,0.0,新乡医学院三全学院,2020-05-23 19:59:18,4,E,461,14,0.0694444444444444,0.0,0.1449541284403669,0.2623853211009174,0.1729106628242074,0.0575757575757575,0.0662196987504412
U_4537302,C_735197,0.0,华南理工大学,2020-09-09 20:16:25,4,E,211,141,0.0416666666666666,0.0,0.0678899082568807,0.0678899082568807,0.0576368876080691,0.0287878787878787,0.0618438143883686
U_6024052,C_1760297,0.0,西安科技大学,2020-12-02 17:21:39,4,E,726,29,0.0416666666666666,0.0,0.0073394495412844,0.0073394495412844,0.0028818443804034,0.0007575757575757,0.0613682310897698
U_13841354,C_1714448,2.0,中国医科大学,2020-05-02 17:52:02,4,E,69,8,0.0277777777777777,0.0,0.0146788990825688,0.0146788990825688,0.0230547550432276,0.006060606060606,0.0598178113117196
U_6131301,C_1017355,2.0,广州中医药大学,2020-03-11 15:14:05,0,A,423,0,0.0277777777777777,0.0,0.2018348623853211,0.2642201834862385,0.1988472622478386,0.0613636363636363,0.0700761022551974
U_12696130,C_948387,2.0,深圳信息职业技术学院,2020-10-20 09:02:48,4,E,610,169,0.0416666666666666,0.0,0.073394495412844,0.073394495412844,0.0518731988472622,0.0136363636363636,0.0634553411132845
U_22865276,C_801420,2.0,南京邮电大学,2020-09-08 15:58:23,4,E,228,155,0.2638888888888889,0.0,0.0293577981651376,0.0293577981651376,0.0230547550432276,0.006060606060606,0.0638924249058508
U_33224756,C_697076,2.0,辽宁对外经贸学院,2020-09-24 15:31:45,0,A,781,121,0.1111111111111111,0.0,0.0275229357798165,0.0275229357798165,0.0403458213256484,0.0128787878787878,0.0661553925906996
U_27733636,C_801420,2.0,辽宁对外经贸学院,2020-08-24 17:23:32,4,E,781,155,0.0277777777777777,0.0,0.0018348623853211,0.0018348623853211,0.0028818443804034,0.0007575757575757,0.0612456853891302
U_3566045,C_1774987,0.0,昆明理工大学津桥学院,2020-11-26 19:41:00,4,E,480,47,0.0416666666666666,0.0,0.036697247706422,0.036697247706422,0.0576368876080691,0.028030303030303,0.0617523347285498
U_30252245,C_766175,2.0,中国医科大学,2020-05-28 23:11:17,2,C,69,151,0.1388888888888889,0.0,0.181651376146789,0.181651376146789,0.2536023054755043,0.0681818181818181,0.0767730304157339
U_30856308,C_735385,2.0,辽宁对外经贸学院,2020-07-06 11:09:23,4,E,781,146,0.0277777777777777,0.0,0.0055045871559633,0.0055045871559633,0.0086455331412103,0.0022727272727272,0.0612385193503819
U_34335053,C_1755941,0.0,辽宁对外经贸学院,2020-10-30 18:46:21,4,E,781,24,0.0416666666666666,0.0,0.0110091743119266,0.0110091743119266,0.0144092219020172,0.0037878787878787,0.0616397580921812
U_30593544,C_1829948,0.0,辽宁对外经贸学院,2020-06-18 08:55:55,4,E,781,61,0.1666666666666666,0.0,0.073394495412844,0.073394495412844,0.0605187319884726,0.0159090909090909,0.0641470446129709
U_2104317,C_1828106,0.0,哈尔滨理工大学,2020-08-28 22:29:43,4,E,276,59,0.0555555555555555,0.0,0.0091743119266055,0.0091743119266055,0.0144092219020172,0.0757575757575757,0.0830134246259183
U_33366194,C_697076,2.0,辽宁对外经贸学院,2020-11-19 13:41:57,4,E,781,121,0.0416666666666666,0.0,0.0073394495412844,0.0073394495412844,0.0057636887608069,0.0015151515151515,0.0606766563509731
U_2104479,C_1828106,0.0,华中科技大学,2020-08-28 20:36:21,4,E,200,59,0.0555555555555555,0.0,0.0807339449541284,0.0807339449541284,0.0778097982708933,0.05,0.061953302304112
U_11543328,C_1778562,0.0,辽宁对外经贸学院,2020-09-18 21:24:29,4,E,781,49,0.0416666666666666,0.0,0.0935779816513761,0.0935779816513761,0.0547550432276657,0.0303030303030303,0.0575453054163462
U_28412089,C_674920,1.0,辽宁对外经贸学院,2020-03-14 08:31:30,4,E,781,87,0.0138888888888888,0.0,0.0788990825688073,0.0788990825688073,0.0518731988472622,0.028030303030303,0.0605330136737837
U_29909630,C_766175,2.0,昆明理工大学,2020-05-23 12:14:34,0,A,476,151,0.1388888888888889,0.0,0.1834862385321101,0.1834862385321101,0.2622478386167147,0.0712121212121212,0.0680736822307387
U_24134467,C_735197,1.0,福建工程学院,2020-10-22 20:23:14,0,A,680,141,0.1111111111111111,0.0,0.3155963302752294,0.3155963302752294,0.1757925072046109,0.0462121212121212,0.071044478240543
U_10272869,C_1918363,0.0,新乡医学院三全学院,2020-11-14 15:50:02,4,E,461,76,0.0416666666666666,0.0,0.055045871559633,0.055045871559633,0.0086455331412103,0.0045454545454545,0.0635256247497152
U_31068041,C_682392,0.0,昆明理工大学,2020-09-28 20:38:36,0,A,476,108,0.1388888888888889,0.0,0.0605504587155963,0.0605504587155963,0.0864553314121037,0.0348484848484848,0.0854223564257414
U_30348616,C_1829948,2.0,中国医科大学,2020-06-04 10:41:01,2,C,69,61,0.0555555555555555,0.0,0.073394495412844,0.073394495412844,0.0806916426512968,0.0212121212121212,0.0720499720285272
U_30310966,C_1774985,0.0,辽宁对外经贸学院,2020-06-01 16:44:56,4,E,781,46,0.0277777777777777,0.0,0.0036697247706422,0.0036697247706422,0.0028818443804034,0.0007575757575757,0.0611985341417755
U_31085983,C_682392,0.0,华南理工大学,2020-08-22 21:02:35,3,D,211,108,0.1805555555555555,0.0,0.4495412844036697,0.4495412844036697,0.2593659942363112,0.084090909090909,0.2686108012462977
U_15307976,C_1912004,0.0,辽宁对外经贸学院,2020-10-03 16:33:11,4,E,781,74,0.0416666666666666,0.0,0.0660550458715596,0.0660550458715596,0.0547550432276657,0.0325757575757575,0.0618213802795022
U_32877675,C_735164,2.0,昆明理工大学,2020-10-16 17:20:21,0,A,476,138,0.125,0.0,0.1963302752293578,0.2697247706422018,0.2334293948126801,0.0659090909090909,0.0647880707978606
U_30578146,C_1829948,1.0,辽宁对外经贸学院,2020-06-17 11:15:54,4,E,781,61,0.0138888888888888,0.0,0.0513761467889908,0.0513761467889908,0.0288184438040345,0.0075757575757575,0.0621608137942261
U_13358012,C_697076,2.0,DNA,2020-10-20 16:10:12,4,E,9,121,0.0416666666666666,0.0,0.0275229357798165,0.0275229357798165,0.0259365994236311,0.0068181818181818,0.061826520810408
U_30640556,C_747056,0.0,辽宁对外经贸学院,2020-06-21 23:39:25,4,E,781,147,0.0555555555555555,0.0,0.2660550458715596,0.2660550458715596,0.1757925072046109,0.0477272727272727,0.0701155427061934
U_33333775,C_697076,2.0,辽宁对外经贸学院,2020-09-28 14:21:52,4,E,781,121,0.0416666666666666,0.0,0.0844036697247706,0.0844036697247706,0.0778097982708933,0.0333333333333333,0.060665325392676
U_30422150,C_676635,1.0,广州中医药大学,2020-06-09 16:52:04,1,B,423,89,0.2222222222222222,0.0,0.055045871559633,0.055045871559633,0.0518731988472622,0.0136363636363636,0.1162807787859142
U_32578282,C_735164,2.0,昆明理工大学,2020-09-15 10:58:09,4,E,476,138,0.0416666666666666,0.0,0.0880733944954128,0.0880733944954128,0.0576368876080691,0.0295454545454545,0.0638367061069865
U_29963463,C_676635,0.0,中国医科大学,2020-05-13 16:38:42,2,C,69,89,0.1388888888888889,0.0,0.1486238532110091,0.1486238532110091,0.1757925072046109,0.0606060606060606,0.082184939753685
U_33344094,C_697076,1.0,辽宁对外经贸学院,2020-11-16 18:08:44,0,A,781,121,0.0694444444444444,0.0,0.036697247706422,0.036697247706422,0.0230547550432276,0.006060606060606,0.0613170486360979
U_25004353,C_808528,2.0,中国医科大学,2020-02-26 17:12:46,2,C,69,156,0.0694444444444444,0.0,0.1963302752293578,0.1963302752293578,0.170028818443804,0.0545454545454545,0.0763363527152044
U_15218694,C_948120,1.0,中国农业大学,2020-10-07 12:36:13,0,A,67,167,0.0416666666666666,0.0,0.0091743119266055,0.0091743119266055,0.0144092219020172,0.0037878787878787,0.0676858494784981
U_13811217,C_1628052,1.0,华南理工大学,2020-06-16 22:33:24,3,D,211,5,0.125,0.0,0.018348623853211,0.018348623853211,0.0288184438040345,0.0113636363636363,0.0746636942817132
U_30636811,C_697766,2.0,中国医科大学,2020-06-21 16:36:37,2,C,69,128,0.1388888888888889,0.0,0.1045871559633027,0.1045871559633027,0.1210374639769452,0.0325757575757575,0.0753480930770778
U_8511991,C_735197,0.0,华南理工大学,2020-10-21 20:28:52,0,A,211,141,0.0833333333333333,0.0,0.1082568807339449,0.1082568807339449,0.0749279538904899,0.0196969696969696,0.0726413163193446
U_30350365,C_674920,2.0,辽宁对外经贸学院,2020-06-04 12:19:40,4,E,781,87,0.0833333333333333,0.0,0.036697247706422,0.036697247706422,0.0172910662824207,0.0045454545454545,0.0645734462040307
U_30245871,C_680821,2.0,辽宁对外经贸学院,2020-05-28 03:07:26,4,E,781,97,0.0277777777777777,0.0,0.0018348623853211,0.0018348623853211,0.0028818443804034,0.0007575757575757,0.0612018423061735
U_14489970,C_1714448,1.0,中国医科大学,2020-05-15 09:15:17,0,A,69,8,0.0972222222222222,0.0,0.1449541284403669,0.1449541284403669,0.2046109510086455,0.0537878787878787,0.0671801262270162
U_6509803,C_1824911,2.0,重庆三峡医药高等专科学校,2020-06-10 16:58:06,4,E,822,57,0.0277777777777777,0.0,0.0623853211009174,0.0623853211009174,0.0979827089337175,0.0257575757575757,0.0621958961843384
U_3482945,C_682486,2.0,仙桃职业学院,2020-08-04 11:16:20,4,E,120,111,0.0416666666666666,0.0,0.0018348623853211,0.0018348623853211,0.0,0.0,0.0642781479604364
U_31099624,C_682392,0.0,昆明理工大学,2020-07-30 13:23:26,0,A,476,108,0.0972222222222222,0.0,0.1357798165137614,0.2623853211009174,0.132564841498559,0.0204545454545454,0.0615778290565579
U_32718188,C_735164,1.0,昆明理工大学,2020-09-18 21:06:25,0,A,476,138,0.1111111111111111,0.0,0.2055045871559633,0.2697247706422018,0.2276657060518732,0.0628787878787878,0.1053717736661922
U_6792652,C_1824911,2.0,重庆三峡医药高等专科学校,2020-06-11 09:08:24,4,E,822,57,0.0833333333333333,0.0,0.0,0.0,0.0,0.0545454545454545,0.0445607155833138
U_34040622,C_735164,1.0,昆明理工大学,2020-10-27 20:46:38,0,A,476,138,0.0555555555555555,0.0,0.2348623853211009,0.2495412844036697,0.3688760806916426,0.1386363636363636,0.1787623764280493
U_25230947,C_707079,2.0,辽宁对外经贸学院,2020-07-22 14:40:38,4,E,781,132,0.0416666666666666,0.0,0.0788990825688073,0.0788990825688073,0.100864553314121,0.0393939393939393,0.0629938026563513
U_19955648,C_801420,0.0,辽宁对外经贸学院,2020-07-20 11:42:42,4,E,781,155,0.0277777777777777,0.0,0.0036697247706422,0.0036697247706422,0.0,0.0,0.0613551222407258
U_31100045,C_682392,0.0,昆明理工大学,2020-07-30 12:11:33,0,A,476,108,0.1388888888888889,0.0,0.4495412844036697,0.4495412844036697,0.6974063400576368,0.2431818181818182,0.0629428777244589
U_24136977,C_749807,2.0,中国医科大学,2020-03-15 21:00:44,2,C,69,148,0.0138888888888888,0.0,0.1779816513761468,0.1779816513761468,0.1613832853025936,0.0598484848484848,0.0718192077524025
U_29958522,C_681031,2.0,辽宁对外经贸学院,2020-05-13 12:08:58,4,E,781,101,0.0277777777777777,0.0,0.0073394495412844,0.0073394495412844,0.0057636887608069,0.0015151515151515,0.0613774424457282
U_33220472,C_697076,0.0,辽宁对外经贸学院,2020-09-30 15:00:45,3,D,781,121,0.1388888888888889,0.0,0.0091743119266055,0.0091743119266055,0.0057636887608069,0.0015151515151515,0.0758466453374695
U_4739120,C_735197,0.0,华南理工大学,2020-09-17 11:59:18,3,D,211,141,0.1527777777777777,0.0,0.1724770642201835,0.2623853211009174,0.0778097982708933,0.1628787878787878,0.0838676019178407
U_30660777,C_1714448,2.0,辽宁对外经贸学院,2020-06-23 14:03:02,4,E,781,8,0.0277777777777777,0.0,0.0073394495412844,0.0073394495412844,0.0,0.0,0.0620333652750924
U_14946344,C_674920,0.0,西昌民族幼儿师范高等专科学校,2020-06-11 16:46:18,4,E,751,87,0.0972222222222222,0.0,0.018348623853211,0.018348623853211,0.0288184438040345,0.0075757575757575,0.0620991918038014
U_12548317,C_1828108,0.0,河北水利电力学院,2020-06-10 16:06:21,4,E,561,60,0.0277777777777777,0.0,0.0018348623853211,0.0018348623853211,0.0028818443804034,0.0007575757575757,0.0612276638169084
U_30201477,C_674920,0.0,辽宁对外经贸学院,2020-05-27 11:29:02,4,E,781,87,0.0555555555555555,0.0,0.2201834862385321,0.2201834862385321,0.3371757925072046,0.0909090909090909,0.0655492606069297
U_29239081,C_735283,2.0,华南理工大学,2020-05-28 22:49:11,3,D,211,143,0.1666666666666666,0.0,0.1321100917431192,0.1321100917431192,0.1383285302593659,0.0363636363636363,0.0788942373133202
U_16144439,C_786631,1.0,北华航天工业学院,2020-03-30 08:30:21,2,C,186,154,0.125,0.0,0.1963302752293578,0.1963302752293578,0.1671469740634005,0.0628787878787878,0.0794803865974708
U_30040021,C_697766,0.0,辽宁对外经贸学院,2020-07-25 06:34:03,4,E,781,128,0.0416666666666666,0.0,0.036697247706422,0.036697247706422,0.0374639769452449,0.0098484848484848,0.0621020294957176
U_31066319,C_682392,0.0,昆明理工大学,2020-08-20 19:37:03,0,A,476,108,0.1111111111111111,0.0,0.3229357798165138,0.3229357798165138,0.4870317002881844,0.1659090909090909,0.0590099852988549
U_5277643,C_674920,0.0,西昌民族幼儿高等专科学校,2020-07-06 12:34:00,4,E,755,87,0.0555555555555555,0.0,0.0844036697247706,0.0844036697247706,0.0979827089337175,0.0386363636363636,0.0640727050085134
U_2031706,C_735164,0.0,昆明理工大学,2020-09-15 14:24:56,0,A,476,138,0.1111111111111111,0.0,0.1889908256880734,0.2715596330275229,0.2247838616714697,0.0659090909090909,0.0659773261848722
U_31758299,C_682392,0.0,辽宁对外经贸学院,2020-09-01 11:52:48,4,E,781,108,0.0416666666666666,0.0,0.018348623853211,0.018348623853211,0.0144092219020172,0.0037878787878787,0.0608317240809561
U_21111095,C_1844112,2.0,内蒙古大学,2020-08-19 08:07:05,0,A,145,63,0.1805555555555555,0.0,0.3669724770642202,0.418348623853211,0.5533141210374639,0.5757575757575758,0.2337808208639458
U_966277,C_735164,0.0,昆明理工大学,2020-11-17 00:35:52,0,A,476,138,0.0972222222222222,0.0,0.1761467889908257,0.2568807339449541,0.1930835734870317,0.0568181818181818,0.0643548696413541
U_30350271,C_674920,2.0,辽宁对外经贸学院,2020-06-04 12:12:09,4,E,781,87,0.0416666666666666,0.0,0.0954128440366972,0.0954128440366972,0.0576368876080691,0.0257575757575757,0.0643292264149281
U_22286219,C_676635,2.0,华南理工大学,2020-04-28 15:17:43,3,D,211,89,0.1527777777777777,0.0,0.1834862385321101,0.1963302752293578,0.1239193083573487,0.1424242424242424,0.0818807520563567
U_33713342,C_697076,2.0,辽宁对外经贸学院,2020-11-29 22:28:35,4,E,781,121,0.0416666666666666,0.0,0.036697247706422,0.036697247706422,0.0547550432276657,0.0166666666666666,0.0612944461476065
U_13535172,C_948120,0.0,中国农业大学,2020-09-25 19:34:21,4,E,67,167,0.0138888888888888,0.0,0.0330275229357798,0.0330275229357798,0.0489913544668587,0.0128787878787878,0.0023695041735584
U_11381717,C_676635,0.0,山东理工大学,2020-06-03 17:13:32,4,E,376,89,0.0416666666666666,0.0,0.0091743119266055,0.0091743119266055,0.0144092219020172,0.0037878787878787,0.0613128886688909
U_33454961,C_697076,2.0,辽宁对外经贸学院,2020-11-25 17:50:53,4,E,781,121,0.0416666666666666,0.0,0.0458715596330275,0.0458715596330275,0.0345821325648414,0.009090909090909,0.0650453598172718
U_28368323,C_676646,2.0,辽宁对外经贸学院,2020-06-15 17:29:15,4,E,781,90,0.0277777777777777,0.0,0.0091743119266055,0.0091743119266055,0.0115273775216138,0.003030303030303,0.0612637961035064
U_30111604,C_1750793,1.0,辽宁对外经贸学院,2020-05-21 21:31:08,4,E,781,17,0.0416666666666666,0.0,0.0165137614678899,0.0165137614678899,0.0259365994236311,0.0136363636363636,0.0614931885809211
U_6131258,C_1017355,1.0,辽宁对外经贸学院,2020-05-05 18:06:40,4,E,781,0,0.0138888888888888,0.0,0.0018348623853211,0.0018348623853211,0.0028818443804034,0.0007575757575757,0.0605559875879186
U_29794650,C_766175,2.0,昆明理工大学,2020-05-28 17:04:14,0,A,476,151,0.0833333333333333,0.0,0.1834862385321101,0.1834862385321101,0.2305475504322766,0.0621212121212121,0.067922190091617
U_9394427,C_1864065,2.0,湖北理工学院,2020-06-22 10:49:57,4,E,631,67,0.0416666666666666,0.0,0.0825688073394495,0.0825688073394495,0.0691642651296829,0.0363636363636363,0.0652533532252801
U_4681980,C_682392,2.0,陕西工业职业技术学院,2020-07-30 15:23:27,2,C,876,108,0.0694444444444444,0.0,0.4495412844036697,0.4495412844036697,0.2478386167146974,0.0757575757575757,0.0762750080559268
U_26964471,C_735283,2.0,华南理工大学,2020-02-24 13:13:16,3,D,211,143,0.1527777777777777,0.0,0.1834862385321101,0.2348623853211009,0.1239193083573487,0.1318181818181818,0.0862465980213715
U_31060207,C_735115,2.0,昆明理工大学,2020-07-25 13:57:15,0,A,476,136,0.2083333333333333,0.0,0.5211009174311927,0.5211009174311927,0.7002881844380403,0.2303030303030303,0.0739342341272813
U_31066575,C_682392,0.0,昆明理工大学,2020-09-14 19:40:40,0,A,476,108,0.1111111111111111,0.0,0.4495412844036697,0.4495412844036697,0.6887608069164265,0.2401515151515151,0.0627838926920226
U_5635814,C_1824911,2.0,重庆三峡医药高等专科学校,2020-06-05 19:18:04,4,E,822,57,0.0416666666666666,0.0,0.073394495412844,0.073394495412844,0.0518731988472622,0.0318181818181818,0.0626200395074858
U_8165800,C_758928,1.0,陕西工业职业技术学院,2020-03-19 20:25:33,4,E,876,150,0.0138888888888888,0.0,0.073394495412844,0.073394495412844,0.0489913544668587,0.031060606060606,0.0613453958412085
U_5832603,C_1824926,0.0,武汉职业技术学院,2020-07-07 12:32:17,2,C,511,58,0.1388888888888889,0.0,0.1302752293577981,0.1871559633027523,0.1527377521613832,0.0409090909090909,0.0562515902813615
U_30988132,C_674920,0.0,辽宁对外经贸学院,2020-07-17 22:52:48,4,E,781,87,0.0555555555555555,0.0,0.2201834862385321,0.2201834862385321,0.3371757925072046,0.0909090909090909,0.0655492606069297
U_26963379,C_682392,0.0,昆明理工大学,2020-08-03 09:38:46,0,A,476,108,0.0138888888888888,0.0,0.4495412844036697,0.4495412844036697,0.6195965417867435,0.2166666666666666,0.0626991333601799
U_13771045,C_674959,1.0,辽宁对外经贸学院,2020-07-04 22:23:59,4,E,781,88,0.0277777777777777,0.0,0.0055045871559633,0.0055045871559633,0.0028818443804034,0.0007575757575757,0.061675558571871
U_33547816,C_697076,2.0,辽宁对外经贸学院,2020-11-19 21:37:25,4,E,781,121,0.0416666666666666,0.0,0.073394495412844,0.073394495412844,0.0230547550432276,0.0212121212121212,0.064062983561338
U_14157774,C_1472684,0.0,辽宁对外经贸学院,2020-09-07 17:12:04,4,E,781,3,0.0277777777777777,0.0,0.0091743119266055,0.0091743119266055,0.0086455331412103,0.0022727272727272,0.0614150752919258
U_1570854,C_1750793,2.0,北京体育大学,2020-06-02 23:09:27,0,A,159,17,0.1111111111111111,0.0,0.2091743119266055,0.2678899082568807,0.2161383285302593,0.081060606060606,0.0715152429104603
U_5256536,C_674920,0.0,西昌民族幼儿师范高等专科学校,2020-06-12 15:06:38,4,E,751,87,0.0416666666666666,0.0,0.091743119266055,0.091743119266055,0.0922190201729106,0.0287878787878787,0.0605890296131628
U_30440432,C_676635,1.0,辽宁对外经贸学院,2020-07-20 19:53:03,4,E,781,89,0.0416666666666666,0.0,0.0091743119266055,0.0091743119266055,0.0028818443804034,0.0007575757575757,0.0619001324206043
U_29764796,C_1017355,0.0,辽宁对外经贸学院,2020-05-02 20:01:30,4,E,781,0,0.0277777777777777,0.0,0.0036697247706422,0.0036697247706422,0.0,0.0,0.0612799803568784
U_30301497,C_813262,1.0,中国医科大学,2020-06-01 10:07:46,2,C,69,157,0.0138888888888888,0.0,0.0110091743119266,0.0110091743119266,0.0172910662824207,0.0106060606060606,0.0543896335305839
U_16897935,C_758928,1.0,辽宁对外经贸学院,2020-06-13 22:05:25,4,E,781,150,0.0416666666666666,0.0,0.0055045871559633,0.0055045871559633,0.0086455331412103,0.0022727272727272,0.0612841007053501
U_34268554,C_697076,1.0,辽宁对外经贸学院,2020-12-01 11:00:36,4,E,781,121,0.0555555555555555,0.0,0.1834862385321101,0.1834862385321101,0.2881844380403458,0.0931818181818181,0.0645015282947686
U_30593400,C_1829948,2.0,辽宁对外经贸学院,2020-06-19 19:24:29,4,E,781,61,0.6666666666666666,0.0,0.3871559633027523,0.3871559633027523,0.5014409221902016,0.1318181818181818,0.0766029768991219
U_34500319,C_697076,0.0,辽宁对外经贸学院,2020-11-20 19:31:45,4,E,781,121,0.0555555555555555,0.0,0.1926605504587156,0.1926605504587156,0.1585014409221901,0.0439393939393939,0.066480776311416
U_30486285,C_1824911,0.0,昆明理工大学,2020-06-13 09:22:28,0,A,476,57,0.1111111111111111,0.0,0.2055045871559633,0.2715596330275229,0.201729106628242,0.0795454545454545,0.0739954945967463
U_27726228,C_707079,2.0,辽宁对外经贸学院,2020-05-08 10:43:01,4,E,781,132,0.0416666666666666,0.0,0.0018348623853211,0.0018348623853211,0.0,0.0,0.061077409763265
U_33284673,C_735164,2.0,昆明理工大学,2020-09-21 16:52:31,2,C,476,138,0.1388888888888889,0.0,0.1834862385321101,0.1834862385321101,0.1440922190201729,0.0515151515151515,0.0764811641450853
U_724737,C_735164,2.0,重庆人文科技学院,2020-09-17 08:28:02,0,A,831,138,0.0138888888888888,0.0,0.181651376146789,0.255045871559633,0.2046109510086455,0.0636363636363636,0.1040963380390044
U_34170443,C_697076,0.0,辽宁对外经贸学院,2020-10-01 09:27:37,4,E,781,121,0.0416666666666666,0.0,0.0715596330275229,0.0715596330275229,0.0374639769452449,0.0098484848484848,0.0629422537293778
U_5235891,C_674920,0.0,西昌民族幼儿师范高中专科学校,2020-07-06 08:10:37,4,E,749,87,0.0972222222222222,0.0,0.2201834862385321,0.2201834862385321,0.340057636887608,0.0916666666666666,0.0640640780289007
U_31065838,C_682392,0.0,昆明理工大学,2020-07-30 14:23:05,0,A,476,108,0.0694444444444444,0.0,0.4495412844036697,0.4495412844036697,0.5273775216138328,0.1848484848484848,0.0631526737849235
U_14654610,C_786631,2.0,北华航天工业学院,2020-05-06 18:04:33,2,C,186,154,0.0972222222222222,0.0,0.0990825688073394,0.0990825688073394,0.1354466858789625,0.0439393939393939,0.074856667236699
U_33454983,C_697076,0.0,辽宁对外经贸学院,2020-10-12 10:17:25,4,E,781,121,0.0416666666666666,0.0,0.0844036697247706,0.0844036697247706,0.0778097982708933,0.034090909090909,0.0607018736759946
U_27790929,C_674920,2.0,辽宁对外经贸学院,2020-07-15 17:09:44,4,E,781,87,0.0416666666666666,0.0,0.018348623853211,0.018348623853211,0.0172910662824207,0.0045454545454545,0.0610390687321737
U_29660773,C_1714448,2.0,辽宁对外经贸学院,2020-04-26 14:03:20,4,E,781,8,0.0416666666666666,0.0,0.0697247706422018,0.0697247706422018,0.063400576368876,0.0363636363636363,0.0625335518083155
U_25362377,C_735197,1.0,辽宁石油化工大学,2020-09-10 17:50:34,4,E,790,141,0.0138888888888888,0.0,0.0,0.0,0.0,0.0416666666666666,0.0810013102270866
U_29056907,C_756642,1.0,昆明理工大学,2020-03-28 08:53:04,0,A,476,149,0.0277777777777777,0.0,0.2128440366972477,0.2495412844036697,0.1671469740634005,0.081060606060606,0.0774018441254658
U_30076743,C_674920,1.0,辽宁对外经贸学院,2020-05-19 19:56:22,4,E,781,87,0.0416666666666666,0.0,0.018348623853211,0.018348623853211,0.0201729106628242,0.0053030303030303,0.0610050560479146
U_33224537,C_697076,2.0,辽宁对外经贸学院,2020-11-05 09:05:08,4,E,781,121,0.0416666666666666,0.0,0.091743119266055,0.091743119266055,0.0518731988472622,0.0219696969696969,0.0622464249288778
U_7327420,C_766175,0.0,山东工商学院,2020-04-29 17:54:53,3,D,369,151,0.0138888888888888,0.0,0.0238532110091743,0.0238532110091743,0.031700288184438,0.0083333333333333,0.0779368010512607
U_34269223,C_697076,2.0,辽宁对外经贸学院,2020-11-30 18:11:17,4,E,781,121,0.0555555555555555,0.0,0.1963302752293578,0.1963302752293578,0.2190201729106628,0.0666666666666666,0.0658851432925018
U_3805412,C_1017355,0.0,广州中医药大学,2020-05-02 09:31:30,3,D,423,0,0.1527777777777777,0.0,0.0788990825688073,0.0788990825688073,0.0547550432276657,0.0166666666666666,0.0806811462747466
U_30202336,C_680814,2.0,辽宁对外经贸学院,2020-06-02 12:58:43,4,E,781,96,0.0277777777777777,0.0,0.0036697247706422,0.0036697247706422,0.0028818443804034,0.0007575757575757,0.0612651976162678
U_19169238,C_1829948,0.0,北方民族大学,2020-06-17 14:35:26,4,E,190,61,0.0694444444444444,0.0,0.0513761467889908,0.0513761467889908,0.0403458213256484,0.0106060606060606,0.0624402348296469
U_29932311,C_948395,0.0,昆明理工大学,2020-05-11 22:15:32,0,A,476,170,0.0972222222222222,0.0,0.110091743119266,0.110091743119266,0.1729106628242074,0.1,0.0689936243121741
U_24664996,C_948395,1.0,华南理工大学,2020-02-19 11:31:39,3,D,211,170,0.1666666666666666,0.0,0.1706422018348624,0.2165137614678899,0.0922190201729106,0.1477272727272727,0.0826633062684389
U_22297112,C_1829948,2.0,北方民族大学,2020-06-04 17:10:24,3,D,190,61,0.0138888888888888,0.0,0.0073394495412844,0.0073394495412844,0.0028818443804034,0.0007575757575757,0.0720852525123161
U_15052586,C_786631,2.0,河北师范大学汇华学院,2020-05-25 15:43:51,2,C,557,154,0.25,0.0,0.255045871559633,0.255045871559633,0.3112391930835734,0.1083333333333333,0.0711175203314193
U_30329938,C_676635,2.0,广州中医药大学,2020-06-02 23:40:45,1,B,423,89,0.2222222222222222,0.0,0.018348623853211,0.018348623853211,0.0230547550432276,0.006060606060606,0.1138557754260106
U_8315342,C_697107,0.0,青岛理工大学,2020-06-15 13:45:32,4,E,888,122,0.0416666666666666,0.0,0.0385321100917431,0.0385321100917431,0.0489913544668587,0.0151515151515151,0.0609799476744152
U_9427097,C_1472684,0.0,辽宁对外经贸学院,2020-11-14 12:31:03,4,E,781,3,0.0277777777777777,0.0,0.0091743119266055,0.0091743119266055,0.0144092219020172,0.0037878787878787,0.0613470499234075
U_12986006,C_1628052,1.0,华南理工大学,2020-06-16 13:09:17,3,D,211,5,0.125,0.0,0.018348623853211,0.018348623853211,0.0288184438040345,0.0113636363636363,0.0746692706187073
U_6124215,C_1017355,0.0,广州中医药大学,2020-05-01 20:27:21,1,B,423,0,0.0972222222222222,0.0,0.0825688073394495,0.0825688073394495,0.1095100864553314,0.0356060606060606,0.111432029960953
U_33003933,C_735164,1.0,昆明理工大学,2020-09-22 16:03:14,0,A,476,138,0.0277777777777777,0.0,0.1889908256880734,0.2660550458715596,0.2132564841498559,0.0583333333333333,0.0661592306556823
U_31066987,C_682392,0.0,中国医科大学,2020-07-30 21:02:55,2,C,69,108,0.1111111111111111,0.0,0.4495412844036697,0.4495412844036697,0.3025936599423631,0.1075757575757575,0.0727821361616436
U_27022169,C_735197,2.0,辽宁石油化工大学,2020-12-03 10:26:24,3,D,790,141,0.2083333333333333,0.0,0.3376146788990826,0.3376146788990826,0.5302593659942363,0.1515151515151515,0.0734026546986711
U_28728407,C_749807,2.0,湖北文理学院理工学院,2020-03-16 15:00:00,4,E,626,148,0.0277777777777777,0.4000000000000001,0.1669724770642202,0.2752293577981651,0.239193083573487,0.0098484848484848,0.0980765542897067
U_32593726,C_735164,2.0,昆明理工大学,2020-09-16 08:19:15,2,C,476,138,0.0138888888888888,0.0,0.018348623853211,0.0220183486238532,0.0288184438040345,0.0136363636363636,0.07034437061663
U_32754027,C_735164,1.0,昆明理工大学,2020-10-20 11:56:46,0,A,476,138,0.0972222222222222,0.0,0.181651376146789,0.2587155963302752,0.1671469740634005,0.0454545454545454,0.069124247282474
U_33224747,C_697076,0.0,辽宁对外经贸学院,2020-09-27 16:30:51,0,A,781,121,0.1111111111111111,0.0,0.0275229357798165,0.0275229357798165,0.0432276657060518,0.0136363636363636,0.0655243701364744
U_30975358,C_1778562,0.0,辽宁对外经贸学院,2020-07-30 15:17:31,4,E,781,49,0.0277777777777777,0.0,0.0018348623853211,0.0018348623853211,0.0,0.0,0.061359841822569
U_33761613,C_948387,2.0,深圳信息职业技术学院,2020-09-25 16:26:53,4,E,610,169,0.0416666666666666,0.0,0.0275229357798165,0.0275229357798165,0.031700288184438,0.0083333333333333,0.0618079049571567
U_34177198,C_697076,2.0,辽宁对外经贸学院,2020-11-16 11:47:36,4,E,781,121,0.0416666666666666,0.0,0.036697247706422,0.036697247706422,0.0489913544668587,0.0143939393939393,0.063336316527745
U_18052519,C_1776290,2.0,河北农业大学,2020-04-27 21:38:08,2,C,545,48,0.1527777777777777,0.0,0.181651376146789,0.181651376146789,0.1988472622478386,0.0666666666666666,0.0802294580258786
U_11946656,C_948387,0.0,深圳信息职业技术学院,2020-10-20 11:28:26,4,E,610,169,0.0416666666666666,0.0,0.0752293577981651,0.0752293577981651,0.0374639769452449,0.0098484848484848,0.0637008237495749
U_13241663,C_697076,0.0,云南财经大学,2020-11-30 17:15:51,3,D,117,121,0.2222222222222222,0.0,0.5522935779816514,0.5522935779816514,0.5100864553314121,0.1636363636363636,0.0677812662501378
U_30418967,C_1628052,0.0,中国医科大学,2020-06-11 10:46:01,2,C,69,5,0.1666666666666666,0.0,0.1522935779816513,0.1522935779816513,0.1873198847262247,0.0606060606060606,0.0792035407798447
U_1085539,C_735321,1.0,清华大学,2020-06-25 11:22:04,4,E,612,145,0.0555555555555555,0.0,0.0018348623853211,0.0018348623853211,0.0,0.0,0.0612126829826213
U_32729242,C_735164,1.0,昆明理工大学,2020-12-01 09:53:24,4,E,476,138,0.0416666666666666,0.0,0.055045871559633,0.055045871559633,0.0864553314121037,0.0401515151515151,0.0620573593716614
U_18493752,C_1829954,0.0,公务员,2020-08-17 11:30:10,3,D,132,62,0.2222222222222222,0.0,0.0,0.1596330275229358,0.0,0.1757575757575757,0.3994633996230334
U_4264391,C_735164,0.0,河南牧业经济学院,2020-10-16 20:12:45,0,A,575,138,0.1111111111111111,0.0,0.2091743119266055,0.2660550458715596,0.2449567723342939,0.0704545454545454,0.0707627989372097
U_25338909,C_735197,0.0,辽宁石油化工大学,2020-10-14 22:45:31,3,D,790,141,0.4027777777777777,0.0,0.3376146788990826,0.3376146788990826,0.5302593659942363,0.1515151515151515,0.0757960720218529
U_10408251,C_676646,0.0,天津商业大学,2020-08-27 15:15:11,4,E,316,90,0.0277777777777777,0.0,0.0073394495412844,0.0073394495412844,0.0115273775216138,0.003030303030303,0.0616317699646754
U_30248403,C_674920,0.0,辽宁对外经贸学院,2020-05-28 09:11:29,4,E,781,87,0.0555555555555555,0.0,0.2201834862385321,0.2201834862385321,0.3458213256484149,0.0931818181818181,0.0654472225541522
U_4750582,C_735197,2.0,华南理工大学,2020-09-24 22:09:50,4,E,211,141,0.0416666666666666,0.0,0.0605504587155963,0.0605504587155963,0.0288184438040345,0.0454545454545454,0.0615885756385093
U_11245634,C_1992929,1.0,北京体育大学,2020-09-18 08:06:59,1,B,159,81,0.2361111111111111,0.0,0.0275229357798165,0.0330275229357798,0.0432276657060518,0.0121212121212121,0.1127242247269704
U_4370269,C_735164,2.0,宜宾学院,2020-09-16 08:23:39,0,A,354,138,0.1111111111111111,0.0,0.2275229357798165,0.2770642201834862,0.2161383285302593,0.0515151515151515,0.0570559001314679
U_31084714,C_682392,0.0,华南理工大学,2020-08-26 17:51:36,3,D,211,108,0.0972222222222222,0.0,0.4293577981651376,0.4293577981651376,0.1729106628242074,0.0454545454545454,0.0820005888259699
U_16647821,C_1829948,2.0,华南理工大学,2020-06-18 10:48:36,3,D,211,61,0.2361111111111111,0.0,0.4495412844036697,0.4495412844036697,0.5187319884726225,0.1363636363636363,0.0719993095707562
U_30546333,C_1829948,2.0,北方民族大学,2020-06-15 23:04:26,4,E,190,61,0.5972222222222222,0.0,0.4,0.4,0.4812680115273774,0.1265151515151515,0.0765937655431635
U_3712368,C_1017355,0.0,华农,2020-03-04 13:20:04,2,C,202,0,0.1388888888888889,0.0,0.1834862385321101,0.1834862385321101,0.1786743515850144,0.0613636363636363,0.0721345728854287
U_30313541,C_674920,0.0,辽宁对外经贸学院,2020-06-01 20:30:05,4,E,781,87,0.0555555555555555,0.0,0.2201834862385321,0.2201834862385321,0.3198847262247838,0.0848484848484848,0.0657604928465491
U_33442524,C_697076,2.0,辽宁对外经贸学院,2020-11-09 15:25:49,4,E,781,121,0.0416666666666666,0.0,0.091743119266055,0.091743119266055,0.0518731988472622,0.0219696969696969,0.0622464249288778
U_33108553,C_735197,1.0,华南理工大学,2020-09-18 15:34:30,3,D,211,141,0.1527777777777777,0.0,0.0330275229357798,0.0330275229357798,0.031700288184438,0.0083333333333333,0.0119398392122167
U_33219103,C_697076,2.0,辽宁对外经贸学院,2020-09-24 11:06:40,0,A,781,121,0.1111111111111111,0.0,0.1834862385321101,0.2862385321100917,0.2449567723342939,0.0689393939393939,0.0667762924580545
U_29800470,C_948436,0.0,辽宁对外经贸学院,2020-06-29 17:57:47,4,E,781,171,0.0416666666666666,0.0,0.0311926605504587,0.0311926605504587,0.0374639769452449,0.003030303030303,0.0620407244551753
U_33344674,C_697076,2.0,辽宁对外经贸学院,2020-11-17 11:38:51,4,E,781,121,0.0277777777777777,0.0,0.0770642201834862,0.0770642201834862,0.0374639769452449,0.0295454545454545,0.0603701311482618
U_11485120,C_697076,0.0,中华女子学院,2020-10-26 21:55:39,4,E,54,121,0.0416666666666666,0.0,0.0623853211009174,0.0623853211009174,0.0576368876080691,0.0318181818181818,0.0612122372718491
U_30254638,C_676635,0.0,中国医科大学,2020-08-07 12:54:27,2,C,69,89,0.125,0.0,0.0642201834862385,0.0642201834862385,0.0864553314121037,0.0227272727272727,0.0782988816255532
U_31066571,C_682392,0.0,昆明理工大学,2020-08-06 11:08:13,0,A,476,108,0.0972222222222222,0.0,0.1229357798165137,0.2623853211009174,0.1815561959654178,0.0431818181818181,0.0495884073786209
U_12181559,C_682392,2.0,陕西工业职业技术学院,2020-08-31 16:45:40,0,A,876,108,0.125,0.0,0.2018348623853211,0.2862385321100917,0.2420749279538904,0.059090909090909,0.1351155902604146
U_6758848,C_1824911,2.0,重庆三峡医药高等专科学校,2020-06-02 10:22:14,4,E,822,57,0.0277777777777777,0.0,0.0880733944954128,0.0880733944954128,0.0489913544668587,0.025,0.0672105237016788
U_30365784,C_1829948,0.0,辽宁对外经贸学院,2020-06-05 10:57:11,4,E,781,61,0.1111111111111111,0.0,0.0990825688073394,0.0990825688073394,0.100864553314121,0.0265151515151515,0.0671486540941585
U_30176694,C_735197,1.0,广州中医药大学,2020-11-23 22:10:25,1,B,423,141,0.2083333333333333,0.0,0.0513761467889908,0.0513761467889908,0.0806916426512968,0.0242424242424242,0.1110082382540815
U_33007383,C_735164,2.0,昆明理工大学,2020-09-17 10:14:58,0,A,476,138,0.0972222222222222,0.0,0.0990825688073394,0.0990825688073394,0.1556195965417867,0.0742424242424242,0.0515674885563718
U_19139230,C_1808023,1.0,辽宁对外经贸学院,2020-06-16 16:53:58,4,E,781,54,0.0416666666666666,0.0,0.0201834862385321,0.0201834862385321,0.0201729106628242,0.0053030303030303,0.0616127084006519
U_30326351,C_676635,2.0,广州中医药大学,2020-06-02 19:14:10,1,B,423,89,0.2083333333333333,0.0,0.0091743119266055,0.0091743119266055,0.0115273775216138,0.003030303030303,0.1140532451074536
U_33247096,C_697076,2.0,辽宁对外经贸学院,2020-11-17 14:23:11,4,E,781,121,0.0416666666666666,0.0,0.0422018348623853,0.0422018348623853,0.0518731988472622,0.0151515151515151,0.0604564504678072
U_102550,C_676635,0.0,学堂在线,2020-08-05 09:33:02,4,E,332,89,0.0416666666666666,0.0,0.0091743119266055,0.0091743119266055,0.0115273775216138,0.003030303030303,0.0613364122929781
U_18113669,C_948113,2.0,西安思源学院,2020-02-25 21:18:32,2,C,721,166,0.1388888888888889,0.0,0.1981651376146789,0.1981651376146789,0.1757925072046109,0.053030303030303,0.0736622564617558
U_32719340,C_735164,1.0,昆明理工大学,2020-11-30 21:04:13,4,E,476,138,0.0416666666666666,0.0,0.055045871559633,0.0807339449541284,0.0691642651296829,0.0318181818181818,0.0631083701341689
U_10721391,C_1017355,2.0,广州中医药大学,2020-04-14 11:19:16,4,E,423,0,0.0416666666666666,0.0,0.0403669724770642,0.0403669724770642,0.0576368876080691,0.0416666666666666,0.0582588784579208
U_10910594,C_676646,2.0,天津商业大学,2020-08-27 15:33:26,4,E,316,90,0.0277777777777777,0.0,0.0073394495412844,0.0073394495412844,0.0086455331412103,0.0022727272727272,0.0616657826489346
U_33013110,C_735164,1.0,昆明理工大学,2020-09-17 22:42:04,0,A,476,138,0.1111111111111111,0.0,0.1944954128440367,0.273394495412844,0.2219020172910662,0.0606060606060606,0.0835054237027349
U_2104165,C_1828106,2.0,华中科技大学,2020-09-01 00:14:16,4,E,200,59,0.0416666666666666,0.0,0.0678899082568807,0.0678899082568807,0.0345821325648414,0.0303030303030303,0.0629423874426095
U_30462324,C_1829948,0.0,辽宁对外经贸学院,2020-06-11 21:16:12,4,E,781,61,0.1944444444444444,0.0,0.0220183486238532,0.0220183486238532,0.0288184438040345,0.0075757575757575,0.0736454630703285
U_5080098,C_1472684,2.0,三峡大学,2020-11-23 13:55:11,4,E,37,3,0.0416666666666666,0.0,0.0458715596330275,0.0458715596330275,0.0461095100864553,0.0121212121212121,0.0623334870997101
U_16600051,C_948120,0.0,中国农业大学,2020-10-07 21:21:50,0,A,67,167,0.0833333333333333,0.0,0.1541284403669724,0.1541284403669724,0.2305475504322766,0.0704545454545454,0.0209379928453283
U_31108506,C_682392,0.0,昆明理工大学,2020-07-31 13:32:23,0,A,476,108,0.0972222222222222,0.0,0.1302752293577981,0.2568807339449541,0.132564841498559,0.0212121212121212,0.0622464100718521
U_12503503,C_697076,2.0,辽宁对外经贸学院,2020-09-29 19:12:39,0,A,781,121,0.1527777777777777,0.0,0.5541284403669725,0.5541284403669725,0.8703170028818443,0.2931818181818181,0.0764215924242127
U_4661754,C_682392,0.0,陕西工业职业技术学院,2019-11-02 20:43:18,0,A,876,108,0.4027777777777777,0.0,0.2018348623853211,0.3192660550458716,0.2536023054755043,0.0628787878787878,0.0677606546030955
U_28949689,C_786631,0.0,中国医科大学,2020-03-23 10:45:28,2,C,69,154,0.1111111111111111,0.0,0.1889908256880734,0.1889908256880734,0.1671469740634005,0.0606060606060606,0.0719495930102906
U_27568785,C_1750793,1.0,昆明理工大学,2020-05-21 10:34:16,0,A,476,17,0.0972222222222222,0.0,0.036697247706422,0.036697247706422,0.0489913544668587,0.0257575757575757,0.0702208592093173
U_28995718,C_948436,2.0,辽宁对外经贸学院,2020-05-18 00:47:34,4,E,781,171,0.0416666666666666,0.0,0.018348623853211,0.018348623853211,0.0230547550432276,0.003030303030303,0.0616649407508093
U_31406626,C_1778562,2.0,辽宁对外经贸学院,2020-10-19 19:18:30,4,E,781,49,0.0416666666666666,0.0,0.0660550458715596,0.0660550458715596,0.0576368876080691,0.0318181818181818,0.0613887783563673
U_12286319,C_682392,2.0,陕西工业职业技术学院,2020-11-25 21:15:43,0,A,876,108,0.1111111111111111,0.0,0.1596330275229358,0.2477064220183486,0.1181556195965417,0.0265151515151515,0.0702751467813687
U_1394157,C_1750793,2.0,北京体育大学,2020-06-08 18:06:38,0,A,159,17,0.0694444444444444,0.0,0.0293577981651376,0.0293577981651376,0.0403458213256484,0.0212121212121212,0.0697113919873491
U_2104094,C_1828106,0.0,Huazhong University of Science and Technology,2020-08-30 17:37:08,4,E,16,59,0.0555555555555555,0.0,0.0091743119266055,0.0091743119266055,0.0144092219020172,0.0757575757575757,0.049923068046313
U_16413656,C_707079,0.0,辽宁对外经贸学院,2020-06-30 10:46:18,4,E,781,132,0.0416666666666666,0.0,0.1229357798165137,0.1229357798165137,0.1210374639769452,0.0462121212121212,0.0645586585110781
U_22271696,C_735115,1.0,昆明理工大学,2020-05-11 09:08:25,0,A,476,136,0.0138888888888888,0.0,0.2935779816513761,0.2935779816513761,0.446685878962536,0.1515151515151515,0.0673798195099781
U_32929881,C_1774987,1.0,昆明理工大学,2020-10-17 12:25:08,0,A,476,47,0.1111111111111111,0.0,0.2110091743119266,0.2678899082568807,0.2190201729106628,0.0734848484848484,0.0719140847187736
U_15307907,C_1992929,1.0,北京体育大学,2020-11-15 16:33:28,4,E,159,81,0.0416666666666666,0.0,0.0678899082568807,0.0678899082568807,0.0518731988472622,0.0303030303030303,0.0630143944940259
U_5200103,C_674920,2.0,西昌幼儿师范高等专科学校,2020-06-07 09:48:02,4,E,742,87,0.0694444444444444,0.0,0.0788990825688073,0.0788990825688073,0.0922190201729106,0.0356060606060606,0.0648211871082335
U_30304073,C_766175,2.0,广州中医药大学,2020-06-01 13:15:47,1,B,423,151,0.2083333333333333,0.0,0.0825688073394495,0.0825688073394495,0.0547550432276657,0.0143939393939393,0.109461027593591
U_2183713,C_735164,0.0,广州大学,2020-11-08 12:58:30,0,A,430,138,0.0138888888888888,0.0,0.018348623853211,0.018348623853211,0.0288184438040345,0.0136363636363636,0.0702283917213672
U_23162078,C_948120,0.0,中国农业大学,2020-10-08 22:00:25,0,A,67,167,0.0833333333333333,0.0,0.036697247706422,0.036697247706422,0.0489913544668587,0.0136363636363636,0.0673130173699124
U_11953109,C_674959,1.0,东北大学,2020-10-25 22:45:12,4,E,45,88,0.0972222222222222,0.0,0.3522935779816514,0.3522935779816514,0.0922190201729106,0.0242424242424242,0.0754371857080944
U_962113,C_735164,0.0,昆明理工大学,2020-10-07 16:31:08,0,A,476,138,0.1111111111111111,0.0,0.2128440366972477,0.2788990825688073,0.2363112391930835,0.059090909090909,0.0694754574662672
U_7687342,C_1750793,0.0,北京体育大学,2020-04-18 10:15:05,0,A,159,17,0.0277777777777777,0.0,0.2330275229357798,0.2715596330275229,0.1959654178674351,0.0704545454545454,0.0778907096050755
U_2104107,C_1828106,1.0,华中科技大学,2020-08-27 20:12:58,4,E,200,59,0.0416666666666666,0.0,0.0091743119266055,0.0091743119266055,0.0115273775216138,0.0606060606060606,0.0980440050775089
U_15316825,C_735283,1.0,辽宁对外经贸学院,2020-07-31 14:07:29,4,E,781,143,0.0277777777777777,0.0,0.0036697247706422,0.0036697247706422,0.0057636887608069,0.0015151515151515,0.0617258496039985
U_14654791,C_786631,0.0,北华航天工业学院,2020-04-03 10:25:02,2,C,186,154,0.1388888888888889,0.0,0.1926605504587156,0.1926605504587156,0.1642651296829971,0.0674242424242424,0.0791464650392963
U_5277621,C_674920,0.0,西昌民族幼儿师范高等专科学校,2020-06-12 14:38:28,4,E,751,87,0.0416666666666666,0.0,0.018348623853211,0.018348623853211,0.0115273775216138,0.003030303030303,0.0585534288978862
U_30370282,C_1829948,0.0,中国医科大学,2020-06-05 15:32:21,2,C,69,61,0.0138888888888888,0.0,0.0220183486238532,0.0220183486238532,0.0057636887608069,0.0015151515151515,0.0732089834634756
U_9046761,C_786631,2.0,中国传媒大学,2020-03-12 14:25:24,4,E,66,154,0.0277777777777777,0.0,0.0770642201834862,0.0770642201834862,0.0518731988472622,0.0318181818181818,0.0626836028159405
U_31505590,C_735385,2.0,辽宁对外经贸学院,2020-08-27 09:59:05,4,E,781,146,0.0416666666666666,0.0,0.0146788990825688,0.0146788990825688,0.0115273775216138,0.003030303030303,0.0615816126457795
U_28124190,C_1774985,1.0,辽宁对外经贸学院,2020-05-16 18:28:37,4,E,781,46,0.0277777777777777,0.0,0.0036697247706422,0.0036697247706422,0.0028818443804034,0.0007575757575757,0.0611985341417755
U_31752730,C_682392,1.0,辽宁对外经贸学院,2020-11-11 10:11:45,4,E,781,108,0.1666666666666666,0.0,0.0018348623853211,0.0018348623853211,0.0,0.0,0.0611637538445198
U_4602342,C_735197,0.0,华南理工大学,2020-10-04 16:31:55,3,D,211,141,0.1527777777777777,0.0,0.1779816513761468,0.2165137614678899,0.1037463976945244,0.1416666666666666,0.0852438874495425
U_31044861,C_674920,0.0,辽宁对外经贸学院,2020-07-23 07:45:22,4,E,781,87,0.0416666666666666,0.0,0.018348623853211,0.018348623853211,0.0086455331412103,0.0022727272727272,0.0611411067849512
U_5643088,C_1824911,2.0,重庆三峡医药高等专科学校,2020-06-03 20:34:39,3,D,822,57,0.0277777777777777,0.0,0.0623853211009174,0.0623853211009174,0.0547550432276657,0.0143939393939393,0.0777002871061749
U_29992846,C_677087,2.0,昆明理工大学,2020-05-18 16:28:50,0,A,476,92,0.125,0.0,0.3614678899082569,0.3614678899082569,0.5648414985590777,0.1484848484848485,0.068382312178763
U_33244395,C_2059281,2.0,辽宁对外经贸学院,2020-09-21 12:34:54,4,E,781,85,0.0416666666666666,0.0,0.0091743119266055,0.0091743119266055,0.0115273775216138,0.0037878787878787,0.0618032745174679
U_30142480,C_735164,2.0,昆明理工大学,2020-10-23 08:39:53,4,E,476,138,0.0416666666666666,0.0,0.055045871559633,0.055045871559633,0.0864553314121037,0.0401515151515151,0.0620573593716614
U_18566395,C_735385,0.0,中国矿业大学(北京),2020-07-26 01:51:06,4,E,84,146,0.0416666666666666,0.0,0.0623853211009174,0.0623853211009174,0.0547550432276657,0.0303030303030303,0.0612495284064547
U_12061752,C_801420,0.0,南京邮电大学,2020-09-04 13:58:03,4,E,228,155,0.0277777777777777,0.0,0.0036697247706422,0.0036697247706422,0.0,0.0,0.0613417707269281
U_5245132,C_674920,0.0,辽宁对外经贸学院,2020-07-19 14:17:18,4,E,781,87,0.1944444444444444,0.0,0.2201834862385321,0.2201834862385321,0.3458213256484149,0.0931818181818181,0.066552580316814
U_30093586,C_813262,0.0,昆明理工大学,2020-05-20 19:16:27,0,A,476,157,0.0138888888888888,0.0,0.2954128440366972,0.2954128440366972,0.4438040345821325,0.3181818181818182,0.070851970805697
U_14766340,C_1017355,2.0,广州中医药大学,2020-05-07 09:31:38,0,A,423,0,0.1388888888888889,0.0,0.0752293577981651,0.0752293577981651,0.1095100864553314,0.0356060606060606,0.0679160244259352
U_32551446,C_697076,0.0,华南理工大学,2020-09-13 21:31:13,3,D,211,121,0.1944444444444444,0.0,0.5541284403669725,0.5541284403669725,0.2478386167146974,0.0651515151515151,0.0974397722618366
U_33713401,C_697076,0.0,辽宁对外经贸学院,2020-10-07 09:56:51,4,E,781,121,0.0416666666666666,0.0,0.0844036697247706,0.0844036697247706,0.0691642651296829,0.0363636363636363,0.0625655686987837
U_4181098,C_735164,0.0,鲁东大学,2020-11-19 09:52:10,0,A,900,138,0.125,0.0,0.2862385321100917,0.2935779816513761,0.4495677233429394,0.1636363636363636,0.0671106547746593
U_6220208,C_1829948,2.0,北方民族大学,2020-06-11 18:30:20,2,C,190,61,0.3472222222222222,0.0,0.4770642201834862,0.4770642201834862,0.5763688760806917,0.1515151515151515,0.0747833032435984
U_1010429,C_735164,0.0,昆明理工大学,2020-10-22 20:15:19,0,A,476,138,0.0138888888888888,0.0,0.0587155963302752,0.0623853211009174,0.0922190201729106,0.0416666666666666,0.0635710922008194
U_18677329,C_707103,2.0,中国消防救援学院,2020-10-05 08:11:36,3,D,75,133,0.125,0.0,0.055045871559633,0.055045871559633,0.0230547550432276,0.006060606060606,0.080471691925874
U_33222297,C_697076,2.0,辽宁对外经贸学院,2020-10-04 21:46:48,0,A,781,121,0.125,0.0,0.2201834862385321,0.3009174311926605,0.2046109510086455,0.0613636363636363,0.0640087207509961
U_6099765,C_1017355,2.0,广州中医药大学,2020-05-10 08:28:51,2,C,423,0,0.1388888888888889,0.0,0.073394495412844,0.073394495412844,0.0605187319884726,0.0196969696969696,0.0750829545957343
U_31214622,C_677087,1.0,辽宁对外经贸学院,2020-08-17 13:26:59,4,E,781,92,0.0416666666666666,0.0,0.036697247706422,0.036697247706422,0.0403458213256484,0.0106060606060606,0.0620780007327552
U_13387704,C_735385,1.0,辽宁工程技术大学,2020-05-13 13:50:25,4,E,785,146,0.0416666666666666,0.0,0.0110091743119266,0.0110091743119266,0.0115273775216138,0.003030303030303,0.0614192501161586
U_16408481,C_786631,1.0,北华航天工业学院,2020-04-13 22:07:07,0,A,186,154,0.0277777777777777,0.0,0.1926605504587156,0.2623853211009174,0.2103746397694524,0.078030303030303,0.0707803153705563
U_33080064,C_735164,2.0,昆明理工大学,2020-11-17 08:02:38,0,A,476,138,0.0972222222222222,0.0,0.1798165137614679,0.2568807339449541,0.1671469740634005,0.0454545454545454,0.0692736396286246
U_29842934,C_735186,1.0,辽宁对外经贸学院,2020-05-09 20:26:22,4,E,781,139,0.0416666666666666,0.0,0.0256880733944954,0.0256880733944954,0.0230547550432276,0.0075757575757575,0.0618381241475104
U_30571920,C_1829948,2.0,辽宁对外经贸学院,2020-06-16 22:50:47,4,E,781,61,0.0555555555555555,0.0,0.073394495412844,0.073394495412844,0.0806916426512968,0.0212121212121212,0.062850546261831
U_30982029,C_676635,1.0,中国医科大学,2020-07-20 19:54:57,2,C,69,89,0.125,0.0,0.0642201834862385,0.0642201834862385,0.0518731988472622,0.0136363636363636,0.0787070338366632
U_15201688,C_735197,2.0,辽宁石油化工大学,2020-09-09 10:09:43,4,E,790,141,0.0416666666666666,0.0,0.0513761467889908,0.0513761467889908,0.0691642651296829,0.0325757575757575,0.0663456665193428
U_30041264,C_1714448,2.0,辽宁对外经贸学院,2020-05-18 17:00:00,4,E,781,8,0.0277777777777777,0.0,0.0073394495412844,0.0073394495412844,0.0,0.0,0.0620333652750924
U_32930770,C_735164,2.0,昆明理工大学,2020-09-16 15:38:56,0,A,476,138,0.1111111111111111,0.0,0.055045871559633,0.0587155963302752,0.0835734870317002,0.0386363636363636,0.0465938377505096
U_31574409,C_1992917,2.0,辽宁对外经贸学院,2020-08-28 19:58:41,4,E,781,80,0.0416666666666666,0.0,0.0788990825688073,0.0788990825688073,0.0518731988472622,0.031060606060606,0.0616606223086611
U_11523548,C_735385,2.0,南开大学,2020-07-15 11:27:04,4,E,231,146,0.0416666666666666,0.0,0.0091743119266055,0.0091743119266055,0.0115273775216138,0.003030303030303,0.0613364122929781
U_5199946,C_674920,2.0,西昌民族幼儿师范高等专科学校,2020-06-07 10:03:15,4,E,751,87,0.0555555555555555,0.0,0.110091743119266,0.110091743119266,0.170028818443804,0.0469696969696969,0.0613337875517642
U_30353641,C_674920,2.0,辽宁对外经贸学院,2020-06-04 21:21:30,4,E,781,87,0.0555555555555555,0.0,0.2201834862385321,0.2201834862385321,0.340057636887608,0.0916666666666666,0.0655152479226705
U_30201435,C_674920,0.0,辽宁对外经贸学院,2020-05-27 11:25:54,4,E,781,87,0.0555555555555555,0.0,0.2201834862385321,0.2201834862385321,0.340057636887608,0.0909090909090909,0.0655188284658737
U_5245119,C_674920,0.0,辽宁对外经贸学院,2020-06-22 11:22:58,4,E,781,87,0.0833333333333333,0.0,0.0623853211009174,0.0623853211009174,0.0605187319884726,0.025,0.0615758926908699
U_29896878,C_1017355,2.0,华南理工大学,2020-05-09 15:40:04,3,D,211,0,0.1388888888888889,0.0,0.0825688073394495,0.0825688073394495,0.031700288184438,0.009090909090909,0.0813959574017996
U_29841534,C_756642,2.0,辽宁对外经贸学院,2020-05-08 12:08:17,4,E,781,149,0.0416666666666666,0.0,0.018348623853211,0.018348623853211,0.0201729106628242,0.0068181818181818,0.0619513941117468
U_32752965,C_735164,2.0,昆明理工大学,2020-11-12 11:24:59,0,A,476,138,0.1111111111111111,0.0,0.2165137614678899,0.2899082568807339,0.2536023054755043,0.0613636363636363,0.0656301571120801
U_13650575,C_1829948,2.0,北方民族大学,2020-06-04 10:34:28,3,D,190,61,0.375,0.0,0.4770642201834862,0.4770642201834862,0.7031700288184437,0.1848484848484848,0.0750093083191446
U_15072246,C_735283,1.0,辽宁对外经贸学院,2020-06-20 20:32:36,4,E,781,143,0.0138888888888888,0.0,0.0018348623853211,0.0018348623853211,0.0028818443804034,0.0007575757575757,0.0610698772512151
U_29934462,C_697062,1.0,中国医科大学,2020-05-12 08:30:35,2,C,69,120,0.1805555555555555,0.0,0.1889908256880734,0.1889908256880734,0.2824207492795388,0.0803030303030303,0.0708309431619339
U_12597000,C_1750793,1.0,北京体育大学,2020-06-14 15:30:55,0,A,159,17,0.125,0.0,0.036697247706422,0.036697247706422,0.0547550432276657,0.0287878787878787,0.0703543198715334
U_30352013,C_1829948,0.0,中国医科大学,2020-06-04 14:34:00,2,C,69,61,0.0416666666666666,0.0,0.0311926605504587,0.0311926605504587,0.0432276657060518,0.0113636363636363,0.0609575531842841
U_30359887,C_674920,2.0,辽宁对外经贸学院,2020-06-04 22:10:15,4,E,781,87,0.1805555555555555,0.0,0.0036697247706422,0.0036697247706422,0.0028818443804034,0.0007575757575757,0.0632428311694515
U_29822651,C_756642,2.0,辽宁对外经贸学院,2020-05-07 22:06:36,4,E,781,149,0.0416666666666666,0.0,0.0678899082568807,0.0678899082568807,0.0576368876080691,0.0325757575757575,0.0615185891425934
U_6813507,C_1750795,0.0,潍坊医学院,2020-06-28 22:00:30,4,E,651,18,0.0416666666666666,0.0,0.0330275229357798,0.0330275229357798,0.0374639769452449,0.0204545454545454,0.0600707224608797
U_29818403,C_1017355,0.0,广州中医药大学,2020-05-09 00:16:23,1,B,423,0,0.2083333333333333,0.0,0.0825688073394495,0.0825688073394495,0.1095100864553314,0.0378787878787878,0.1118244139154117
U_30111765,C_1750793,1.0,昆明理工大学,2020-05-22 08:03:20,0,A,476,17,0.0277777777777777,0.0,0.036697247706422,0.036697247706422,0.0489913544668587,0.0257575757575757,0.069559355090617
U_10490472,C_1824926,0.0,武汉职业技术学院,2020-08-23 21:34:26,0,A,511,58,0.0277777777777777,0.0,0.3394495412844037,0.3394495412844037,0.5100864553314121,0.1742424242424242,0.3101742508751009
U_24715947,C_682157,1.0,宁波财经学院,2020-04-22 10:49:04,4,E,339,105,0.0416666666666666,0.0,0.0642201834862385,0.0642201834862385,0.063400576368876,0.0333333333333333,0.061638916194056
U_9332542,C_1017355,1.0,广州中医药大学,2020-04-30 20:24:08,3,D,423,0,0.1111111111111111,0.0,0.0788990825688073,0.0788990825688073,0.0518731988472622,0.0166666666666666,0.0803182535163805
U_32966770,C_735164,1.0,昆明理工大学,2020-09-16 22:34:55,0,A,476,138,0.1388888888888889,0.0,0.2788990825688073,0.3119266055045872,0.2536023054755043,0.0795454545454545,0.0583609709864594
U_919427,C_735164,0.0,云南农业大学,2020-11-17 08:29:08,0,A,105,138,0.0277777777777777,0.0,0.1963302752293578,0.2807339449541284,0.1930835734870317,0.034090909090909,0.0640634243197682
U_12926049,C_680814,1.0,辽宁对外经贸学院,2020-07-20 14:33:40,4,E,781,96,0.0277777777777777,0.0,0.0055045871559633,0.0055045871559633,0.0057636887608069,0.0015151515151515,0.0613066041470032
U_8934349,C_735197,1.0,华南理工大学,2020-09-13 10:00:58,4,E,211,141,0.0277777777777777,0.0,0.0238532110091743,0.0238532110091743,0.0288184438040345,0.0075757575757575,0.0606655581527459
U_34691134,C_1912004,1.0,辽宁对外经贸学院,2020-10-11 09:36:01,4,E,781,74,0.0277777777777777,0.0,0.0055045871559633,0.0055045871559633,0.0028818443804034,0.0007575757575757,0.0618643913690175
U_12934807,C_1992950,2.0,华南农业大学,2020-10-17 13:31:47,4,E,209,83,0.0416666666666666,0.0,0.0678899082568807,0.0678899082568807,0.0806916426512968,0.034090909090909,0.0577680716602812
U_17909226,C_786631,1.0,北华航天工业学院,2020-04-22 21:26:48,0,A,186,154,0.0833333333333333,0.0,0.2110091743119266,0.2788990825688073,0.2190201729106628,0.0742424242424242,0.0742425421730813
U_7872859,C_1829948,0.0,北方民族大学,2020-06-18 14:27:28,4,E,190,61,0.0138888888888888,0.0,0.0220183486238532,0.0220183486238532,0.0115273775216138,0.003030303030303,0.0610444172614399
U_6241449,C_735115,1.0,广州体育学院,2020-05-12 08:24:34,0,A,425,136,0.125,0.0,0.3486238532110092,0.3486238532110092,0.5360230547550432,0.1833333333333333,0.0666987883071145
U_22283947,C_948436,1.0,西安美术学院,2020-06-29 15:10:55,4,E,727,171,0.0416666666666666,0.0,0.036697247706422,0.036697247706422,0.0403458213256484,0.0022727272727272,0.0624812204113198
U_33230504,C_1912004,1.0,辽宁对外经贸学院,2020-09-21 10:34:21,4,E,781,74,0.0416666666666666,0.0,0.0091743119266055,0.0091743119266055,0.0057636887608069,0.0015151515151515,0.00061930222718
U_19252907,C_948120,0.0,中国农业大学,2020-09-23 15:04:12,0,A,67,167,0.1111111111111111,0.0,0.273394495412844,0.3100917431192661,0.2190201729106628,0.084090909090909,0.0658446578973622
U_20431280,C_948395,0.0,西安美术学院,2020-02-20 20:23:46,2,C,727,170,0.0416666666666666,0.0,0.1834862385321101,0.1834862385321101,0.1613832853025936,0.0583333333333333,0.0760578478630374
U_32538516,C_735164,1.0,昆明理工大学,2020-11-26 21:46:33,0,A,476,138,0.0972222222222222,0.0,0.1798165137614679,0.2568807339449541,0.1671469740634005,0.0454545454545454,0.0693785203256602
U_14109650,C_1724289,2.0,辽宁对外经贸学院,2020-03-20 13:29:38,4,E,781,10,0.0416666666666666,0.0,0.0752293577981651,0.0752293577981651,0.0576368876080691,0.0325757575757575,0.061046234770922
U_14654847,C_786631,1.0,北华航天工业学院,2020-04-29 20:43:11,0,A,186,154,0.1111111111111111,0.0,0.2165137614678899,0.2880733944954128,0.2507204610951008,0.0803030303030303,0.0698036442125064
U_34264407,C_697076,2.0,辽宁对外经贸学院,2020-11-06 08:01:49,4,E,781,121,0.0416666666666666,0.0,0.0477064220183486,0.0477064220183486,0.0432276657060518,0.0136363636363636,0.064966989006497
U_5257589,C_674920,0.0,西昌民族幼儿师范高等专科学校,2020-06-12 14:54:36,4,E,751,87,0.1111111111111111,0.0,0.018348623853211,0.018348623853211,0.0230547550432276,0.006060606060606,0.0529205658731402
U_34268561,C_697076,0.0,辽宁对外经贸学院,2020-12-01 16:29:22,4,E,781,121,0.0555555555555555,0.0,0.1009174311926605,0.1009174311926605,0.1210374639769452,0.0371212121212121,0.0631375740944305
U_8197695,C_1724288,2.0,保山学院,2020-05-27 19:00:02,4,E,127,9,0.0416666666666666,0.0,0.0275229357798165,0.0275229357798165,0.0345821325648414,0.0121212121212121,0.061763036739424
U_12605940,C_682392,1.0,昆明理工大学,2020-09-04 10:46:31,0,A,476,108,0.0972222222222222,0.0,0.1394495412844036,0.291743119266055,0.2190201729106628,0.0424242424242424,0.0563798559369108
U_29316313,C_1875515,2.0,华南理工大学,2020-06-29 12:12:04,3,D,211,68,0.1666666666666666,0.0,0.1908256880733945,0.2844036697247706,0.2074927953890489,0.0825757575757575,0.0817248226188809
U_12133964,C_1829948,1.0,中国医科大学,2020-06-11 17:50:59,2,C,69,61,0.0972222222222222,0.0,0.0330275229357798,0.0330275229357798,0.0403458213256484,0.0106060606060606,0.0581691816411908
U_30595577,C_1829948,2.0,中国医科大学,2020-06-18 10:39:45,2,C,69,61,0.5694444444444444,0.0,0.4770642201834862,0.4770642201834862,0.3602305475504322,0.0946969696969697,0.0801249982779056
U_33455871,C_697076,2.0,辽宁对外经贸学院,2020-12-06 12:05:04,4,E,781,121,0.0555555555555555,0.0,0.1743119266055046,0.1743119266055046,0.1123919308357348,0.0303030303030303,0.0662779234343135
U_17226299,C_936971,2.0,安徽医科大学,2020-08-09 00:36:13,2,C,340,162,0.1527777777777777,0.0,0.0623853211009174,0.0623853211009174,0.0979827089337175,0.034090909090909,0.0749135052648357
U_7556758,C_801420,0.0,辽宁对外经贸学院,2020-08-14 01:48:27,4,E,781,155,0.0277777777777777,0.0,0.0036697247706422,0.0036697247706422,0.0,0.0,0.0613551222407258
U_14749859,C_1918363,2.0,新乡医学院三全学院,2020-10-30 07:54:21,4,E,461,76,0.0416666666666666,0.0,0.0715596330275229,0.0715596330275229,0.0576368876080691,0.0325757575757575,0.063034397003013
U_1242550,C_735164,0.0,昆明理工大学,2020-11-30 14:24:25,0,A,476,138,0.125,0.0,0.2862385321100917,0.3009174311926605,0.446685878962536,0.1628787878787878,0.0695753759167059
U_23404847,C_676646,1.0,西安美术学院,2020-06-24 21:03:49,3,D,727,90,0.1388888888888889,0.0,0.0440366972477064,0.0440366972477064,0.0432276657060518,0.0113636363636363,0.0797816425083866
U_27593149,C_948395,2.0,西安美院,2020-05-11 15:23:33,3,D,728,170,0.0972222222222222,0.0,0.1944954128440367,0.2201834862385321,0.1440922190201729,0.1295454545454545,0.0809566599123981
U_15984268,C_756642,0.0,皖南医学院弋矶山医院,2020-05-22 07:03:45,1,B,669,149,0.2361111111111111,0.0,0.0256880733944954,0.0256880733944954,0.0403458213256484,0.0303030303030303,0.1163833219775668
U_5002604,C_1687717,0.0,北京化工大学,2020-06-18 12:43:05,4,E,161,7,0.0416666666666666,0.0,0.0055045871559633,0.0055045871559633,0.0086455331412103,0.0022727272727272,0.0612689663484636
U_20309582,C_682157,0.0,辽宁对外经贸学院,2020-05-19 15:34:47,4,E,781,105,0.0416666666666666,0.0,0.018348623853211,0.018348623853211,0.0230547550432276,0.006060606060606,0.0619043320065466
U_25728985,C_735197,2.0,辽宁石油化工大学,2020-09-10 12:29:08,3,D,790,141,0.1666666666666666,0.0,0.0201834862385321,0.1779816513761468,0.031700288184438,0.1469696969696969,0.0874127953044358
U_23576781,C_674920,2.0,无,2020-07-06 21:30:05,4,E,467,87,0.0416666666666666,0.0,0.018348623853211,0.018348623853211,0.0230547550432276,0.006060606060606,0.0615373486137602
U_33383624,C_697076,1.0,辽宁对外经贸学院,2020-12-03 16:31:28,4,E,781,121,0.0555555555555555,0.0,0.1834862385321101,0.1834862385321101,0.2853025936599423,0.0916666666666666,0.064539121522231
U_34295778,C_1912004,0.0,辽宁对外经贸学院,2020-10-05 23:56:12,4,E,781,74,0.0416666666666666,0.0,0.0073394495412844,0.0073394495412844,0.0086455331412103,0.0022727272727272,0.0606616458026345
U_32753818,C_735164,1.0,昆明理工大学,2020-10-19 23:25:02,0,A,476,138,0.1111111111111111,0.0,0.1981651376146789,0.2770642201834862,0.2190201729106628,0.0606060606060606,0.0689598047692495
U_33384308,C_735164,1.0,昆明理工大学,2020-11-30 17:56:38,4,E,476,138,0.0416666666666666,0.0,0.0110091743119266,0.0110091743119266,0.0028818443804034,0.0007575757575757,0.0613159393115094
U_984894,C_735164,0.0,昆明理工大学,2020-10-30 13:38:35,0,A,476,138,0.0972222222222222,0.0,0.1798165137614679,0.2587155963302752,0.1671469740634005,0.0446969696969697,0.0690563061037682
U_30664037,C_1829948,0.0,辽宁对外经贸学院,2020-06-23 16:55:20,4,E,781,61,0.0138888888888888,0.0,0.0073394495412844,0.0073394495412844,0.0028818443804034,0.0007575757575757,0.0606568271739531
U_31683201,C_682392,0.0,昆明理工大学,2020-09-28 20:15:43,0,A,476,108,0.0972222222222222,0.0,0.1431192660550458,0.2697247706422018,0.1527377521613832,0.034090909090909,0.0625259796775303
U_24135795,C_749807,2.0,中国医科大学,2020-03-16 08:57:43,2,C,69,148,0.0277777777777777,0.0,0.1798165137614679,0.1798165137614679,0.1642651296829971,0.0598484848484848,0.0719515095666109
U_11538411,C_1714448,2.0,中国医科大学,2020-05-11 12:08:07,2,C,69,8,0.1388888888888889,0.0,0.1449541284403669,0.1449541284403669,0.132564841498559,0.0348484848484848,0.0769342192403214
U_32853302,C_735164,1.0,昆明理工大学,2020-11-30 16:55:24,0,A,476,138,0.125,0.0,0.2862385321100917,0.2862385321100917,0.4495677233429394,0.1636363636363636,0.0690676271573815
U_29811917,C_1714448,2.0,辽宁对外经贸学院,2020-05-07 13:04:23,4,E,781,8,0.0277777777777777,0.0,0.0055045871559633,0.0055045871559633,0.0,0.0,0.0619579460600979
U_33365619,C_735164,1.0,昆明理工大学,2020-09-22 13:23:01,0,A,476,138,0.0694444444444444,0.0,0.1651376146788991,0.2311926605504587,0.2593659942363112,0.0727272727272727,0.0466178837476218
U_13537532,C_801420,2.0,华南理工大学,2020-07-19 16:41:24,4,E,211,155,0.0416666666666666,0.0,0.0055045871559633,0.0055045871559633,0.0028818443804034,0.0007575757575757,0.0613214017446395
U_33329687,C_697076,1.0,辽宁对外经贸学院,2020-11-29 22:07:24,4,E,781,121,0.0555555555555555,0.0,0.1559633027522936,0.1559633027522936,0.1613832853025936,0.0484848484848484,0.0649204468971977
U_16311619,C_682575,1.0,辽宁对外经贸学院,2020-06-14 10:58:30,4,E,781,113,0.0416666666666666,0.0,0.0697247706422018,0.0697247706422018,0.0576368876080691,0.031060606060606,0.0615590943471007
U_28559953,C_1736024,2.0,广州中医药大学,2020-05-12 17:55:50,4,E,423,14,0.0416666666666666,0.0,0.0110091743119266,0.0220183486238532,0.0086455331412103,0.003030303030303,0.0617921416528473
U_31233112,C_801420,1.0,辽宁对外经贸学院,2020-08-18 16:44:09,4,E,781,155,0.0277777777777777,0.0,0.0036697247706422,0.0036697247706422,0.0,0.0,0.0613551222407258
U_30840416,C_735197,1.0,辽宁对外经贸学院,2020-11-03 18:44:04,4,E,781,141,0.0416666666666666,0.0,0.128440366972477,0.128440366972477,0.0778097982708933,0.0204545454545454,0.0652772235133012
U_20338558,C_948395,2.0,西安美术学院,2020-03-01 08:23:33,2,C,727,170,0.0555555555555555,0.0,0.1761467889908257,0.1761467889908257,0.1642651296829971,0.0613636363636363,0.0750057030142318
U_27713042,C_1760323,0.0,辽宁对外经贸学院,2020-07-05 21:20:15,4,E,781,30,0.0277777777777777,0.0,0.0073394495412844,0.0073394495412844,0.0057636887608069,0.0015151515151515,0.0616180717869438
U_32578733,C_735164,1.0,昆明理工大学,2020-10-14 14:16:26,0,A,476,138,0.1111111111111111,0.0,0.2,0.2807339449541284,0.2363112391930835,0.0613636363636363,0.0678898958700016
U_30414832,C_786631,0.0,昆明理工大学,2020-06-09 10:10:05,0,A,476,154,0.125,0.0,0.255045871559633,0.255045871559633,0.3861671469740634,0.1363636363636363,0.070155453629671
U_30893338,C_735197,1.0,浙江大学,2020-09-08 14:58:19,4,E,599,141,0.0416666666666666,0.0,0.0091743119266055,0.0091743119266055,0.0086455331412103,0.0022727272727272,0.0613626299910661
U_30601674,C_1829948,2.0,华南理工大学,2020-06-18 15:53:28,3,D,211,61,0.3055555555555555,0.0,0.4770642201834862,0.4770642201834862,0.7492795389048991,0.1969696969696969,0.071071146601745
U_31088126,C_682392,0.0,昆明理工大学,2020-08-24 13:15:18,0,A,476,108,0.1111111111111111,0.0,0.4495412844036697,0.4495412844036697,0.6974063400576368,0.2439393939393939,0.2033734661691733
U_31039251,C_801420,0.0,辽宁对外经贸学院,2020-07-23 19:12:11,4,E,781,155,0.0416666666666666,0.0,0.0715596330275229,0.0715596330275229,0.0576368876080691,0.031060606060606,0.0629188291521289
U_30593747,C_1829948,2.0,华南理工大学,2020-06-18 09:04:28,3,D,211,61,0.3333333333333333,0.0,0.3779816513761468,0.3779816513761468,0.4812680115273774,0.1265151515151515,0.0704261684480087
U_22317114,C_948120,1.0,中国农业大学,2020-10-08 10:00:25,0,A,67,167,0.0833333333333333,0.0,0.0844036697247706,0.0844036697247706,0.1066282420749279,0.0295454545454545,0.0703131609578937
U_30252939,C_766175,1.0,中国医科大学,2020-05-28 11:58:17,2,C,69,151,0.0416666666666666,0.0,0.1834862385321101,0.1834862385321101,0.1671469740634005,0.0446969696969697,0.0771817125274285
U_29883692,C_1017355,0.0,华南理工大学,2020-05-08 19:16:32,3,D,211,0,0.1388888888888889,0.0,0.0697247706422018,0.0697247706422018,0.0374639769452449,0.0106060606060606,0.0807964070804321
U_32754077,C_735164,1.0,昆明理工大学,2020-12-07 15:32:51,0,A,476,138,0.125,0.0,0.2862385321100917,0.2935779816513761,0.4495677233429394,0.1636363636363636,0.0693044927187432
U_32853835,C_735164,1.0,昆明理工大学,2020-12-07 22:15:06,4,E,476,138,0.0416666666666666,0.0,0.0036697247706422,0.0036697247706422,0.0057636887608069,0.0015151515151515,0.06098024481493
U_27221919,C_1736024,2.0,集宁师范学院,2020-05-25 07:45:48,4,E,883,14,0.0416666666666666,0.0,0.0807339449541284,0.0807339449541284,0.063400576368876,0.0325757575757575,0.065818113344708
U_10910528,C_676646,2.0,天津商业大学,2020-08-17 13:46:14,4,E,316,90,0.0277777777777777,0.0,0.0256880733944954,0.0256880733944954,0.0403458213256484,0.0106060606060606,0.0620458550813973
U_33258152,C_2027893,0.0,辽宁对外经贸学院,2020-09-21 14:24:58,4,E,781,84,0.0416666666666666,0.0,0.0110091743119266,0.0110091743119266,0.0144092219020172,0.0045454545454545,0.0613876739841206
U_15174332,C_735164,1.0,昆明理工大学,2020-09-16 08:19:01,0,A,476,138,0.1111111111111111,0.0,0.2,0.2715596330275229,0.2507204610951008,0.0666666666666666,0.0630263246856946
U_912023,C_948136,2.0,广东工业大学,2020-05-25 19:37:40,1,B,404,168,0.2222222222222222,0.0,0.1412844036697247,0.1412844036697247,0.1469740634005763,0.0386363636363636,0.1129974256209484
U_15490357,C_1755941,0.0,辽宁工程技术大学,2020-09-23 21:18:57,0,A,785,24,0.0416666666666666,0.0,0.146788990825688,0.146788990825688,0.2132564841498559,0.056060606060606,0.0664955144809494
U_29821896,C_674920,1.0,辽宁对外经贸学院,2020-05-07 21:31:25,4,E,781,87,0.0416666666666666,0.0,0.036697247706422,0.036697247706422,0.0489913544668587,0.0128787878787878,0.0614191411646365
U_6286693,C_948120,2.0,东北大学,2020-11-10 21:36:32,4,E,45,167,0.0416666666666666,0.0,0.0091743119266055,0.0091743119266055,0.0144092219020172,0.0037878787878787,0.0613085603220589
U_29695003,C_1776290,1.0,辽宁对外经贸学院,2020-04-27 22:03:21,4,E,781,48,0.0277777777777777,0.0,0.0091743119266055,0.0091743119266055,0.0144092219020172,0.0075757575757575,0.0614597949394011
U_34169783,C_1992929,1.0,辽宁对外经贸学院,2020-10-01 06:19:48,4,E,781,81,0.0416666666666666,0.0,0.0770642201834862,0.0770642201834862,0.100864553314121,0.0265151515151515,0.229884217409701
U_12133304,C_1829948,1.0,北方民族大学,2020-06-19 10:38:22,4,E,190,61,0.0138888888888888,0.0,0.0513761467889908,0.0513761467889908,0.0489913544668587,0.0128787878787878,0.0618089944723776
U_29902321,C_674920,1.0,辽宁对外经贸学院,2020-05-09 22:14:51,4,E,781,87,0.0416666666666666,0.0,0.018348623853211,0.018348623853211,0.0201729106628242,0.0053030303030303,0.0610050560479146
U_34684465,C_735164,0.0,昆明理工大学,2020-10-10 20:56:38,0,A,476,138,0.0138888888888888,0.0,0.2036697247706422,0.2660550458715596,0.2103746397694524,0.0621212121212121,0.0657743346421962
U_10275685,C_735197,0.0,华南理工大学,2020-09-14 14:36:32,4,E,211,141,0.0416666666666666,0.0,0.0458715596330275,0.0458715596330275,0.0662824207492795,0.0196969696969696,0.0491066276878101
U_16100924,C_674920,1.0,辽宁对外经贸学院,2020-05-19 13:09:04,4,E,781,87,0.0416666666666666,0.0,0.0146788990825688,0.0146788990825688,0.0115273775216138,0.003030303030303,0.060956250718361
U_33366140,C_697076,2.0,辽宁对外经贸学院,2020-09-25 14:12:21,4,E,781,121,0.0416666666666666,0.0,0.0844036697247706,0.0844036697247706,0.0778097982708933,0.034090909090909,0.0607018736759946
U_9054566,C_786631,0.0,河北师范大学,2020-02-10 20:28:37,0,A,556,154,0.0277777777777777,0.0,0.1798165137614679,0.2715596330275229,0.2074927953890489,0.0515151515151515,0.063510990579362
U_24145997,C_948436,0.0,辽宁对外经贸学院,2020-06-23 16:16:56,4,E,781,171,0.0416666666666666,0.0,0.0568807339449541,0.0568807339449541,0.0691642651296829,0.0113636363636363,0.0627224786999583
U_30783866,C_823315,1.0,辽宁对外经贸学院,2020-06-30 20:22:10,4,E,781,158,0.0277777777777777,0.0,0.0880733944954128,0.0880733944954128,0.063400576368876,0.0166666666666666,0.0632565144901574
U_6510695,C_1824911,2.0,重庆三峡医药高等专科学校,2020-06-05 18:33:51,4,E,822,57,0.0277777777777777,0.0,0.0623853211009174,0.0623853211009174,0.0979827089337175,0.0257575757575757,0.0621958961843384
U_4948245,C_1750793,2.0,北京体育大学,2020-06-04 23:05:52,0,A,159,17,0.0972222222222222,0.0,0.036697247706422,0.036697247706422,0.0547550432276657,0.0287878787878787,0.0700897211954585
U_388820,C_696596,0.0,北京理工大学,2020-05-25 08:24:18,4,E,175,117,0.0416666666666666,0.0,0.0110091743119266,0.0110091743119266,0.0144092219020172,0.0053030303030303,0.0613658143469162
U_7993186,C_786631,1.0,郑州大学,2020-05-17 14:45:15,4,E,807,154,0.0277777777777777,0.0,0.0018348623853211,0.0018348623853211,0.0028818443804034,0.0007575757575757,0.0612276638169084
U_29994950,C_676635,2.0,广州中医药大学,2020-07-03 07:58:53,1,B,423,89,0.2222222222222222,0.0,0.0642201834862385,0.0642201834862385,0.0951008645533141,0.025,0.1161476895493415
U_30690680,C_1755909,1.0,辽宁对外经贸学院,2020-07-30 21:37:04,4,E,781,21,0.0277777777777777,0.0,0.0091743119266055,0.0091743119266055,0.0028818443804034,0.0007575757575757,0.0616606965937898
U_33268554,C_697076,2.0,辽宁对外经贸学院,2020-11-27 14:59:49,4,E,781,121,0.0416666666666666,0.0,0.036697247706422,0.036697247706422,0.0518731988472622,0.0151515151515151,0.0643620455847862
U_11534438,C_735197,0.0,辽宁石油化工大学,2020-11-15 15:46:15,4,E,790,141,0.0416666666666666,0.0,0.0715596330275229,0.0715596330275229,0.0172910662824207,0.0196969696969696,0.0639587516210929
U_33274347,C_697076,2.0,辽宁对外经贸学院,2020-10-16 13:36:56,4,E,781,121,0.0416666666666666,0.0,0.0844036697247706,0.0844036697247706,0.0749279538904899,0.0325757575757575,0.0608313576076545
U_33748626,C_735164,1.0,昆明理工大学,2020-12-07 20:27:55,0,A,476,138,0.125,0.0,0.2862385321100917,0.2954128440366972,0.4438040345821325,0.1606060606060606,0.0694388943259228
U_34293493,C_2027893,0.0,辽宁对外经贸学院,2020-10-05 20:06:51,4,E,781,84,0.0416666666666666,0.0,0.0165137614678899,0.0165137614678899,0.0172910662824207,0.0053030303030303,0.0615799238971872
U_30469965,C_1714448,2.0,辽宁对外经贸学院,2020-06-17 12:43:23,4,E,781,8,0.0277777777777777,0.0,0.0073394495412844,0.0073394495412844,0.0086455331412103,0.0022727272727272,0.0619313272223149
U_22871466,C_801420,0.0,南京邮电大学,2020-09-08 13:46:57,4,E,228,155,0.0277777777777777,0.0,0.0036697247706422,0.0036697247706422,0.0,0.0,0.0613417707269281
U_29791858,C_735197,0.0,辽宁对外经贸学院,2020-12-07 17:49:29,4,E,781,141,0.0555555555555555,0.0,0.255045871559633,0.255045871559633,0.3659942363112392,0.1068181818181818,0.0670299216967919
U_29777467,C_1017355,0.0,昆明理工大学,2020-05-04 19:49:11,0,A,476,0,0.1527777777777777,0.0,0.0825688073394495,0.0825688073394495,0.1123919308357348,0.0378787878787878,0.0688680180642321
U_15750742,C_735164,0.0,长江大学,2020-09-21 10:34:58,0,A,858,138,0.0833333333333333,0.0,0.018348623853211,0.0220183486238532,0.0288184438040345,0.0136363636363636,0.0668021684445504
U_29134648,C_697076,2.0,长沙理工大学,2020-09-09 19:33:43,0,A,862,121,0.0833333333333333,0.0,0.0697247706422018,0.1706422018348624,0.1095100864553314,0.0628787878787878,0.0869522176018337
U_10466948,C_1824911,2.0,重庆三峡医药高等专科学校,2020-06-13 16:12:52,4,E,822,57,0.1666666666666666,0.0,0.0073394495412844,0.0073394495412844,0.0057636887608069,0.0015151515151515,0.0623446793924337
U_14427009,C_747056,1.0,宝鸡文理学院,2020-05-27 12:08:20,4,E,356,147,0.0416666666666666,0.0,0.0238532110091743,0.0238532110091743,0.0374639769452449,0.0159090909090909,0.0620215836536812
U_33366184,C_697076,0.0,辽宁对外经贸学院,2020-09-25 17:44:11,4,E,781,121,0.0555555555555555,0.0,0.0825688073394495,0.0825688073394495,0.0662824207492795,0.0348484848484848,0.0617684298397674
U_31815617,C_1472684,1.0,辽宁对外经贸学院,2020-09-02 14:06:11,4,E,781,3,0.0416666666666666,0.0,0.0715596330275229,0.0715596330275229,0.0576368876080691,0.0318181818181818,0.06139888113387
U_29957130,C_1714448,2.0,辽宁对外经贸学院,2020-05-16 11:58:33,4,E,781,8,0.0416666666666666,0.0,0.1449541284403669,0.1449541284403669,0.0518731988472622,0.0136363636363636,0.0670777117962534
U_12604814,C_682392,2.0,辽宁对外经贸学院,2020-09-22 20:17:20,4,E,781,108,0.0555555555555555,0.0,0.0844036697247706,0.0844036697247706,0.0662824207492795,0.0333333333333333,0.061640684180119
U_31575723,C_801420,1.0,辽宁对外经贸学院,2020-08-28 22:58:37,4,E,781,155,0.0277777777777777,0.0,0.0036697247706422,0.0036697247706422,0.0,0.0,0.0613551222407258
U_2465139,C_948109,0.0,西京学院,2020-10-23 16:34:54,4,E,701,165,0.0555555555555555,0.0,0.018348623853211,0.018348623853211,0.0028818443804034,0.0037878787878787,0.0601864042156278
U_6758190,C_1824911,2.0,重庆三峡医药高等专科学校,2020-06-02 09:51:34,3,D,822,57,0.1111111111111111,0.0,0.0073394495412844,0.0073394495412844,0.0115273775216138,0.003030303030303,0.0795470649289888
U_30112109,C_735283,0.0,辽宁对外经贸学院,2020-05-25 13:41:33,4,E,781,143,0.0416666666666666,0.0,0.0293577981651376,0.0293577981651376,0.0259365994236311,0.0068181818181818,0.0625436545858182
U_34040635,C_735164,0.0,昆明理工大学,2020-11-12 10:19:45,0,A,476,138,0.0277777777777777,0.0,0.2036697247706422,0.273394495412844,0.1873198847262247,0.0424242424242424,0.0672316949633573
U_11982933,C_948488,1.0,合肥工业大学,2020-03-06 14:48:07,0,A,248,172,0.0277777777777777,0.0,0.1871559633027523,0.2678899082568807,0.2132564841498559,0.059090909090909,0.0672082307673731
U_29960696,C_813262,1.0,昆明理工大学,2020-06-15 14:07:40,0,A,476,157,0.0416666666666666,0.0,0.2954128440366972,0.2954128440366972,0.4438040345821325,0.3181818181818182,0.0711165744341139
U_29575699,C_756642,2.0,辽宁对外经贸学院,2020-04-22 18:43:27,4,E,781,149,0.0416666666666666,0.0,0.0660550458715596,0.0660550458715596,0.0576368876080691,0.0318181818181818,0.0616929611013536
U_4823216,C_682392,0.0,陕西工业职业技术学院,2020-09-14 19:48:04,2,C,876,108,0.0416666666666666,0.0,0.3229357798165138,0.3229357798165138,0.239193083573487,0.0833333333333333,0.0724559848279307
U_11791060,C_947147,2.0,岭南师范学院,2020-10-21 21:15:20,4,E,389,163,0.0277777777777777,0.0,0.0018348623853211,0.0018348623853211,0.0028818443804034,0.0007575757575757,0.0612276638169084
U_979558,C_735164,0.0,昆明理工大学,2020-09-24 10:48:17,0,A,476,138,0.0416666666666666,0.0,0.0990825688073394,0.1247706422018348,0.1469740634005763,0.0696969696969697,0.0625793163999344
U_30385511,C_1750793,0.0,昆明理工大学,2020-06-10 08:41:23,0,A,476,17,0.0972222222222222,0.0,0.036697247706422,0.036697247706422,0.0547550432276657,0.0287878787878787,0.0701456777067346
U_11252772,C_676646,0.0,天津商业大学,2020-08-17 16:27:00,4,E,316,90,0.0277777777777777,0.0,0.018348623853211,0.018348623853211,0.0230547550432276,0.006060606060606,0.0101511712889948
U_33217555,C_697076,1.0,辽宁对外经贸学院,2020-10-07 08:24:34,0,A,781,121,0.0694444444444444,0.0,0.1944954128440367,0.273394495412844,0.1959654178674351,0.0348484848484848,0.0690520025186457
U_29780957,C_747056,1.0,辽宁对外经贸学院,2020-05-05 12:45:08,4,E,781,147,0.0416666666666666,0.0,0.0752293577981651,0.0752293577981651,0.0489913544668587,0.0128787878787878,0.0637754703992311
U_16103665,C_786631,1.0,北华航天工业学院,2020-03-31 17:00:15,2,C,186,154,0.125,0.0,0.1926605504587156,0.1926605504587156,0.1671469740634005,0.0613636363636363,0.0752654830616254
U_30673282,C_735283,2.0,辽宁对外经贸学院,2020-06-24 12:28:17,4,E,781,143,0.0277777777777777,0.0,0.0018348623853211,0.0018348623853211,0.0,0.0,0.0617184508051804
U_29885480,C_756642,2.0,辽宁对外经贸学院,2020-05-08 20:51:29,4,E,781,149,0.0277777777777777,0.0,0.0091743119266055,0.0091743119266055,0.0144092219020172,0.0053030303030303,0.0616423135006084
U_7704459,C_1829948,2.0,北方民族大学,2020-06-04 18:19:27,4,E,190,61,0.2916666666666666,0.0,0.0036697247706422,0.0036697247706422,0.0028818443804034,0.0007575757575757,0.0630382746867309
U_28021166,C_1992929,1.0,辽宁对外经贸学院,2020-10-09 11:57:53,4,E,781,81,0.0416666666666666,0.0,0.0330275229357798,0.0330275229357798,0.0403458213256484,0.0106060606060606,0.0622740589967529
U_12205292,C_674920,0.0,西昌民族幼儿师范高等专科学校,2020-06-11 15:06:16,4,E,751,87,0.0416666666666666,0.0,0.0568807339449541,0.0568807339449541,0.0576368876080691,0.0234848484848484,0.0591094828002309
U_6117162,C_1017355,1.0,广州中医药大学,2020-03-02 11:48:09,2,C,423,0,0.1388888888888889,0.0,0.2018348623853211,0.2018348623853211,0.1671469740634005,0.0613636363636363,0.0797392256999009
U_22189511,C_1844112,2.0,内蒙古大学,2020-08-19 08:03:06,0,A,145,63,0.1805555555555555,0.0,0.3669724770642202,0.4605504587155963,0.5504322766570605,0.575,0.2250711620571604
U_34040584,C_735164,1.0,昆明理工大学,2020-11-24 20:01:40,0,A,476,138,0.1111111111111111,0.0,0.1798165137614679,0.2568807339449541,0.1642651296829971,0.0462121212121212,0.0700078144125577
U_30489278,C_756642,0.0,辽宁对外经贸学院,2020-06-13 14:38:46,4,E,781,149,0.0277777777777777,0.0,0.0091743119266055,0.0091743119266055,0.0115273775216138,0.0037878787878787,0.0616799017757288
U_30469377,C_1829948,2.0,中国医科大学,2020-06-12 11:45:38,2,C,69,61,0.5833333333333333,0.0,0.1798165137614679,0.1798165137614679,0.2046109510086455,0.0537878787878787,0.0753700468087786
U_30677932,C_735197,1.0,辽宁对外经贸学院,2020-09-09 23:48:18,4,E,781,141,0.0416666666666666,0.0,0.0091743119266055,0.0091743119266055,0.0115273775216138,0.003030303030303,0.0604998082212564
U_31476574,C_696575,1.0,辽宁对外经贸学院,2020-08-26 14:32:30,4,E,781,116,0.0416666666666666,0.0,0.0110091743119266,0.0110091743119266,0.0086455331412103,0.0022727272727272,0.0612647667625213
U_31176518,C_697076,2.0,辽宁对外经贸学院,2020-08-12 10:01:48,4,E,781,121,0.0694444444444444,0.0,0.3211009174311927,0.3211009174311927,0.3256484149855908,0.0977272727272727,0.2328872369888833
U_7161001,C_735197,1.0,辽宁对外经贸学院,2020-09-10 10:25:44,4,E,781,141,0.0277777777777777,0.0,0.0073394495412844,0.0073394495412844,0.0115273775216138,0.0272727272727272,0.0712471924520719
U_8934391,C_735197,0.0,华南理工大学,2020-09-20 09:29:45,4,E,211,141,0.0416666666666666,0.0,0.0623853211009174,0.0623853211009174,0.031700288184438,0.0439393939393939,0.0617111906719358
U_16337010,C_674959,1.0,辽宁对外经贸学院,2020-07-05 20:41:46,4,E,781,88,0.0416666666666666,0.0,0.0477064220183486,0.0477064220183486,0.0374639769452449,0.0106060606060606,0.0629985123335106
U_5442573,C_2141845,0.0,宝鸡文理学院,2020-09-11 14:09:20,0,A,356,86,0.0972222222222222,0.0,0.055045871559633,0.055045871559633,0.0864553314121037,0.0227272727272727,0.0693091875388768
U_6766215,C_1824911,2.0,重庆三峡医药高等专科学校,2020-06-10 18:42:55,4,E,822,57,0.1527777777777777,0.0,0.0623853211009174,0.0623853211009174,0.0835734870317002,0.0219696969696969,0.0641136707808185
U_30365824,C_1829948,2.0,辽宁对外经贸学院,2020-06-05 10:59:54,4,E,781,61,0.0833333333333333,0.0,0.073394495412844,0.073394495412844,0.1095100864553314,0.0287878787878787,0.0677637646738169
U_32099310,C_1992917,2.0,辽宁对外经贸学院,2020-09-07 09:45:13,4,E,781,80,0.0277777777777777,0.0,0.0844036697247706,0.0844036697247706,0.0518731988472622,0.0325757575757575,0.0659787722687109
U_14087458,C_697076,2.0,辽宁对外经贸学院,2019-11-10 12:02:32,4,E,781,121,0.0138888888888888,0.0,0.0788990825688073,0.0788990825688073,0.0605187319884726,0.0303030303030303,0.061114735564264
U_31743676,C_801420,2.0,中国地质大学（北京）,2020-09-01 01:23:23,4,E,71,155,0.0277777777777777,0.0,0.0036697247706422,0.0036697247706422,0.0,0.0,0.0613007653358877
U_9004877,C_735164,0.0,天津城建大学,2020-12-03 12:09:30,0,A,318,138,0.125,0.0,0.2862385321100917,0.2899082568807339,0.4438040345821325,0.1606060606060606,0.0668481955102908
U_5152544,C_735197,2.0,华南理工大学,2020-09-15 22:58:51,3,D,211,141,0.1388888888888889,0.0,0.0036697247706422,0.0036697247706422,0.0028818443804034,0.0007575757575757,0.0861331398681424
U_4516956,C_735197,2.0,华南理工大学,2020-10-19 22:11:05,3,D,211,141,0.1527777777777777,0.0,0.128440366972477,0.128440366972477,0.1268011527377521,0.034090909090909,0.082790214982304
U_33200304,C_697076,2.0,辽宁对外经贸学院,2020-11-13 09:08:50,4,E,781,121,0.0416666666666666,0.0,0.0036697247706422,0.0036697247706422,0.0028818443804034,0.0007575757575757,0.0606590606801559
U_28914914,C_697062,2.0,辽宁对外经贸学院,2020-05-06 22:17:44,4,E,781,120,0.0416666666666666,0.0,0.0770642201834862,0.0770642201834862,0.0691642651296829,0.0333333333333333,0.0608044564863826
U_30595962,C_1829948,1.0,辽宁对外经贸学院,2020-06-18 11:01:53,4,E,781,61,0.0416666666666666,0.0,0.0073394495412844,0.0073394495412844,0.0028818443804034,0.0007575757575757,0.0612713880436592
U_32886955,C_735164,1.0,昆明理工大学,2020-09-16 10:59:44,4,E,476,138,0.0416666666666666,0.0,0.0770642201834862,0.0770642201834862,0.063400576368876,0.0348484848484848,0.0622626884197204
U_29079408,C_682575,1.0,辽宁对外经贸学院,2020-04-28 19:14:31,4,E,781,113,0.0416666666666666,0.0,0.0256880733944954,0.0256880733944954,0.0345821325648414,0.009090909090909,0.0609570876641443
U_29647922,C_1918363,2.0,郑州工业应用技术学院,2020-11-09 13:58:25,4,E,808,76,0.0416666666666666,0.0,0.0660550458715596,0.0660550458715596,0.0605187319884726,0.031060606060606,0.0610986553100722
U_32151244,C_1992917,2.0,辽宁对外经贸学院,2020-09-08 07:51:16,4,E,781,80,0.0138888888888888,0.0,0.0715596330275229,0.0715596330275229,0.0461095100864553,0.0303030303030303,0.0616737163006793
U_30180884,C_682556,1.0,辽宁对外经贸学院,2020-05-28 22:16:18,4,E,781,112,0.0416666666666666,0.0,0.0036697247706422,0.0036697247706422,0.0028818443804034,0.0007575757575757,0.0612362561301276
U_28931474,C_676676,1.0,辽宁对外经贸学院,2020-04-25 16:47:35,4,E,781,91,0.0416666666666666,0.0,0.0128440366972477,0.0128440366972477,0.0144092219020172,0.0037878787878787,0.0628711380995057
U_14749965,C_1918363,0.0,新乡医学院三全学院,2020-10-30 07:55:27,4,E,461,76,0.0277777777777777,0.0,0.0825688073394495,0.0825688073394495,0.0518731988472622,0.0325757575757575,0.0667204399459585
U_1001697,C_735164,0.0,昆明理工大学,2020-11-28 11:03:45,0,A,476,138,0.0833333333333333,0.0,0.0091743119266055,0.0146788990825688,0.0086455331412103,0.003030303030303,0.0663022542901326
U_29885022,C_1017355,2.0,辽宁对外经贸学院,2020-05-08 20:17:37,4,E,781,0,0.0277777777777777,0.0,0.0091743119266055,0.0091743119266055,0.0115273775216138,0.003030303030303,0.0608879331616698
U_2822038,C_1829948,1.0,北方民族大学,2020-06-04 12:32:34,3,D,190,61,0.1111111111111111,0.0,0.1229357798165137,0.1229357798165137,0.1757925072046109,0.0462121212121212,0.0672353200776377
U_7752899,C_1017355,1.0,广州中医药大学,2020-05-01 12:13:53,4,E,423,0,0.0833333333333333,0.0,0.0752293577981651,0.0752293577981651,0.0605187319884726,0.0356060606060606,0.0620833987854405
U_2104223,C_1828106,0.0,Hust,2020-08-31 01:04:15,4,E,20,59,0.0555555555555555,0.0,0.0110091743119266,0.0110091743119266,0.0028818443804034,0.0151515151515151,0.0642391036967935
U_31211159,C_801420,0.0,辽宁对外经贸学院,2020-08-17 05:15:56,4,E,781,155,0.0277777777777777,0.0,0.0055045871559633,0.0055045871559633,0.0,0.0,0.0614305414557204
U_31020363,C_1761368,1.0,中国医科大学,2020-09-05 00:53:07,2,C,69,31,0.1388888888888889,0.0,0.0990825688073394,0.0990825688073394,0.0893371757925072,0.0287878787878787,0.0753553433056386
U_30118428,C_749807,0.0,昆明理工大学,2020-05-22 13:29:24,0,A,476,148,0.0833333333333333,0.0,0.3724770642201835,0.3724770642201835,0.585014409221902,0.1537878787878787,0.0712984442385305
U_16159499,C_1912004,0.0,闽江师范高等专科学校,2020-10-08 19:01:08,4,E,866,74,0.0277777777777777,0.0,0.0055045871559633,0.0055045871559633,0.0028818443804034,0.0007575757575757,0.0085240604685155
U_31683145,C_682392,0.0,昆明理工大学,2020-09-14 23:18:27,0,A,476,108,0.0833333333333333,0.0,0.1211009174311926,0.2660550458715596,0.1844380403458213,0.0439393939393939,0.0525221796802829
U_16108616,C_808528,2.0,辽宁对外经贸学院,2020-05-11 02:58:10,4,E,781,156,0.0416666666666666,0.0,0.0275229357798165,0.0275229357798165,0.0403458213256484,0.0106060606060606,0.0616697395701231
U_19936807,C_948395,1.0,西安美术学院,2020-05-26 12:21:20,0,A,727,170,0.1111111111111111,0.0,0.110091743119266,0.110091743119266,0.1412103746397694,0.0772727272727272,0.0684844443260369
U_6766413,C_1824911,2.0,重庆三峡医药高等专科学校,2020-06-02 10:22:39,4,E,822,57,0.0416666666666666,0.0,0.0752293577981651,0.0752293577981651,0.0518731988472622,0.0272727272727272,0.0644977348008632
U_29784391,C_735385,1.0,闽江师范高等专科学校,2020-07-12 20:08:07,4,E,866,146,0.0277777777777777,0.0,0.0036697247706422,0.0036697247706422,0.0,0.0,0.0613007653358877
U_14348207,C_682392,2.0,陕西工业技术学院,2020-09-04 15:49:54,4,E,874,108,0.0277777777777777,0.0,0.0330275229357798,0.0330275229357798,0.0403458213256484,0.0106060606060606,0.057984751476005
U_33224712,C_697076,1.0,辽宁对外经贸学院,2020-09-24 14:33:02,0,A,781,121,0.0972222222222222,0.0,0.0623853211009174,0.0623853211009174,0.0922190201729106,0.0287878787878787,0.0023371158210562
U_14749905,C_1918363,2.0,新乡医学院三全学院,2020-10-30 07:56:48,4,E,461,76,0.0416666666666666,0.0,0.0697247706422018,0.0697247706422018,0.0461095100864553,0.0325757575757575,0.0628250367486367
U_22381837,C_1829948,0.0,北方民族大学,2020-06-11 17:39:56,4,E,190,61,0.0138888888888888,0.0,0.0220183486238532,0.0220183486238532,0.031700288184438,0.0083333333333333,0.0608063334239676
U_30559507,C_1829948,2.0,辽宁对外经贸学院,2020-06-16 14:38:37,4,E,781,61,0.0416666666666666,0.0,0.0220183486238532,0.0220183486238532,0.0259365994236311,0.0068181818181818,0.0616026551465683
U_1001413,C_735164,0.0,昆明理工大学,2020-11-26 23:40:08,0,A,476,138,0.125,0.0,0.2862385321100917,0.3009174311926605,0.446685878962536,0.1628787878787878,0.0695753759167059
U_18247283,C_697062,2.0,湖北科技学院,2020-04-26 08:50:07,4,E,633,120,0.0277777777777777,0.0,0.0972477064220183,0.0972477064220183,0.031700288184438,0.0303030303030303,0.0616281250410274
U_20332464,C_948120,2.0,中国农业大学,2020-10-03 16:38:14,0,A,67,167,0.0277777777777777,0.0,0.0091743119266055,0.0091743119266055,0.0144092219020172,0.0037878787878787,0.0691020013626004
U_33148558,C_735385,1.0,辽宁对外经贸学院,2020-11-15 19:00:43,4,E,781,146,0.0416666666666666,0.0,0.0715596330275229,0.0715596330275229,0.0518731988472622,0.0325757575757575,0.0628019687400055
U_11504251,C_813262,0.0,陕西工业职业技术学院,2019-10-10 20:22:41,4,E,876,157,0.0277777777777777,0.0,0.091743119266055,0.091743119266055,0.0576368876080691,0.0265151515151515,0.0643107393225665
U_1298809,C_735164,0.0,昆明医科大学,2020-10-24 08:16:27,0,A,471,138,0.1111111111111111,0.0,0.1981651376146789,0.2752293577981651,0.2363112391930835,0.0689393939393939,0.0206158009569576
U_31200016,C_801420,1.0,辽宁对外经贸学院,2020-08-14 23:01:01,4,E,781,155,0.0277777777777777,0.0,0.0055045871559633,0.0055045871559633,0.0057636887608069,0.0015151515151515,0.0613625160872021
U_28182715,C_735164,2.0,安阳工学院,2020-11-28 13:03:16,0,A,351,138,0.0833333333333333,0.0,0.0110091743119266,0.0165137614678899,0.0115273775216138,0.006060606060606,0.0721738102904061
U_34438836,C_1755941,2.0,辽宁对外经贸学院,2020-11-02 10:34:06,4,E,781,24,0.0277777777777777,0.0,0.0036697247706422,0.0036697247706422,0.0028818443804034,0.0007575757575757,0.0614741220645557
U_32875370,C_735164,2.0,昆明理工大学,2020-09-16 19:57:54,0,A,476,138,0.0138888888888888,0.0,0.1889908256880734,0.2642201834862385,0.2132564841498559,0.0583333333333333,0.0660269288414738
U_10490483,C_1824926,0.0,武汉职业技术学院,2020-07-14 12:00:00,0,A,511,58,0.0972222222222222,0.0,0.1798165137614679,0.2678899082568807,0.2074927953890489,0.0492424242424242,0.0667129421003021
U_30668108,C_823315,0.0,辽宁对外经贸学院,2020-06-23 23:56:54,4,E,781,158,0.0138888888888888,0.0,0.0715596330275229,0.0715596330275229,0.0345821325648414,0.0257575757575757,0.0613932602257986
U_31041430,C_674959,1.0,辽宁对外经贸学院,2020-07-22 15:07:12,4,E,781,88,0.0277777777777777,0.0,0.0055045871559633,0.0055045871559633,0.0057636887608069,0.0015151515151515,0.0616415458876118
U_33230569,C_1912004,1.0,辽宁对外经贸学院,2020-09-27 17:41:08,4,E,781,74,0.0416666666666666,0.0,0.0146788990825688,0.0146788990825688,0.0201729106628242,0.0053030303030303,0.0624813986956286
U_5581752,C_1824911,2.0,重庆三峡医药高等专科学校,2020-06-02 16:52:50,0,A,822,57,0.0277777777777777,0.0,0.2146788990825688,0.2825688073394495,0.2219020172910662,0.0712121212121212,0.0726468530376035
U_32734134,C_735164,0.0,辽宁对外经贸学院,2020-09-15 10:19:08,4,E,781,138,0.0277777777777777,0.0,0.0091743119266055,0.0091743119266055,0.0144092219020172,0.006060606060606,0.0146401507866292
U_11065094,C_676646,2.0,天津商业大学,2020-08-11 07:48:28,4,E,316,90,0.0416666666666666,0.0,0.018348623853211,0.018348623853211,0.0288184438040345,0.0075757575757575,0.0622969289117076
U_30255538,C_1714448,1.0,辽宁对外经贸学院,2020-05-28 14:33:08,4,E,781,8,0.0416666666666666,0.0,0.0678899082568807,0.0678899082568807,0.0576368876080691,0.0325757575757575,0.0618443839076886
U_12853966,C_697107,1.0,辽宁对外经贸学院,2020-05-03 01:59:24,4,E,781,122,0.0416666666666666,0.0,0.0311926605504587,0.0311926605504587,0.0201729106628242,0.0053030303030303,0.0622094012207355
U_6758231,C_1824911,2.0,重庆三峡医药高等专科学校,2020-06-02 09:50:37,4,E,822,57,0.1111111111111111,0.0,0.0623853211009174,0.0623853211009174,0.0922190201729106,0.0242424242424242,0.0583863665957897
U_5314769,C_1750793,0.0,内蒙古农业大学职业技术学院,2020-05-20 20:58:54,0,A,142,17,0.1111111111111111,0.0,0.036697247706422,0.036697247706422,0.0461095100864553,0.0242424242424242,0.0704025705387928
U_33647756,C_735164,2.0,昆明理工大学,2020-10-13 17:17:55,0,A,476,138,0.0277777777777777,0.0,0.1743119266055046,0.2678899082568807,0.2305475504322766,0.0553030303030303,0.0673868072644175
U_31064568,C_801420,0.0,辽宁对外经贸学院,2020-07-26 12:25:34,4,E,781,155,0.0277777777777777,0.0,0.0036697247706422,0.0036697247706422,0.0,0.0,0.0613551222407258
U_30268203,C_766175,1.0,广州中医药大学,2020-05-29 11:08:46,1,B,423,151,0.125,0.0,0.1834862385321101,0.1834862385321101,0.2680115273775216,0.0727272727272727,0.1109430060064021
U_31121019,C_801420,0.0,辽宁对外经贸学院,2020-08-13 22:06:22,4,E,781,155,0.0277777777777777,0.0,0.0036697247706422,0.0036697247706422,0.0057636887608069,0.0015151515151515,0.0089856521906373
U_33344084,C_697076,2.0,辽宁对外经贸学院,2020-11-16 21:40:32,4,E,781,121,0.0416666666666666,0.0,0.1431192660550458,0.1431192660550458,0.1412103746397694,0.0431818181818181,0.0629725719665698
U_8017907,C_948436,1.0,西安文理学院,2020-06-27 17:19:43,4,E,722,171,0.0416666666666666,0.0,0.0513761467889908,0.0513761467889908,0.0518731988472622,0.0022727272727272,0.0625175755533038
U_14394174,C_1806527,1.0,昆明理工大学,2020-10-14 15:15:41,0,A,476,53,0.0833333333333333,0.0,0.0036697247706422,0.0036697247706422,0.0057636887608069,0.0151515151515151,0.0749107468103901
U_30609904,C_1829948,2.0,北方民族大学,2020-06-19 09:47:00,1,B,190,61,0.2638888888888889,0.0,0.0807339449541284,0.0807339449541284,0.0778097982708933,0.0204545454545454,0.0895793260352108
U_30030629,C_747056,0.0,辽宁对外经贸学院,2020-05-18 09:25:09,4,E,781,147,0.0416666666666666,0.0,0.0587155963302752,0.0587155963302752,0.0259365994236311,0.0068181818181818,0.0633687791289854
U_11970205,C_948488,0.0,合肥工业大学,2020-03-06 14:55:24,0,A,248,172,0.0416666666666666,0.0,0.2,0.2715596330275229,0.2132564841498559,0.0553030303030303,0.06929920361758
U_32717443,C_735164,1.0,昆明理工大学,2020-09-15 21:53:21,4,E,476,138,0.0416666666666666,0.0,0.0752293577981651,0.0752293577981651,0.063400576368876,0.0318181818181818,0.062483825343166
U_32992783,C_735164,1.0,昆明理工大学,2020-10-25 16:45:15,0,A,476,138,0.1111111111111111,0.0,0.2,0.2678899082568807,0.2276657060518732,0.0598484848484848,0.0674125346806561
U_7000234,C_1750793,2.0,北京体育大学,2020-06-14 13:35:13,4,E,159,17,0.0416666666666666,0.0,0.0165137614678899,0.0165137614678899,0.0259365994236311,0.0136363636363636,0.0615728717623029
U_19911306,C_948395,0.0,西安美术学院,2020-05-13 13:50:16,1,B,727,170,0.1388888888888889,0.0,0.110091743119266,0.110091743119266,0.132564841498559,0.0727272727272727,0.112190946645084
U_12649388,C_735197,0.0,辽宁石油化工大学,2020-11-22 21:28:51,1,B,790,141,0.1944444444444444,0.0,0.0018348623853211,0.0018348623853211,0.0,0.0,0.0940688418824796
U_32904354,C_735164,1.0,昆明理工大学,2020-09-16 13:39:10,4,E,476,138,0.0138888888888888,0.0,0.0018348623853211,0.0036697247706422,0.0,0.0,0.0604175052510026
U_12101818,C_1714448,2.0,中国医科大学,2020-03-18 13:39:39,2,C,69,8,0.0138888888888888,0.0,0.1853211009174312,0.1853211009174312,0.1585014409221901,0.0628787878787878,0.0765521213000162
U_33345150,C_697076,2.0,辽宁对外经贸学院,2020-11-23 15:02:18,4,E,781,121,0.0416666666666666,0.0,0.0844036697247706,0.0844036697247706,0.0778097982708933,0.0356060606060606,0.0613231053502577
U_5243948,C_674920,2.0,辽宁对外经贸学院,2020-06-04 16:23:52,4,E,781,87,0.1527777777777777,0.0,0.2201834862385321,0.2201834862385321,0.2737752161383285,0.0742424242424242,0.067005982075984
U_29752515,C_697367,2.0,辽宁对外经贸学院,2020-05-30 17:45:16,4,E,781,127,0.0416666666666666,0.0,0.0091743119266055,0.0091743119266055,0.0086455331412103,0.0022727272727272,0.0614174276543345
U_6100428,C_1017355,2.0,广州中医药大学,2020-04-26 16:16:39,2,C,423,0,0.1527777777777777,0.0,0.1798165137614679,0.1798165137614679,0.1844380403458213,0.0712121212121212,0.0788070414292563
U_30983864,C_697076,0.0,辽宁对外经贸学院,2020-07-17 15:26:59,4,E,781,121,0.0416666666666666,0.0,0.0825688073394495,0.0825688073394495,0.0691642651296829,0.0348484848484848,0.0617427370899222
U_33329521,C_697076,2.0,辽宁对外经贸学院,2020-11-03 10:16:15,4,E,781,121,0.0277777777777777,0.0,0.036697247706422,0.036697247706422,0.0489913544668587,0.0143939393939393,0.0610032880618516
U_29348520,C_749807,1.0,广州中医药大学,2020-05-13 20:04:35,1,B,423,148,0.2083333333333333,0.0,0.0513761467889908,0.0513761467889908,0.0547550432276657,0.0143939393939393,0.1015922812419189
U_31104081,C_682392,0.0,昆明理工大学,2020-09-14 20:53:08,0,A,476,108,0.0972222222222222,0.0,0.1302752293577981,0.2825688073394495,0.2046109510086455,0.0393939393939393,0.0521611787165275
U_34040447,C_735164,1.0,昆明理工大学,2020-10-20 18:41:25,0,A,476,138,0.0277777777777777,0.0,0.1926605504587156,0.2678899082568807,0.2132564841498559,0.0583333333333333,0.0775147132361426
U_31197199,C_1774985,1.0,辽宁对外经贸学院,2020-08-14 14:18:13,4,E,781,46,0.0555555555555555,0.0,0.0458715596330275,0.0458715596330275,0.0374639769452449,0.0106060606060606,0.085794514751702
U_30378033,C_696596,2.0,辽宁对外经贸学院,2020-06-06 02:30:19,4,E,781,117,0.0416666666666666,0.0,0.0220183486238532,0.0220183486238532,0.0172910662824207,0.0045454545454545,0.0614482757921112
U_12207225,C_674920,0.0,西昌民族幼儿师范高等专科学校,2020-06-11 10:40:12,4,E,751,87,0.0555555555555555,0.0,0.018348623853211,0.018348623853211,0.0288184438040345,0.0075757575757575,0.0610746314994517
U_31044913,C_786631,2.0,辽宁对外经贸学院,2020-07-22 21:47:57,4,E,781,154,0.0416666666666666,0.0,0.0348623853211009,0.0348623853211009,0.0374639769452449,0.0113636363636363,0.0620446566146543
U_8331087,C_735164,0.0,盐城工学院,2020-09-26 21:22:16,2,C,671,138,0.1388888888888889,0.0,0.0642201834862385,0.1009174311926605,0.0461095100864553,0.0212121212121212,0.0892508560933713
U_156308,C_674920,0.0,清华大学,2020-06-12 14:47:58,4,E,612,87,0.0416666666666666,0.0,0.018348623853211,0.018348623853211,0.0259365994236311,0.0068181818181818,0.0619140385966963
U_9816091,C_735197,0.0,华南理工大学,2020-09-21 09:07:43,4,E,211,141,0.0416666666666666,0.0,0.0862385321100917,0.0862385321100917,0.0461095100864553,0.028030303030303,0.0597197400848145
U_32853320,C_735164,1.0,昆明理工大学,2020-11-26 22:20:01,0,A,476,138,0.125,0.0,0.2862385321100917,0.2862385321100917,0.4495677233429394,0.1636363636363636,0.0690676271573815
U_30291317,C_735197,1.0,华南理工大学,2020-09-13 21:46:55,4,E,211,141,0.0138888888888888,0.0,0.0623853211009174,0.0623853211009174,0.0432276657060518,0.0272727272727272,0.0620906490140013
U_33366135,C_697076,2.0,辽宁对外经贸学院,2020-11-19 08:57:19,4,E,781,121,0.0555555555555555,0.0,0.0844036697247706,0.0844036697247706,0.0749279538904899,0.0356060606060606,0.062148393320708
U_4707173,C_735164,0.0,华北科技学院,2020-11-16 21:44:45,0,A,208,138,0.1111111111111111,0.0,0.1706422018348624,0.2477064220183486,0.1440922190201729,0.0454545454545454,0.0706521140954519
U_3728756,C_735164,0.0,昆明理工大学津桥学院,2020-11-11 13:59:30,0,A,480,138,0.0972222222222222,0.0,0.181651376146789,0.2678899082568807,0.201729106628242,0.0401515151515151,0.061184088160415
U_28692587,C_749807,1.0,中国医科大学,2020-03-15 19:49:30,2,C,69,148,0.0138888888888888,0.0,0.1779816513761468,0.1779816513761468,0.1613832853025936,0.0598484848484848,0.0718192077524025
U_26983471,C_735115,1.0,青岛理工大学,2020-05-20 16:21:20,4,E,888,136,0.0416666666666666,0.0,0.055045871559633,0.055045871559633,0.0547550432276657,0.0166666666666666,0.0626185141861766
U_8181743,C_1017355,1.0,广州中医药大学,2020-03-27 15:58:46,3,D,423,0,0.0277777777777777,0.0,0.1724770642201835,0.1944954128440367,0.1066282420749279,0.1340909090909091,0.0823578210575294
U_5245186,C_674920,0.0,西昌民族幼儿师范高等专科学校,2020-07-01 13:06:08,4,E,751,87,0.0138888888888888,0.0,0.2201834862385321,0.2201834862385321,0.3458213256484149,0.0931818181818181,0.0631381782801439
U_14911729,C_674920,2.0,西昌民族幼儿师范高等专科学校,2020-06-06 23:28:10,4,E,751,87,0.0694444444444444,0.0,0.2201834862385321,0.2201834862385321,0.3458213256484149,0.0931818181818181,0.0637527391498499
U_32721199,C_735164,1.0,昆明理工大学,2020-09-15 08:20:28,0,A,476,138,0.1111111111111111,0.0,0.1853211009174312,0.273394495412844,0.2103746397694524,0.0575757575757575,0.0246702504135092
U_18482215,C_697076,0.0,七中,2020-09-28 14:22:02,4,E,31,121,0.0416666666666666,0.0,0.0899082568807339,0.0899082568807339,0.0720461095100864,0.0393939393939393,0.0632379679696928
U_20307115,C_948113,0.0,西安思源学院,2020-02-27 17:11:45,4,E,721,166,0.0138888888888888,0.0,0.073394495412844,0.073394495412844,0.0518731988472622,0.0295454545454545,0.0615803844649851
U_30468600,C_1824911,2.0,辽宁对外经贸学院,2020-06-12 11:04:43,4,E,781,57,0.0416666666666666,0.0,0.0587155963302752,0.0587155963302752,0.0461095100864553,0.028030303030303,0.0604634481269304
U_12175238,C_948488,1.0,合肥工业大学,2020-03-06 14:34:19,1,B,248,172,0.0277777777777777,0.0,0.0587155963302752,0.0587155963302752,0.0922190201729106,0.0212121212121212,0.1112613722586276
U_29023897,C_1824911,0.0,辽宁对外经贸学院,2020-06-12 11:05:44,4,E,781,57,0.0138888888888888,0.0,0.0073394495412844,0.0073394495412844,0.0057636887608069,0.0015151515151515,0.0623000043160356
U_9815864,C_735197,1.0,辽宁对外经贸学院,2020-09-18 22:01:26,4,E,781,141,0.0138888888888888,0.0,0.0091743119266055,0.0091743119266055,0.0086455331412103,0.0022727272727272,0.0609205542378514
U_15201750,C_735197,2.0,辽宁石油化工大学,2020-09-09 10:11:52,4,E,790,141,0.0138888888888888,0.0,0.0,0.0,0.0,0.0318181818181818,0.0739693412791033
U_33222378,C_697076,2.0,辽宁对外经贸学院,2020-10-02 17:43:12,0,A,781,121,0.0972222222222222,0.0,0.0275229357798165,0.0275229357798165,0.0432276657060518,0.0136363636363636,0.0627110932659001
U_30326289,C_676635,0.0,辽宁对外经贸学院,2020-06-02 18:56:46,4,E,781,89,0.0416666666666666,0.0,0.018348623853211,0.018348623853211,0.0288184438040345,0.0075757575757575,0.0612725815580602
U_30208905,C_674920,0.0,辽宁对外经贸学院,2020-05-27 22:14:28,4,E,781,87,0.0555555555555555,0.0,0.2201834862385321,0.2201834862385321,0.3458213256484149,0.0931818181818181,0.0654472225541522
U_32050178,C_1912004,1.0,辽宁对外经贸学院,2020-11-12 21:39:30,4,E,781,74,0.0416666666666666,0.0,0.0642201834862385,0.0642201834862385,0.0547550432276657,0.034090909090909,0.063399290507512
U_33443215,C_697076,2.0,辽宁对外经贸学院,2020-11-26 10:27:12,4,E,781,121,0.0416666666666666,0.0,0.0844036697247706,0.0844036697247706,0.0605187319884726,0.0378787878787878,0.0641841574632677
U_1090822,C_735115,0.0,暨南大学,2020-07-01 17:33:23,0,A,487,136,0.1388888888888889,0.0,0.5211009174311927,0.5211009174311927,0.717579250720461,0.2416666666666666,0.0733443705866959
U_5740472,C_735197,0.0,华南理工大学,2020-09-08 10:06:31,3,D,211,141,0.1666666666666666,0.0,0.1761467889908257,0.2458715596330275,0.1095100864553314,0.156060606060606,0.085232001828951
U_227712,C_801420,0.0,清华大学,2020-08-07 14:05:56,4,E,612,155,0.0277777777777777,0.0,0.0091743119266055,0.0091743119266055,0.0028818443804034,0.0007575757575757,0.0612458290070456
U_31172708,C_735164,2.0,昆明理工大学,2020-11-30 15:01:33,0,A,476,138,0.1111111111111111,0.0,0.181651376146789,0.1926605504587156,0.2853025936599423,0.1136363636363636,0.0664316243179285
U_5199977,C_674920,0.0,西昌民族幼儿师范高等专科学校,2020-06-04 09:02:32,4,E,751,87,0.0555555555555555,0.0,0.0788990825688073,0.0788990825688073,0.1037463976945244,0.0325757575757575,0.0598393985701188
U_33224740,C_697076,1.0,辽宁对外经贸学院,2020-09-24 15:27:32,4,E,781,121,0.0416666666666666,0.0,0.0275229357798165,0.0275229357798165,0.0432276657060518,0.0136363636363636,0.0613950975446484
U_30933908,C_801420,2.0,辽宁对外经贸学院,2020-08-03 01:35:08,4,E,781,155,0.0416666666666666,0.0,0.0128440366972477,0.0128440366972477,0.0086455331412103,0.0022727272727272,0.0606393057882645
U_33281741,C_1992950,0.0,辽宁对外经贸学院,2020-09-21 16:29:23,4,E,781,83,0.0416666666666666,0.0,0.0091743119266055,0.0091743119266055,0.0086455331412103,0.0454545454545454,0.0064422818017463
U_6115976,C_756642,2.0,福建医科大学,2020-05-23 22:49:59,0,A,679,149,0.1111111111111111,0.0,0.2128440366972477,0.2422018348623853,0.2074927953890489,0.0893939393939394,0.0878368049143515
U_34213333,C_1912004,1.0,辽宁对外经贸学院,2020-10-12 09:04:04,4,E,781,74,0.0277777777777777,0.0,0.0055045871559633,0.0055045871559633,0.0028818443804034,0.0007575757575757,0.0618643913690175
U_27886532,C_735283,2.0,辽宁对外经贸学院,2020-04-20 16:15:56,4,E,781,143,0.0416666666666666,0.0,0.0697247706422018,0.0697247706422018,0.0518731988472622,0.0318181818181818,0.0633013430891547
U_12205280,C_674920,0.0,西昌民族幼儿师范高等专科学校,2020-06-11 07:30:02,4,E,751,87,0.0416666666666666,0.0,0.073394495412844,0.073394495412844,0.0835734870317002,0.0272727272727272,0.0599521782525058
U_4913542,C_735197,0.0,华南理工大学,2020-10-01 17:09:55,3,D,211,141,0.1805555555555555,0.0,0.1339449541284403,0.2220183486238532,0.1066282420749279,0.1507575757575757,0.0712820371297724
U_30188045,C_1714448,1.0,辽宁对外经贸学院,2020-05-26 14:17:46,4,E,781,8,0.0277777777777777,0.0,0.0073394495412844,0.0073394495412844,0.0,0.0,0.0620333652750924
U_11504441,C_813262,1.0,陕西工业职业技术学院,2019-10-10 19:54:57,3,D,876,157,0.1666666666666666,0.0,0.1908256880733945,0.2036697247706422,0.1469740634005763,0.0924242424242424,0.0801990506465322
U_6220318,C_1829948,2.0,北方民族大学,2020-06-05 09:42:37,2,C,190,61,0.3888888888888888,0.0,0.4770642201834862,0.4770642201834862,0.579250720461095,0.1522727272727272,0.0751461960019645
U_29892905,C_756642,0.0,中国医科大学,2020-05-09 11:46:33,2,C,69,149,0.1527777777777777,0.0,0.181651376146789,0.181651376146789,0.1844380403458213,0.0659090909090909,0.0788096711228121
U_8010830,C_735164,0.0,河北经贸大学,2020-11-01 09:53:12,0,A,566,138,0.0833333333333333,0.0,0.0091743119266055,0.0091743119266055,0.0144092219020172,0.006060606060606,0.0708862657734452
U_16580945,C_948488,2.0,四川音乐学院,2020-05-09 11:37:48,4,E,293,172,0.0416666666666666,0.0,0.0110091743119266,0.0110091743119266,0.0144092219020172,0.0037878787878787,0.0613655518727948
U_11540734,C_948120,0.0,中国农业大学,2020-10-03 15:37:26,4,E,67,167,0.0416666666666666,0.0,0.018348623853211,0.018348623853211,0.0201729106628242,0.0053030303030303,0.0104204331268992
U_707872,C_735164,0.0,西南林业大学,2020-12-07 22:57:59,0,A,711,138,0.125,0.0,0.2862385321100917,0.2935779816513761,0.446685878962536,0.1621212121212121,0.0713505230660887
U_11936258,C_1750793,1.0,浙江万里学院,2020-06-05 20:13:07,0,A,596,17,0.0694444444444444,0.0,0.0238532110091743,0.0238532110091743,0.031700288184438,0.0166666666666666,0.0751993346306921
U_15490997,C_1776290,2.0,昆明理工大学,2020-05-26 12:32:08,0,A,476,48,0.1111111111111111,0.0,0.1963302752293578,0.273394495412844,0.1988472622478386,0.0803030303030303,0.072114837802905
U_31093921,C_676635,1.0,辽宁对外经贸学院,2020-08-01 22:30:39,4,E,781,89,0.0416666666666666,0.0,0.018348623853211,0.018348623853211,0.0172910662824207,0.0045454545454545,0.0621071749789653
U_13538262,C_707079,1.0,中国农业大学,2020-04-14 21:33:55,4,E,67,132,0.0277777777777777,0.0,0.0660550458715596,0.0660550458715596,0.0403458213256484,0.0325757575757575,0.0629972247246132
U_29974960,C_948136,0.0,辽宁对外经贸学院,2020-05-14 11:38:35,4,E,781,168,0.0416666666666666,0.0,0.0954128440366972,0.0954128440366972,0.0547550432276657,0.0143939393939393,0.0644842792878853
U_30695596,C_680979,1.0,辽宁对外经贸学院,2020-06-27 11:03:09,4,E,781,100,0.0416666666666666,0.0,0.0036697247706422,0.0036697247706422,0.0057636887608069,0.0015151515151515,0.0605298392226174
U_8680330,C_735164,1.0,南京工业大学,2020-11-20 10:11:37,0,A,220,138,0.0972222222222222,0.0,0.0220183486238532,0.0256880733944954,0.0345821325648414,0.0151515151515151,0.0784561729570551
U_30548800,C_674920,0.0,辽宁对外经贸学院,2020-06-16 10:13:09,4,E,781,87,0.0416666666666666,0.0,0.036697247706422,0.036697247706422,0.0461095100864553,0.0121212121212121,0.0614531538488956
U_31754883,C_682392,0.0,辽宁对外经贸学院,2020-09-01 10:15:04,4,E,781,108,0.0416666666666666,0.0,0.0825688073394495,0.0825688073394495,0.0662824207492795,0.0318181818181818,0.0617520821591122
U_33329458,C_697076,2.0,辽宁对外经贸学院,2020-09-26 15:43:37,4,E,781,121,0.0555555555555555,0.0,0.1779816513761468,0.1779816513761468,0.1729106628242074,0.0507575757575757,0.0656930320450089
U_7256,C_2027893,2.0,辽宁对外经贸学院,2020-10-30 12:33:57,4,E,781,84,0.0416666666666666,0.0,0.0165137614678899,0.0165137614678899,0.0172910662824207,0.0053030303030303,0.0615799238971872
U_6902710,C_756642,0.0,华南理工大学,2020-05-27 19:33:54,3,D,211,149,0.1388888888888889,0.0,0.1908256880733945,0.1908256880733945,0.1181556195965417,0.1363636363636363,0.0841205279240265
U_9280675,C_1760297,1.0,南京航空航天大学,2020-09-11 21:35:15,4,E,226,29,0.0416666666666666,0.0,0.0036697247706422,0.0036697247706422,0.0057636887608069,0.0022727272727272,0.0612506129693337
U_30016096,C_1766171,1.0,辽宁对外经贸学院,2020-05-16 20:12:33,4,E,781,34,0.0277777777777777,0.0,0.0146788990825688,0.0146788990825688,0.0201729106628242,0.0053030303030303,0.0616854483986715
U_33806446,C_1912004,2.0,辽宁对外经贸学院,2020-09-26 19:36:19,4,E,781,74,0.0277777777777777,0.0,0.0055045871559633,0.0055045871559633,0.0057636887608069,0.0015151515151515,0.0618303786847583
U_30600593,C_1829948,1.0,辽宁对外经贸学院,2020-06-18 14:59:58,4,E,781,61,0.0416666666666666,0.0,0.0220183486238532,0.0220183486238532,0.0144092219020172,0.0037878787878787,0.0617387058836049
U_30603008,C_1829948,1.0,辽宁对外经贸学院,2020-06-18 17:02:04,4,E,781,61,0.0138888888888888,0.0,0.0018348623853211,0.0018348623853211,0.0,0.0,0.0604645772608866
U_30994085,C_1761368,0.0,中国医科大学,2020-07-24 01:00:41,2,C,69,31,0.1388888888888889,0.0,0.0990825688073394,0.0990825688073394,0.1440922190201729,0.0469696969696969,0.0746912094933824
U_33220354,C_697076,1.0,辽宁对外经贸学院,2020-11-25 09:41:30,4,E,781,121,0.0416666666666666,0.0,0.0752293577981651,0.0752293577981651,0.0259365994236311,0.028030303030303,0.0655862892674139
U_30033716,C_681031,0.0,辽宁对外经贸学院,2020-05-18 11:26:50,4,E,781,101,0.0416666666666666,0.0,0.0293577981651376,0.0293577981651376,0.0144092219020172,0.0037878787878787,0.0621804547822534
U_33896038,C_697076,0.0,辽宁对外经贸学院,2020-12-05 12:40:21,4,E,781,121,0.0555555555555555,0.0,0.1743119266055046,0.1743119266055046,0.1786743515850144,0.0537878787878787,0.0654670022077531
U_5314076,C_1750793,0.0,昆明理工大学,2020-05-20 20:46:17,0,A,476,17,0.0972222222222222,0.0,0.036697247706422,0.036697247706422,0.0403458213256484,0.0212121212121212,0.0703336388917043
U_29664025,C_1714448,2.0,昆明理工大学,2020-04-26 16:41:55,0,A,476,8,0.125,0.0,0.2055045871559633,0.2880733944954128,0.2680115273775216,0.0818181818181818,0.0681816333797604
U_1179731,C_735164,0.0,昆明理工大学,2020-09-16 13:51:09,0,A,476,138,0.0972222222222222,0.0,0.1963302752293578,0.2807339449541284,0.2132564841498559,0.0598484848484848,0.0679748186291275
U_29926673,C_735115,1.0,昆明理工大学,2020-05-11 16:12:22,0,A,476,136,0.1111111111111111,0.0,0.3486238532110092,0.3486238532110092,0.5187319884726225,0.1787878787878788,0.0683975257731201
U_29391688,C_735164,1.0,昆明理工大学,2020-09-16 20:18:06,0,A,476,138,0.1111111111111111,0.0,0.1963302752293578,0.2788990825688073,0.239193083573487,0.0651515151515151,0.065538870593596
U_14654590,C_786631,2.0,北华航天工业学院,2020-05-02 17:20:39,2,C,186,154,0.1111111111111111,0.0,0.0678899082568807,0.0678899082568807,0.0893371757925072,0.0272727272727272,0.0684322268329051
U_11381758,C_676635,0.0,山东理工大学,2020-06-17 17:09:49,4,E,376,89,0.0416666666666666,0.0,0.0091743119266055,0.0091743119266055,0.0144092219020172,0.0037878787878787,0.0613128886688909
U_31066586,C_682392,0.0,辽宁对外经贸学院,2020-09-24 20:41:06,4,E,781,108,0.0277777777777777,0.0,0.0348623853211009,0.0348623853211009,0.0230547550432276,0.006060606060606,0.0583314302669477
U_6480306,C_747056,0.0,青海师范大学,2020-05-31 10:19:07,4,E,892,147,0.0416666666666666,0.0,0.1009174311926605,0.1009174311926605,0.0403458213256484,0.0272727272727272,0.0622574736036859
U_30712078,C_680979,1.0,辽宁对外经贸学院,2020-06-28 16:17:36,4,E,781,100,0.0277777777777777,0.0,0.0018348623853211,0.0018348623853211,0.0028818443804034,0.0007575757575757,0.0612141488758275
U_12145061,C_1829948,0.0,北方民族大学,2020-06-16 12:55:44,4,E,190,61,0.0138888888888888,0.0,0.0073394495412844,0.0073394495412844,0.0028818443804034,0.0007575757575757,0.0605430867372349
U_30615895,C_1829948,1.0,辽宁对外经贸学院,2020-06-19 15:11:14,4,E,781,61,0.0416666666666666,0.0,0.0073394495412844,0.0073394495412844,0.0057636887608069,0.0015151515151515,0.0612373753594
U_6117187,C_1017355,0.0,广州中医药大学,2020-03-04 15:11:43,0,A,423,0,0.0833333333333333,0.0,0.1981651376146789,0.2697247706422018,0.2046109510086455,0.0659090909090909,0.0694362646323669
U_34040580,C_735164,1.0,昆明理工大学,2020-10-27 22:29:40,4,E,476,138,0.0555555555555555,0.0,0.1541284403669724,0.1559633027522936,0.2420749279538904,0.1053030303030303,0.0642380983713851
U_5483344,C_735164,0.0,吉林化工学院,2020-09-16 13:50:41,0,A,253,138,0.1111111111111111,0.0,0.1743119266055046,0.2660550458715596,0.201729106628242,0.0772727272727272,0.072213483501472
U_33910480,C_948120,2.0,辽宁对外经贸学院,2020-09-28 10:05:02,4,E,781,167,0.0416666666666666,0.0,0.0091743119266055,0.0091743119266055,0.0144092219020172,0.0037878787878787,0.0621815938208934
U_29964729,C_1761372,1.0,辽宁对外经贸学院,2020-05-26 12:07:40,4,E,781,32,0.0277777777777777,0.0,0.0128440366972477,0.0128440366972477,0.0115273775216138,0.0045454545454545,0.0618841165468574
U_894781,C_735164,0.0,重庆科技学院,2020-11-28 12:56:30,0,A,845,138,0.125,0.0,0.2862385321100917,0.2862385321100917,0.4495677233429394,0.1636363636363636,0.06930148169486
U_33224315,C_697076,1.0,辽宁对外经贸学院,2020-11-02 11:07:24,4,E,781,121,0.0555555555555555,0.0,0.0825688073394495,0.0825688073394495,0.0662824207492795,0.0348484848484848,0.0617681574609621
U_30532587,C_1628052,2.0,辽宁对外经贸学院,2020-06-15 11:41:47,4,E,781,5,0.0277777777777777,0.0,0.0091743119266055,0.0091743119266055,0.0086455331412103,0.003030303030303,0.0623363891720712
U_33244613,C_2059281,2.0,辽宁对外经贸学院,2020-09-21 12:43:49,4,E,781,85,0.0138888888888888,0.0,0.0091743119266055,0.0091743119266055,0.0028818443804034,0.0015151515151515,0.0612907517005394
U_11534643,C_735197,2.0,辽宁石油化工大学,2020-09-10 13:34:56,4,E,790,141,0.0416666666666666,0.0,0.0697247706422018,0.0697247706422018,0.0662824207492795,0.0318181818181818,0.0636915579178555
U_31411951,C_801420,2.0,辽宁对外经贸学院,2020-08-24 17:37:56,4,E,781,155,0.0416666666666666,0.0,0.0458715596330275,0.0458715596330275,0.0259365994236311,0.0075757575757575,0.062780109102801
U_6159358,C_735197,0.0,华南理工大学,2020-10-04 10:50:37,4,E,211,141,0.0555555555555555,0.0,0.0972477064220183,0.0972477064220183,0.0403458213256484,0.0287878787878787,0.0581428549915807
U_29970300,C_1760297,1.0,辽宁对外经贸学院,2020-08-02 04:05:40,4,E,781,29,0.0416666666666666,0.0,0.0036697247706422,0.0036697247706422,0.0028818443804034,0.0007575757575757,0.0614549218349586
U_12448187,C_758928,1.0,辽宁对外经贸学院,2020-02-23 11:17:02,4,E,781,150,0.0277777777777777,0.0,0.091743119266055,0.091743119266055,0.0489913544668587,0.0242424242424242,0.0643160779471488
U_30982514,C_697076,2.0,辽宁对外经贸学院,2020-07-17 13:36:00,4,E,781,121,0.0416666666666666,0.0,0.0642201834862385,0.0642201834862385,0.0576368876080691,0.0166666666666666,0.0617166432003821
U_5199969,C_674920,0.0,西昌民族幼儿高等师范校长,2020-06-12 17:56:42,4,E,757,87,0.0416666666666666,0.0,0.055045871559633,0.055045871559633,0.0806916426512968,0.0212121212121212,0.0611784623000018
U_7968135,C_735197,0.0,华东师范大学,2020-10-19 17:41:07,4,E,196,141,0.2638888888888889,0.0,0.0055045871559633,0.0055045871559633,0.0057636887608069,0.0015151515151515,0.0372494903258068
U_13329813,C_948120,0.0,中国农业大学,2020-09-23 10:30:56,0,A,67,167,0.0972222222222222,0.0,0.0275229357798165,0.0275229357798165,0.0403458213256484,0.0106060606060606,0.0614127972146458
U_32237095,C_697076,2.0,长沙理工大学,2020-09-08 19:23:32,0,A,862,121,0.0138888888888888,0.0,0.1926605504587156,0.273394495412844,0.2161383285302593,0.0643939393939393,0.0672072799177258
U_33329131,C_697076,1.0,辽宁对外经贸学院,2020-09-26 10:49:47,4,E,781,121,0.0416666666666666,0.0,0.0128440366972477,0.0128440366972477,0.0086455331412103,0.0022727272727272,0.0605745786794603
U_28523140,C_735115,1.0,辽宁对外经贸学院,2020-06-16 16:41:36,4,E,781,136,0.0555555555555555,0.0,0.055045871559633,0.055045871559633,0.0374639769452449,0.0121212121212121,0.0619876254451831
U_32578713,C_735164,1.0,昆明理工大学,2020-11-17 13:13:21,0,A,476,138,0.0972222222222222,0.0,0.1724770642201835,0.2568807339449541,0.1959654178674351,0.0583333333333333,0.0644636032603981
U_5245099,C_674920,0.0,西昌民族幼儿师范高等专科学校,2020-07-07 22:16:18,4,E,751,87,0.0694444444444444,0.0,0.218348623853211,0.218348623853211,0.2968299711815562,0.0795454545454545,0.0630489667929213
U_1344858,C_747056,2.0,韩山师范学院,2020-04-29 10:35:33,4,E,894,147,0.0277777777777777,0.0,0.0532110091743119,0.0532110091743119,0.0691642651296829,0.0393939393939393,0.0624657294858156
U_32719324,C_735164,1.0,昆明理工大学,2020-11-30 21:39:55,4,E,476,138,0.0416666666666666,0.0,0.055045871559633,0.0623853211009174,0.0835734870317002,0.0386363636363636,0.0623318181604854
U_15833165,C_786631,0.0,清华大学,2020-07-20 13:14:31,4,E,612,154,0.0416666666666666,0.0,0.0220183486238532,0.0220183486238532,0.0288184438040345,0.0083333333333333,0.0616056760751353
U_33657114,C_697076,2.0,辽宁对外经贸学院,2020-09-25 10:16:07,4,E,781,121,0.0555555555555555,0.0,0.1743119266055046,0.1743119266055046,0.1988472622478386,0.059090909090909,0.0652289183702808
U_5236342,C_674920,0.0,西昌民族幼儿师范高等专科学校,2020-06-17 07:36:55,4,E,751,87,0.0416666666666666,0.0,0.1211009174311926,0.1211009174311926,0.0893371757925072,0.0166666666666666,0.0576244438401175
U_13159714,C_735115,1.0,辽宁对外经贸学院,2020-07-05 15:59:32,4,E,781,136,0.0416666666666666,0.0,0.0275229357798165,0.0275229357798165,0.0057636887608069,0.0015151515151515,0.0612411837103312
U_29723927,C_676635,2.0,广州中医药大学,2020-04-29 14:09:05,1,B,423,89,0.2222222222222222,0.0,0.0256880733944954,0.0348623853211009,0.0403458213256484,0.0257575757575757,0.1163327585666341
U_33328265,C_1912004,2.0,辽宁对外经贸学院,2020-09-22 08:04:13,4,E,781,74,0.0416666666666666,0.0,0.0055045871559633,0.0055045871559633,0.0057636887608069,0.0015151515151515,0.0618189338225972
U_31100087,C_682392,2.0,昆明理工大学,2020-07-30 13:21:42,0,A,476,108,0.1666666666666666,0.0,0.4495412844036697,0.4495412844036697,0.6945244956772334,0.2439393939393939,0.0632343329507286
U_3786854,C_1918363,0.0,新乡医学院三全学院,2020-11-02 08:53:40,4,E,461,76,0.0416666666666666,0.0,0.0715596330275229,0.0715596330275229,0.0605187319884726,0.0325757575757575,0.0628837269526488
U_14946320,C_674920,2.0,西昌民族幼儿师范高等专科学校,2020-06-04 10:01:52,4,E,751,87,0.0416666666666666,0.0,0.073394495412844,0.073394495412844,0.0979827089337175,0.0265151515151515,0.0597082209375246
U_34177200,C_697076,2.0,辽宁对外经贸学院,2020-11-22 18:16:09,4,E,781,121,0.0555555555555555,0.0,0.1853211009174312,0.1853211009174312,0.1527377521613832,0.0439393939393939,0.0662399587812077
U_30473956,C_735321,2.0,辽宁对外经贸学院,2020-06-12 15:46:18,4,E,781,145,0.0416666666666666,0.0,0.0091743119266055,0.0091743119266055,0.0,0.0,0.0564843553036191
U_33200408,C_697076,2.0,辽宁对外经贸学院,2020-11-30 08:07:07,4,E,781,121,0.0416666666666666,0.0,0.0825688073394495,0.0825688073394495,0.0518731988472622,0.0409090909090909,0.0658377592850773
U_12696825,C_948387,2.0,深圳信息职业技术学院,2020-10-20 09:07:32,4,E,610,169,0.0416666666666666,0.0,0.073394495412844,0.073394495412844,0.0662824207492795,0.0174242424242424,0.0632852826443306
U_13688316,C_735197,0.0,辽宁石油化工大学,2020-09-09 16:12:44,3,D,790,141,0.1805555555555555,0.0,0.1211009174311926,0.2788990825688073,0.0893371757925072,0.1378787878787878,0.0717518559023843
U_30463568,C_735115,0.0,辽宁对外经贸学院,2020-06-11 23:32:16,4,E,781,136,0.0694444444444444,0.0,0.3009174311926605,0.3009174311926605,0.2507204610951008,0.0795454545454545,0.0695234208976955
U_30632535,C_677087,1.0,辽宁对外经贸学院,2020-08-11 21:25:11,4,E,781,92,0.0416666666666666,0.0,0.036697247706422,0.036697247706422,0.031700288184438,0.0083333333333333,0.0621800338331908
U_6766064,C_1824911,2.0,重庆三峡医药高等专科学校,2020-06-02 09:52:58,4,E,822,57,0.0416666666666666,0.0,0.0165137614678899,0.0165137614678899,0.0201729106628242,0.0053030303030303,0.064360406359613
U_12061055,C_801420,0.0,南京邮电大学,2020-09-04 14:19:01,4,E,228,155,0.0277777777777777,0.0,0.0036697247706422,0.0036697247706422,0.0,0.0,0.0613417707269281
U_3480012,C_1410126,1.0,辽宁对外经贸学院,2020-07-16 20:02:35,4,E,781,2,0.0416666666666666,0.0,0.0073394495412844,0.0073394495412844,0.0086455331412103,0.0037878787878787,0.0613536563475196
U_17874521,C_747056,0.0,辽宁对外经贸学院,2020-05-17 14:06:38,4,E,781,147,0.0416666666666666,0.0,0.018348623853211,0.018348623853211,0.0172910662824207,0.0045454545454545,0.0618115597854885
U_32992772,C_735164,2.0,昆明理工大学,2020-11-18 19:52:41,0,A,476,138,0.0972222222222222,0.0,0.1761467889908257,0.2568807339449541,0.1930835734870317,0.0568181818181818,0.0643937158113205
U_12064589,C_948109,2.0,西京学院,2020-03-30 11:31:10,0,A,701,165,0.0138888888888888,0.0,0.0807339449541284,0.326605504587156,0.1268011527377521,0.1106060606060606,0.0750760114123721
U_33436819,C_2059281,1.0,辽宁对外经贸学院,2020-09-23 06:32:43,4,E,781,85,0.0416666666666666,0.0,0.0018348623853211,0.0018348623853211,0.0028818443804034,0.0007575757575757,0.0616072063487864
U_436812,C_735164,0.0,江苏大学,2020-09-15 09:05:07,0,A,521,138,0.1111111111111111,0.0,0.1853211009174312,0.2697247706422018,0.2276657060518732,0.0545454545454545,0.0657927573541129
U_6509837,C_1824911,2.0,重庆三峡医药高等专科学校,2020-06-05 21:33:01,4,E,822,57,0.1527777777777777,0.0,0.0256880733944954,0.0256880733944954,0.0403458213256484,0.0106060606060606,0.0631792827180226
U_6329240,C_1829948,2.0,北方民族大学,2020-06-04 11:03:41,3,D,190,61,0.3194444444444444,0.0,0.181651376146789,0.181651376146789,0.2478386167146974,0.0651515151515151,0.0670456156683145
U_30447921,C_1750793,0.0,昆明理工大学,2020-06-12 10:02:58,0,A,476,17,0.0972222222222222,0.0,0.036697247706422,0.036697247706422,0.0547550432276657,0.0287878787878787,0.0701456777067346
U_32851379,C_735164,2.0,昆明理工大学,2020-10-12 14:08:34,0,A,476,138,0.0277777777777777,0.0,0.1889908256880734,0.2660550458715596,0.1440922190201729,0.0446969696969697,0.0110051159749201
U_963707,C_735164,0.0,昆明理工大学,2020-10-28 11:03:18,4,E,476,138,0.0416666666666666,0.0,0.0770642201834862,0.0770642201834862,0.0576368876080691,0.0318181818181818,0.0617357889542181
U_33224737,C_697076,1.0,辽宁对外经贸学院,2020-09-24 15:11:08,0,A,781,121,0.0972222222222222,0.0,0.0275229357798165,0.0275229357798165,0.0432276657060518,0.0136363636363636,0.0153130361195522
U_30837293,C_749807,1.0,辽宁对外经贸学院,2020-07-03 22:33:55,4,E,781,148,0.0416666666666666,0.0,0.0697247706422018,0.0697247706422018,0.0518731988472622,0.031060606060606,0.0627619042939285
U_29056976,C_735195,2.0,昆明理工大学,2020-05-15 11:10:35,0,A,476,140,0.0694444444444444,0.0,0.0275229357798165,0.0275229357798165,0.0374639769452449,0.0098484848484848,0.0730326454249758
U_17587510,C_674920,2.0,辽宁对外经贸学院,2020-05-01 15:54:27,4,E,781,87,0.0416666666666666,0.0,0.0715596330275229,0.0715596330275229,0.063400576368876,0.0174242424242424,0.0626784969514281
U_31097587,C_747056,0.0,华南理工大学,2020-07-30 08:42:54,3,D,211,147,0.1944444444444444,0.0,0.4678899082568807,0.4678899082568807,0.1815561959654178,0.0477272727272727,0.0922711021492892
U_28090906,C_680895,0.0,辽宁对外经贸学院,2020-07-11 21:03:18,4,E,781,98,0.0416666666666666,0.0,0.0110091743119266,0.0110091743119266,0.0144092219020172,0.0037878787878787,0.0613275228392441
U_33329539,C_697076,0.0,辽宁对外经贸学院,2020-11-06 10:04:49,4,E,781,121,0.0277777777777777,0.0,0.018348623853211,0.018348623853211,0.0201729106628242,0.0053030303030303,0.0603106782835951
U_20743403,C_735283,2.0,辽宁对外经贸学院,2020-06-14 23:21:33,4,E,781,143,0.0416666666666666,0.0,0.0697247706422018,0.0697247706422018,0.0547550432276657,0.0318181818181818,0.0633798773272127
U_29769304,C_697062,0.0,辽宁对外经贸学院,2020-05-03 14:16:15,4,E,781,120,0.0555555555555555,0.0,0.1834862385321101,0.1834862385321101,0.1498559077809798,0.0393939393939393,0.0663555761555109
U_5635770,C_1824911,2.0,重庆三峡医药高等专科学校,2020-06-05 19:03:27,4,E,822,57,0.0138888888888888,0.0,0.0440366972477064,0.0440366972477064,0.031700288184438,0.0083333333333333,0.0620916741487773
U_6353342,C_1829948,0.0,辽宁对外经贸学院,2020-06-11 18:47:46,4,E,781,61,0.0138888888888888,0.0,0.0073394495412844,0.0073394495412844,0.0057636887608069,0.0015151515151515,0.0599951546756277
U_33213024,C_1907852,0.0,辽宁对外经贸学院,2020-11-26 19:58:10,4,E,781,71,0.0416666666666666,0.0,0.0073394495412844,0.0073394495412844,0.0057636887608069,0.0015151515151515,0.061269342726449
U_9819683,C_801420,2.0,辽宁对外经贸学院,2020-08-07 13:01:54,4,E,781,155,0.0277777777777777,0.0,0.0165137614678899,0.0165137614678899,0.0144092219020172,0.0037878787878787,0.061713003229076
U_23163871,C_735164,2.0,辽宁对外经贸学院,2020-11-26 23:00:15,4,E,781,138,0.0416666666666666,0.0,0.0018348623853211,0.0018348623853211,0.0028818443804034,0.0015151515151515,0.0596146068183413
U_31060267,C_735115,1.0,中国医科大学,2020-07-25 14:12:42,2,C,69,136,0.2222222222222222,0.0,0.5211009174311927,0.5211009174311927,0.7608069164265129,0.2606060606060606,0.0701308652520725
U_1337366,C_735164,0.0,洛阳师范学院,2020-09-15 13:44:14,2,C,591,138,0.1388888888888889,0.0,0.1082568807339449,0.1082568807339449,0.1585014409221901,0.0704545454545454,0.0651054614387292
U_28984993,C_707079,2.0,东北师范大学,2020-07-08 21:37:21,4,E,47,132,0.0416666666666666,0.0,0.0073394495412844,0.0073394495412844,0.0057636887608069,0.0015151515151515,0.0613420133916819
U_13140433,C_801420,0.0,南京邮电大学通达学院,2020-09-01 09:38:35,4,E,229,155,0.0277777777777777,0.0,0.0018348623853211,0.0018348623853211,0.0028818443804034,0.0007575757575757,0.0611950179790172
U_30352167,C_1829948,0.0,中国医科大学,2020-06-04 14:37:31,2,C,69,61,0.1527777777777777,0.0,0.128440366972477,0.128440366972477,0.1786743515850144,0.0469696969696969,0.0671050388189298
U_12667463,C_948387,2.0,深圳信息职业技术学院,2020-10-20 11:24:11,4,E,610,169,0.0416666666666666,0.0,0.073394495412844,0.073394495412844,0.0605187319884726,0.0159090909090909,0.0633533080128489
U_881787,C_735164,0.0,广东石油化工学院,2020-11-23 10:35:34,0,A,416,138,0.1111111111111111,0.0,0.1577981651376147,0.1651376146788991,0.2449567723342939,0.106060606060606,0.0669569340816767
U_30611285,C_1829948,2.0,辽宁对外经贸学院,2020-06-19 10:37:39,4,E,781,61,0.0416666666666666,0.0,0.0073394495412844,0.0073394495412844,0.0,0.0,0.0613054007279183
U_4533331,C_674920,1.0,北京第二外国语学院,2020-05-24 14:28:57,4,E,179,87,0.0555555555555555,0.0,0.2201834862385321,0.2201834862385321,0.1440922190201729,0.0378787878787878,0.0681089429051599
U_33459850,C_2027893,1.0,辽宁对外经贸学院,2020-09-23 10:45:07,4,E,781,84,0.0416666666666666,0.0,0.0110091743119266,0.0110091743119266,0.0172910662824207,0.006060606060606,0.0613500807566583
U_18291136,C_948488,1.0,合肥工业大学,2020-03-06 14:01:19,0,A,248,172,0.0277777777777777,0.0,0.1853211009174312,0.2660550458715596,0.2132564841498559,0.0598484848484848,0.067499047141536
U_30351900,C_1829948,1.0,辽宁对外经贸学院,2020-06-04 14:28:46,4,E,781,61,0.0555555555555555,0.0,0.0311926605504587,0.0311926605504587,0.0144092219020172,0.0037878787878787,0.0639527295733266
U_19318460,C_948113,0.0,西安思源学院,2020-06-01 14:23:38,3,D,721,166,0.0416666666666666,0.0,0.1541284403669724,0.2458715596330275,0.0979827089337175,0.1340909090909091,0.0771197834918052
U_29969759,C_756642,2.0,辽宁对外经贸学院,2020-05-13 23:03:20,4,E,781,149,0.0416666666666666,0.0,0.0660550458715596,0.0660550458715596,0.0461095100864553,0.0325757575757575,0.0628109225741843
U_30664240,C_1824911,2.0,辽宁对外经贸学院,2020-06-23 17:08:15,4,E,781,57,0.0555555555555555,0.0,0.0862385321100917,0.0862385321100917,0.0749279538904899,0.0196969696969696,0.063362875937425
U_31060274,C_735115,1.0,华南理工大学,2020-07-25 14:13:56,3,D,211,136,0.2083333333333333,0.0,0.5211009174311927,0.5211009174311927,0.30835734870317,0.1015151515151515,0.0826097665000164
U_7160166,C_735197,1.0,华南理工大学,2020-09-08 15:40:06,4,E,211,141,0.0416666666666666,0.0,0.0678899082568807,0.0678899082568807,0.0576368876080691,0.0295454545454545,0.061888697463127
U_30503777,C_735195,2.0,辽宁对外经贸学院,2020-06-15 09:50:53,4,E,781,140,0.0277777777777777,0.0,0.0018348623853211,0.0018348623853211,0.0028818443804034,0.0007575757575757,0.0612265594446618
U_30200968,C_747056,0.0,辽宁对外经贸学院,2020-05-27 11:00:59,4,E,781,147,0.0416666666666666,0.0,0.0422018348623853,0.0422018348623853,0.0518731988472622,0.0204545454545454,0.0617460749683716
U_32905073,C_735164,1.0,昆明理工大学,2020-09-23 13:30:47,0,A,476,138,0.0416666666666666,0.0,0.0256880733944954,0.0275229357798165,0.0374639769452449,0.0189393939393939,0.0418163634265492
U_27874050,C_735283,1.0,辽宁对外经贸学院,2020-04-20 12:12:53,4,E,781,143,0.0416666666666666,0.0,0.073394495412844,0.073394495412844,0.0518731988472622,0.0318181818181818,0.0632288804222823
U_30612822,C_1829948,1.0,中国医科大学,2020-06-19 11:54:08,2,C,69,61,0.1805555555555555,0.0,0.4770642201834862,0.4770642201834862,0.3688760806916426,0.0969696969696969,0.0763185242843172
U_287100,C_735164,2.0,南京审计大学,2020-10-27 08:44:16,0,A,219,138,0.1111111111111111,0.0,0.1761467889908257,0.2678899082568807,0.2046109510086455,0.0765151515151515,0.0713944602435417
U_5643242,C_1824911,2.0,重庆三峡医药高等专科学校,2020-06-03 20:01:29,4,E,822,57,0.0694444444444444,0.0,0.0752293577981651,0.0752293577981651,0.0461095100864553,0.0356060606060606,0.0643187373547561
U_10952406,C_735186,0.0,贵州理工学院,2020-07-17 16:46:00,4,E,765,139,0.0416666666666666,0.0,0.0110091743119266,0.0110091743119266,0.0086455331412103,0.0037878787878787,0.0614221373314939
U_14427017,C_747056,0.0,宝鸡文理学院,2020-05-12 17:37:04,4,E,356,147,0.0416666666666666,0.0,0.0256880733944954,0.0256880733944954,0.0374639769452449,0.0113636363636363,0.0619212095877865
U_23140215,C_948120,1.0,辽宁对外经贸学院,2020-10-12 02:55:23,4,E,781,167,0.0416666666666666,0.0,0.0697247706422018,0.0697247706422018,0.0461095100864553,0.034090909090909,0.0637517486814673
U_26389582,C_1732845,2.0,铜仁学院,2020-04-12 12:57:39,2,C,850,13,0.4166666666666666,0.0,0.1192660550458715,0.1541284403669724,0.1786743515850144,0.0901515151515151,0.0736200872703658
U_5076032,C_1864065,0.0,湖北理工学院,2020-06-20 19:59:56,3,D,631,67,0.1527777777777777,0.0,0.181651376146789,0.1963302752293578,0.1671469740634005,0.1416666666666666,0.0789009675459801
U_29952565,C_697062,1.0,辽宁对外经贸学院,2020-05-12 22:34:40,4,E,781,120,0.0416666666666666,0.0,0.0935779816513761,0.0935779816513761,0.0979827089337175,0.0257575757575757,0.0632721737952866
U_12677072,C_1774985,1.0,广西科技大学,2020-07-26 09:28:28,4,E,439,46,0.0416666666666666,0.0,0.0293577981651376,0.0293577981651376,0.031700288184438,0.009090909090909,0.0604587929255321
U_25701838,C_948395,2.0,西安美术学院,2020-05-26 13:04:09,2,C,727,170,0.2222222222222222,0.0,0.110091743119266,0.110091743119266,0.1210374639769452,0.0696969696969697,0.0745442091283758
U_33329540,C_697076,2.0,辽宁对外经贸学院,2020-11-29 19:54:15,4,E,781,121,0.0555555555555555,0.0,0.2238532110091743,0.2238532110091743,0.2939481268011527,0.0931818181818181,0.066099921408931
U_30079797,C_1778562,1.0,华南理工大学,2020-05-20 15:36:28,3,D,211,49,0.125,0.0,0.0330275229357798,0.0330275229357798,0.031700288184438,0.009090909090909,0.0780471491337684
U_33841950,C_735164,0.0,辽宁对外经贸学院,2020-11-23 19:52:07,4,E,781,138,0.0277777777777777,0.0,0.0091743119266055,0.0110091743119266,0.0144092219020172,0.006060606060606,0.0616589731788041
U_101820,C_735197,0.0,广东科技学院,2020-11-22 00:50:31,4,E,417,141,0.0416666666666666,0.0,0.0091743119266055,0.0091743119266055,0.0086455331412103,0.0022727272727272,0.0613626299910661
U_24710957,C_1017355,2.0,广州中医药大学,2020-05-05 16:05:19,1,B,423,0,0.0972222222222222,0.0,0.0825688073394495,0.0825688073394495,0.0778097982708933,0.0257575757575757,0.1118151134172989
U_31067518,C_682392,0.0,广州中医药大学,2020-07-30 20:42:32,1,B,423,108,0.1805555555555555,0.0,0.0348623853211009,0.0348623853211009,0.0172910662824207,0.0045454545454545,0.0940077200785881
U_5515972,C_674920,1.0,辽宁对外经贸学院,2020-07-10 12:12:12,4,E,781,87,0.0416666666666666,0.0,0.036697247706422,0.036697247706422,0.0547550432276657,0.0143939393939393,0.0605064047406846
U_1054206,C_1786221,0.0,北京林业大学,2020-10-10 16:46:58,3,D,173,51,0.0138888888888888,0.0,0.0458715596330275,0.0458715596330275,0.0230547550432276,0.0151515151515151,0.0621840981651728
U_33215154,C_2027893,1.0,中国医科大学,2020-11-24 18:56:49,2,C,69,84,0.1527777777777777,0.0,0.1779816513761468,0.1779816513761468,0.1844380403458213,0.0727272727272727,0.076065964751433
U_11534193,C_735197,0.0,辽宁石油化工大学,2020-11-15 12:46:48,4,E,790,141,0.0277777777777777,0.0,0.0256880733944954,0.0256880733944954,0.0259365994236311,0.0068181818181818,0.0597512518364076
U_30810251,C_948436,1.0,辽宁对外经贸学院,2020-07-01 18:40:42,4,E,781,171,0.0277777777777777,0.0,0.0110091743119266,0.0110091743119266,0.0115273775216138,0.0015151515151515,0.0614921485891194
U_29821142,C_756642,2.0,辽宁对外经贸学院,2020-05-07 21:04:06,4,E,781,149,0.0138888888888888,0.0,0.0091743119266055,0.0091743119266055,0.0086455331412103,0.003030303030303,0.0600546669683974
U_17470117,C_674920,1.0,辽宁对外经贸学院,2020-07-15 20:32:12,4,E,781,87,0.0416666666666666,0.0,0.055045871559633,0.055045871559633,0.063400576368876,0.0166666666666666,0.0620032897026542
U_12201789,C_677087,0.0,重庆三峡医专,2020-11-05 10:57:10,0,A,814,92,0.125,0.0,0.3614678899082569,0.3614678899082569,0.5677233429394812,0.1492424242424242,0.0672760085187958
U_29727070,C_1017355,0.0,中国医科大学,2020-04-29 16:36:55,2,C,69,0,0.1111111111111111,0.0,0.036697247706422,0.036697247706422,0.0374639769452449,0.0121212121212121,0.0733850639801958
U_31045556,C_1761368,1.0,辽宁对外经贸学院,2020-07-24 03:49:36,4,E,781,31,0.0277777777777777,0.0,0.0091743119266055,0.0091743119266055,0.0057636887608069,0.0015151515151515,0.061829031647758
U_31641923,C_1907855,1.0,辽宁对外经贸学院,2020-08-29 19:51:57,4,E,781,72,0.0416666666666666,0.0,0.0055045871559633,0.0055045871559633,0.0057636887608069,0.0015151515151515,0.06126621284636
U_22222422,C_1750793,0.0,辽宁对外经贸学院,2020-06-16 21:48:51,4,E,781,17,0.0416666666666666,0.0,0.0238532110091743,0.0238532110091743,0.0345821325648414,0.0181818181818181,0.0616820956631963
U_33319734,C_2059281,2.0,辽宁对外经贸学院,2020-09-21 22:22:18,4,E,781,85,0.0416666666666666,0.0,0.018348623853211,0.018348623853211,0.0201729106628242,0.009090909090909,0.0620640252238764
U_26663874,C_735115,0.0,辽宁对外经贸学院,2020-06-20 21:22:19,4,E,781,136,0.0416666666666666,0.0,0.0110091743119266,0.0110091743119266,0.0144092219020172,0.0037878787878787,0.0604603578655766
U_12156301,C_682392,2.0,陕西工业职业技术学院,2020-09-09 08:17:22,4,E,876,108,0.0416666666666666,0.0,0.0697247706422018,0.0697247706422018,0.0576368876080691,0.0303030303030303,0.0617423210932015
U_30712078,C_1714448,1.0,辽宁对外经贸学院,2020-06-28 17:10:38,4,E,781,8,0.0277777777777777,0.0,0.0073394495412844,0.0073394495412844,0.0086455331412103,0.0022727272727272,0.0619313272223149
U_520064,C_735164,2.0,内江师范学院,2020-12-02 08:52:05,0,A,140,138,0.125,0.0,0.2862385321100917,0.2935779816513761,0.4495677233429394,0.1636363636363636,0.0731673342679864
U_5199943,C_674920,2.0,西昌民族幼儿师范高等专科学校,2020-06-04 09:49:09,4,E,751,87,0.0555555555555555,0.0,0.036697247706422,0.036697247706422,0.0576368876080691,0.0151515151515151,0.0599082955508138
U_11182313,C_1750793,2.0,北京体育大学,2020-06-15 00:22:01,0,A,159,17,0.0833333333333333,0.0,0.036697247706422,0.036697247706422,0.0489913544668587,0.0257575757575757,0.0700326008838328
U_30350329,C_674920,2.0,辽宁对外经贸学院,2020-06-05 09:10:44,4,E,781,87,0.1111111111111111,0.0,0.0532110091743119,0.0532110091743119,0.0259365994236311,0.0234848484848484,0.0642134406609998
U_16652007,C_1844112,2.0,内蒙古大学,2020-08-19 08:10:30,1,B,145,63,0.3055555555555555,0.0,0.3669724770642202,0.418348623853211,0.5417867435158501,0.5613636363636364,0.3349271069738815
U_22251101,C_735115,1.0,昆明理工大学,2020-05-11 16:55:24,0,A,476,136,0.1111111111111111,0.0,0.3486238532110092,0.3486238532110092,0.4870317002881844,0.1674242424242424,0.0688590691823952
U_32385057,C_677087,2.0,辽宁对外经贸学院,2020-09-10 21:23:41,4,E,781,92,0.0277777777777777,0.0,0.0440366972477064,0.0440366972477064,0.0605187319884726,0.0325757575757575,0.066235783956975
U_238014,C_735164,1.0,昆明理工大学,2020-09-15 19:55:01,0,A,476,138,0.1111111111111111,0.0,0.1908256880733945,0.2715596330275229,0.2190201729106628,0.0606060606060606,0.0668839613235872
U_33219108,C_697076,2.0,辽宁对外经贸学院,2020-09-24 11:07:30,0,A,781,121,0.1111111111111111,0.0,0.1889908256880734,0.2770642201834862,0.2074927953890489,0.0606060606060606,0.0489518213640035
U_33220343,C_697076,1.0,辽宁对外经贸学院,2020-11-22 15:11:16,4,E,781,121,0.0277777777777777,0.0,0.0091743119266055,0.0091743119266055,0.0144092219020172,0.0045454545454545,0.0593151337505143
U_30348567,C_1829948,0.0,华南理工大学,2020-06-04 10:33:58,3,D,211,61,0.1944444444444444,0.0,0.0073394495412844,0.0073394495412844,0.0057636887608069,0.0015151515151515,0.0662794438032809
U_33090241,C_735164,1.0,昆明理工大学,2020-10-19 13:17:11,4,E,476,138,0.0138888888888888,0.0,0.055045871559633,0.0697247706422018,0.0806916426512968,0.0378787878787878,0.0615309402833247
U_27571008,C_735283,2.0,辽宁对外经贸学院,2020-04-20 13:14:02,4,E,781,143,0.0416666666666666,0.0,0.073394495412844,0.073394495412844,0.0547550432276657,0.034090909090909,0.0633371831875798
U_30626035,C_1472684,1.0,辽宁对外经贸学院,2020-12-02 20:16:18,4,E,781,3,0.0277777777777777,0.0,0.0036697247706422,0.0036697247706422,0.0028818443804034,0.0007575757575757,0.0612568380631185
U_33606064,C_697076,1.0,昆明理工大学,2020-09-24 16:20:09,0,A,476,121,0.1111111111111111,0.0,0.1376146788990825,0.1376146788990825,0.1585014409221901,0.0462121212121212,0.0534493472285695
U_30594105,C_1829948,0.0,辽宁对外经贸学院,2020-06-18 09:21:01,4,E,781,61,0.3472222222222222,0.0,0.4110091743119266,0.4110091743119266,0.2478386167146974,0.0651515151515151,0.0775336011820638
U_29799733,C_766175,1.0,昆明理工大学,2020-06-01 18:06:46,0,A,476,151,0.0555555555555555,0.0,0.1834862385321101,0.1834862385321101,0.2881844380403458,0.078030303030303,0.0669737621394974
U_30326180,C_676635,2.0,广州中医药大学,2020-06-02 18:58:08,1,B,423,89,0.2222222222222222,0.0,0.0642201834862385,0.0642201834862385,0.0951008645533141,0.025,0.1161476895493415
U_15785212,C_1844112,2.0,内蒙古大学,2020-08-19 08:02:53,0,A,145,63,0.1527777777777777,0.2,0.3669724770642202,0.4422018348623853,0.515850144092219,0.5272727272727272,0.1074465634735995
U_2314196,C_747056,1.0,韩山师范学院,2020-05-13 10:29:15,4,E,894,147,0.0416666666666666,0.0,0.018348623853211,0.018348623853211,0.0115273775216138,0.003030303030303,0.0618075979119581
U_28975362,C_948436,2.0,辽宁对外经贸学院,2020-05-18 11:20:04,4,E,781,171,0.0416666666666666,0.0,0.0238532110091743,0.0238532110091743,0.0345821325648414,0.0045454545454545,0.0621509388244513
U_33343322,C_697076,0.0,辽宁对外经贸学院,2020-11-30 21:32:04,4,E,781,121,0.0555555555555555,0.0,0.1834862385321101,0.1834862385321101,0.2651296829971181,0.0848484848484848,0.0647843664461096
U_10407955,C_676646,0.0,天津商业大学,2020-08-11 21:11:32,4,E,316,90,0.0416666666666666,0.0,0.018348623853211,0.018348623853211,0.0230547550432276,0.006060606060606,0.0623649542802259
U_30353670,C_1829948,2.0,广州中医药大学,2020-06-04 15:46:55,1,B,423,61,0.0277777777777777,0.0,0.0,0.0293577981651376,0.0,0.0416666666666666,0.1103211998604772
U_27236062,C_735115,2.0,华南理工大学,2020-02-25 13:08:11,3,D,211,136,0.2638888888888889,0.0,0.1614678899082569,0.3394495412844037,0.100864553314121,0.1446969696969696,0.0714483268665305
U_34340957,C_1755941,2.0,辽宁对外经贸学院,2020-11-02 13:32:38,4,E,781,24,0.0416666666666666,0.0,0.0110091743119266,0.0110091743119266,0.0144092219020172,0.0037878787878787,0.0616397580921812
U_23218629,C_681411,1.0,广州中医药大学,2020-07-28 21:04:54,1,B,423,103,0.2361111111111111,0.0,0.4697247706422018,0.4697247706422018,0.6772334293948127,0.178030303030303,0.0935914064080053
U_971891,C_735164,0.0,昆明理工大学,2020-11-30 09:47:39,0,A,476,138,0.125,0.0,0.2862385321100917,0.2990825688073394,0.440922190201729,0.1606060606060606,0.0695877617238305
U_30424564,C_786631,2.0,华南理工大学,2020-06-09 19:16:11,3,D,211,154,0.1388888888888889,0.0,0.0770642201834862,0.0770642201834862,0.031700288184438,0.0083333333333333,0.0816093587671769
U_34486242,C_677087,0.0,辽宁对外经贸学院,2020-12-05 12:10:25,4,E,781,92,0.0416666666666666,0.0,0.0715596330275229,0.0715596330275229,0.0749279538904899,0.0196969696969696,0.0631028482729358
U_5235939,C_674920,0.0,西昌民族幼儿师范高等专科学校,2020-06-04 12:34:02,4,E,751,87,0.0555555555555555,0.0,0.0825688073394495,0.0825688073394495,0.0951008645533141,0.0303030303030303,0.0603518421495768
U_32236923,C_697076,1.0,辽宁对外经贸学院,2020-09-08 19:21:13,4,E,781,121,0.0416666666666666,0.0,0.0862385321100917,0.0862385321100917,0.0749279538904899,0.0333333333333333,0.0621350517115941
U_5094706,C_674920,0.0,西昌民族幼儿师范高等专科学校,2020-07-04 17:26:39,4,E,751,87,0.2638888888888889,0.0,0.036697247706422,0.036697247706422,0.031700288184438,0.0083333333333333,0.0498796645112141
U_15015929,C_707358,1.0,湖北文理学院理工学院,2020-05-14 15:53:30,0,A,626,134,0.0138888888888888,0.0,0.0458715596330275,0.0715596330275229,0.0691642651296829,0.0181818181818181,0.0760945991923746
U_16565796,C_1875515,0.0,湖北大学,2020-08-09 21:16:43,4,E,621,68,0.0416666666666666,0.0,0.0220183486238532,0.0348623853211009,0.0086455331412103,0.0037878787878787,0.0622111791114823
U_15488425,C_1912004,1.0,辽宁对外经贸学院,2020-11-28 19:29:29,4,E,781,74,0.0277777777777777,0.0,0.0146788990825688,0.0146788990825688,0.0172910662824207,0.0045454545454545,0.0620714339273784
U_13316149,C_674959,1.0,辽宁对外经贸学院,2020-10-08 07:09:15,4,E,781,88,0.0277777777777777,0.0,0.0073394495412844,0.0073394495412844,0.0057636887608069,0.0015151515151515,0.0617169651026064
U_15332353,C_936971,1.0,安徽医科大学,2020-07-22 17:26:32,4,E,340,162,0.0694444444444444,0.0,0.0458715596330275,0.0605504587155963,0.0720461095100864,0.0257575757575757,0.0635332959273386
U_30406138,C_676635,2.0,辽宁对外经贸学院,2020-06-09 06:49:43,4,E,781,89,0.0416666666666666,0.0,0.0458715596330275,0.0458715596330275,0.0288184438040345,0.0075757575757575,0.0631024421808989
U_15387518,C_735195,1.0,广州中医药大学,2020-08-11 21:51:00,1,B,423,140,0.2222222222222222,0.0,0.0678899082568807,0.0678899082568807,0.0778097982708933,0.0212121212121212,0.1146420983702887
U_16632500,C_1844112,0.0,内蒙古大学,2020-08-19 09:06:12,0,A,145,63,0.0555555555555555,0.0,0.0880733944954128,0.2403669724770642,0.1383285302593659,0.0886363636363636,0.2474843251144362
U_33224593,C_697076,2.0,辽宁对外经贸学院,2020-09-28 14:56:42,4,E,781,121,0.0277777777777777,0.0,0.018348623853211,0.018348623853211,0.0288184438040345,0.009090909090909,0.0641053458940626
U_12291581,C_1907852,1.0,合肥工业大学,2020-11-12 15:25:51,4,E,248,71,0.0416666666666666,0.0,0.0128440366972477,0.0128440366972477,0.0201729106628242,0.0053030303030303,0.0610715560951237
U_14513387,C_1750793,2.0,北京体育大学,2020-06-16 16:57:59,0,A,159,17,0.0833333333333333,0.0,0.036697247706422,0.036697247706422,0.0547550432276657,0.0287878787878787,0.06995741938125
U_29709139,C_756642,2.0,重庆医科大学,2020-06-20 22:23:44,4,E,832,149,0.0416666666666666,0.0,0.0091743119266055,0.0091743119266055,0.0086455331412103,0.0022727272727272,0.0613159492161932
U_21720716,C_674920,0.0,西安美术学院,2020-06-15 08:26:18,4,E,727,87,0.0416666666666666,0.0,0.0770642201834862,0.0770642201834862,0.0259365994236311,0.0204545454545454,0.0641702710965433
U_30580365,C_1829948,0.0,辽宁对外经贸学院,2020-06-17 13:30:17,4,E,781,61,0.0416666666666666,0.0,0.0220183486238532,0.0220183486238532,0.0144092219020172,0.0037878787878787,0.0617387058836049
U_30649063,C_674920,0.0,辽宁对外经贸学院,2020-06-22 15:58:45,4,E,781,87,0.0416666666666666,0.0,0.128440366972477,0.128440366972477,0.0576368876080691,0.0151515151515151,0.065088148051401
U_33543462,C_697076,2.0,辽宁对外经贸学院,2020-11-19 11:16:33,4,E,781,121,0.0555555555555555,0.0,0.1963302752293578,0.1963302752293578,0.2305475504322766,0.0704545454545454,0.0657455169646039
U_30354799,C_1829948,0.0,中国医科大学,2020-06-04 16:32:06,2,C,69,61,0.0416666666666666,0.0,0.0220183486238532,0.0220183486238532,0.031700288184438,0.0083333333333333,0.0717683719626645
U_32742687,C_735164,2.0,昆明理工大学,2020-10-28 19:12:19,2,C,476,138,0.0277777777777777,0.0,0.1541284403669724,0.236697247706422,0.1757925072046109,0.0727272727272727,0.1670787409533581
U_28397307,C_1736024,2.0,广州中医药大学,2020-05-16 14:44:30,4,E,423,14,0.0416666666666666,0.0,0.0146788990825688,0.0256880733944954,0.0172910662824207,0.0068181818181818,0.0618337858959945
U_32753829,C_735164,2.0,昆明理工大学,2020-11-05 20:48:04,0,A,476,138,0.0138888888888888,0.0,0.1963302752293578,0.2605504587155963,0.2132564841498559,0.0492424242424242,0.0603228362829918
U_19957066,C_948120,0.0,辽宁对外经贸学院,2020-09-29 09:17:01,4,E,781,167,0.0138888888888888,0.0,0.0477064220183486,0.0477064220183486,0.0576368876080691,0.0159090909090909,0.0572537215832595
U_18519249,C_674920,0.0,辽宁对外经贸学院,2020-06-29 00:01:45,4,E,781,87,0.0416666666666666,0.0,0.073394495412844,0.073394495412844,0.0605187319884726,0.0166666666666666,0.0627879338030237
U_5245101,C_674920,2.0,小学教育系5班,2020-06-16 19:43:28,4,E,360,87,0.0555555555555555,0.0,0.0477064220183486,0.0477064220183486,0.0605187319884726,0.0196969696969696,0.0626137401285724
U_28873950,C_758928,0.0,辽宁对外经贸学院,2020-03-19 18:28:32,4,E,781,150,0.0138888888888888,0.0,0.0678899082568807,0.0678899082568807,0.0432276657060518,0.0287878787878787,0.0618316118178947
U_10329168,C_1875539,2.0,云南大学,2020-08-16 13:22:38,4,E,106,69,0.0833333333333333,0.0,0.0385321100917431,0.0385321100917431,0.0547550432276657,0.1439393939393939,0.0681986545789157
U_10371775,C_697107,2.0,昆明理工大学津桥学院,2020-06-24 09:18:57,3,D,480,122,0.1527777777777777,0.0,0.0256880733944954,0.0256880733944954,0.0259365994236311,0.0083333333333333,0.0833445256602953
U_6101970,C_1017355,2.0,广州中医药大学,2020-05-09 10:16:33,4,E,423,0,0.1944444444444444,0.0,0.0825688073394495,0.0825688073394495,0.0403458213256484,0.0128787878787878,0.06496875699256
U_33146664,C_735164,1.0,昆明理工大学,2020-09-19 17:53:12,0,A,476,138,0.0138888888888888,0.0,0.1834862385321101,0.2642201834862385,0.2046109510086455,0.056060606060606,0.0297197176597299
U_5732139,C_1824911,2.0,重庆三峡医药高等专科学校,2020-06-06 03:30:51,4,E,822,57,0.0694444444444444,0.0,0.0073394495412844,0.0073394495412844,0.0086455331412103,0.0022727272727272,0.0613845589610573
U_990991,C_735164,0.0,昆明理工大学,2020-11-27 14:00:32,0,A,476,138,0.0972222222222222,0.0,0.1798165137614679,0.2568807339449541,0.1671469740634005,0.0454545454545454,0.0692136420063474
U_4903218,C_707079,0.0,南昌大学,2020-05-02 11:49:01,4,E,233,132,0.0555555555555555,0.0,0.0990825688073394,0.0990825688073394,0.1181556195965417,0.0446969696969697,0.0630024593500154
U_33230423,C_1912004,1.0,辽宁对外经贸学院,2020-09-21 10:33:25,4,E,781,74,0.0138888888888888,0.0,0.0055045871559633,0.0055045871559633,0.0086455331412103,0.0022727272727272,0.0611818051307931
U_11970321,C_697076,0.0,长沙理工大学,2020-09-08 19:25:32,0,A,862,121,0.1111111111111111,0.0,0.2220183486238532,0.2220183486238532,0.2622478386167147,0.0098484848484848,0.0773077595338007
U_33904018,C_735164,1.0,昆明理工大学,2020-11-30 17:07:23,0,A,476,138,0.125,0.0,0.2862385321100917,0.2954128440366972,0.446685878962536,0.1628787878787878,0.0693977255075992
U_21241647,C_1844112,0.0,内蒙古大学,2020-08-19 08:10:25,0,A,145,63,0.0555555555555555,0.0,0.0293577981651376,0.2165137614678899,0.0461095100864553,0.0727272727272727,0.0122773781590183
U_15210824,C_749807,1.0,辽宁对外经贸学院,2020-05-18 21:07:37,4,E,781,148,0.0416666666666666,0.0,0.0238532110091743,0.0238532110091743,0.0259365994236311,0.0068181818181818,0.0618905347819767
U_25225034,C_948395,2.0,西安美术学院,2020-03-15 12:20:13,0,A,727,170,0.0138888888888888,0.0,0.1871559633027523,0.2697247706422018,0.1988472622478386,0.0606060606060606,0.0687064132429239
U_30167190,C_948436,2.0,辽宁对外经贸学院,2020-05-25 14:32:54,4,E,781,171,0.0416666666666666,0.0,0.0458715596330275,0.0458715596330275,0.0432276657060518,0.0022727272727272,0.062586804340907
U_30425788,C_1687717,1.0,辽宁对外经贸学院,2020-06-09 20:29:31,4,E,781,7,0.0416666666666666,0.0,0.0293577981651376,0.0293577981651376,0.0288184438040345,0.009090909090909,0.0619220861523051
U_30180469,C_948395,0.0,广州中医药大学,2020-05-25 22:47:26,1,B,423,170,0.2222222222222222,0.0,0.110091743119266,0.110091743119266,0.0778097982708933,0.0424242424242424,0.1111413373953379
U_5643127,C_1824911,2.0,重庆三峡医药高等专科学校,2020-06-03 19:59:40,4,E,822,57,0.1527777777777777,0.0,0.0623853211009174,0.0623853211009174,0.0720461095100864,0.0189393939393939,0.0641173850372533
U_34195088,C_735195,2.0,辽宁对外经贸学院,2020-11-03 08:50:52,4,E,781,140,0.0277777777777777,0.0,0.0036697247706422,0.0036697247706422,0.0028818443804034,0.0007575757575757,0.0613019786596564
U_20485919,C_823315,1.0,西安石油大学,2020-06-13 22:31:55,4,E,725,158,0.0277777777777777,0.0,0.0770642201834862,0.0770642201834862,0.0461095100864553,0.0303030303030303,0.0654449692385817
U_3097207,C_680979,0.0,西安交通大学,2020-07-20 10:34:40,4,E,715,100,0.0416666666666666,0.0,0.0770642201834862,0.0770642201834862,0.0518731988472622,0.0303030303030303,0.0615263742240808
U_23361538,C_948395,1.0,西安美术学院,2020-02-17 16:34:21,1,B,727,170,0.2222222222222222,0.0,0.0422018348623853,0.0642201834862385,0.0662824207492795,0.0257575757575757,0.1167701791184505
U_14749923,C_1918363,0.0,新乡医学院三全学院,2020-10-30 07:53:49,0,A,461,76,0.1111111111111111,0.0,0.2,0.2825688073394495,0.1873198847262247,0.0681818181818181,0.0724655279907973
U_30954235,C_677087,0.0,昆明理工大学,2020-07-25 17:08:25,0,A,476,92,0.125,0.0,0.3614678899082569,0.3614678899082569,0.5648414985590777,0.1484848484848485,0.068382312178763
U_33200376,C_697076,2.0,辽宁对外经贸学院,2020-11-16 10:33:40,4,E,781,121,0.0555555555555555,0.0,0.128440366972477,0.128440366972477,0.132564841498559,0.0378787878787878,0.0640708478802959
U_33303525,C_2059281,2.0,辽宁对外经贸学院,2020-09-21 18:42:39,4,E,781,85,0.0138888888888888,0.0,0.018348623853211,0.018348623853211,0.0201729106628242,0.0098484848484848,0.3954821710197329
U_22850794,C_823315,0.0,西安石油大学,2020-07-04 20:54:23,4,E,725,158,0.0138888888888888,0.0,0.091743119266055,0.091743119266055,0.100864553314121,0.0272727272727272,0.0630019195447468
U_13751589,C_696575,1.0,辽宁对外经贸学院,2020-10-11 12:35:56,4,E,781,116,0.0555555555555555,0.0,0.146788990825688,0.146788990825688,0.1930835734870317,0.0507575757575757,0.0900526983882755
U_27968882,C_697107,2.0,广东海洋大学寸金学院,2020-06-09 01:44:28,4,E,409,122,0.0277777777777777,0.0,0.0018348623853211,0.0018348623853211,0.0,0.0,0.0612535893268235
U_33543399,C_697076,2.0,辽宁对外经贸学院,2020-10-14 10:14:12,4,E,781,121,0.0416666666666666,0.0,0.0825688073394495,0.0825688073394495,0.0691642651296829,0.0356060606060606,0.0617181239506141
U_18375906,C_948488,0.0,合肥工业大学宣城校区,2020-06-09 09:11:09,4,E,249,172,0.0416666666666666,0.0,0.018348623853211,0.018348623853211,0.0057636887608069,0.0015151515151515,0.061707357559295
U_2765555,C_801420,0.0,中国人民解放军国防科技大学,2020-07-07 10:31:25,4,E,61,155,0.0277777777777777,0.0,0.0055045871559633,0.0055045871559633,0.0,0.0,0.0613476194427275
U_29421788,C_674920,1.0,辽宁对外经贸学院,2020-05-03 16:38:04,4,E,781,87,0.0416666666666666,0.0,0.0807339449541284,0.0807339449541284,0.0749279538904899,0.0333333333333333,0.0614037146195772
U_30349128,C_1829948,2.0,华南理工大学,2020-06-04 11:12:42,3,D,211,61,0.1527777777777777,0.0,0.0825688073394495,0.0825688073394495,0.1037463976945244,0.0272727272727272,0.0318507776804399
U_33200348,C_697076,2.0,辽宁对外经贸学院,2020-11-23 09:01:53,4,E,781,121,0.0416666666666666,0.0,0.0458715596330275,0.0458715596330275,0.0432276657060518,0.0121212121212121,0.0612121233679851
U_28273364,C_747056,2.0,吉林化工学院,2020-05-20 11:43:28,4,E,253,147,0.0416666666666666,0.0,0.0055045871559633,0.0055045871559633,0.0,0.0,0.0643569496249576
U_30950246,C_1912004,0.0,辽宁对外经贸学院,2020-08-12 13:14:59,4,E,781,74,0.0277777777777777,0.0,0.0055045871559633,0.0055045871559633,0.0086455331412103,0.0022727272727272,0.0617963660004992
U_23460281,C_948395,2.0,西安美术学院,2020-03-10 23:40:13,1,B,727,170,0.2222222222222222,0.0,0.0385321100917431,0.0623853211009174,0.0605187319884726,0.0234848484848484,0.1121038250461488
U_9144729,C_735164,1.0,昆明理工大学,2020-11-18 15:01:59,0,A,476,138,0.125,0.0,0.2862385321100917,0.3064220183486238,0.4293948126801152,0.153030303030303,0.0699821563291059
U_32564607,C_735164,2.0,昆明理工大学,2020-09-17 10:14:05,0,A,476,138,0.0138888888888888,0.0,0.0403669724770642,0.0403669724770642,0.063400576368876,0.028030303030303,0.0867294110858945
U_19807229,C_1682756,2.0,辽宁对外经贸学院,2020-04-17 19:29:05,4,E,781,6,0.0277777777777777,0.0,0.0678899082568807,0.0678899082568807,0.0576368876080691,0.0363636363636363,0.0667564187099572
U_33976759,C_707013,1.0,辽宁对外经贸学院,2020-09-29 13:52:53,4,E,781,129,0.0416666666666666,0.0,0.0128440366972477,0.0128440366972477,0.0144092219020172,0.0037878787878787,0.0613210798424152
U_29657304,C_1714448,0.0,辽宁对外经贸学院,2020-04-26 10:49:22,4,E,781,8,0.0416666666666666,0.0,0.0678899082568807,0.0678899082568807,0.0576368876080691,0.0325757575757575,0.0619174705696421
U_29644284,C_948488,0.0,昆明理工大学,2020-04-25 13:45:36,0,A,476,172,0.1111111111111111,0.0,0.1798165137614679,0.2899082568807339,0.1930835734870317,0.0598484848484848,0.0685162036947256
U_28087691,C_1829948,0.0,北方民族大学,2020-06-11 17:38:08,4,E,190,61,0.0416666666666666,0.0,0.0073394495412844,0.0073394495412844,0.0057636887608069,0.0015151515151515,0.0607736776813927
U_16048526,C_1806527,1.0,昆明理工大学,2020-09-01 20:17:01,0,A,476,53,0.1111111111111111,0.0,0.218348623853211,0.2678899082568807,0.1959654178674351,0.0833333333333333,0.0799445646526437
U_28942998,C_676635,1.0,中国医科大学,2020-06-05 16:53:37,2,C,69,89,0.1388888888888889,0.0,0.0091743119266055,0.0091743119266055,0.0057636887608069,0.0015151515151515,0.0760165998072432
U_30170113,C_948436,0.0,辽宁对外经贸学院,2020-05-25 15:58:32,4,E,781,171,0.0416666666666666,0.0,0.0697247706422018,0.0697247706422018,0.0576368876080691,0.031060606060606,0.0629497416703504
U_29824478,C_756642,2.0,昆明理工大学,2020-05-08 07:44:31,0,A,476,149,0.0972222222222222,0.0,0.236697247706422,0.273394495412844,0.2190201729106628,0.0924242424242424,0.0764262080068757
U_13958584,C_682392,0.0,陕西工业职业技术学院,2020-09-01 10:11:34,0,A,876,108,0.0138888888888888,0.0,0.1761467889908257,0.273394495412844,0.2132564841498559,0.0507575757575757,0.0665669817270973
U_4516979,C_735197,0.0,华南理工大学,2020-10-20 09:27:04,4,E,211,141,0.2361111111111111,0.0,0.0623853211009174,0.0623853211009174,0.0518731988472622,0.0318181818181818,0.0962841866369196
U_4602302,C_735197,1.0,华南理工大学,2020-09-30 14:55:20,4,E,211,141,0.0416666666666666,0.0,0.073394495412844,0.073394495412844,0.0720461095100864,0.009090909090909,0.064014935940097
U_14946332,C_674920,2.0,西昌民族幼儿师范高等专科学校,2020-06-04 09:20:40,4,E,751,87,0.0694444444444444,0.0,0.2201834862385321,0.2201834862385321,0.3429394812680115,0.0924242424242424,0.0637867518341091
U_34268566,C_697076,2.0,辽宁对外经贸学院,2020-11-25 19:43:29,4,E,781,121,0.0416666666666666,0.0,0.0807339449541284,0.0807339449541284,0.0461095100864553,0.0393939393939393,0.0662627643157175
U_30318258,C_676635,2.0,辽宁对外经贸学院,2020-06-02 10:26:56,4,E,781,89,0.0416666666666666,0.0,0.018348623853211,0.018348623853211,0.0288184438040345,0.0075757575757575,0.0612360382270834
U_15201672,C_735197,0.0,辽宁石油化工大学,2020-09-09 10:32:58,4,E,790,141,0.0277777777777777,0.0,0.0,0.0,0.0,0.031060606060606,0.0732355032544202
U_28081027,C_747056,0.0,辽宁对外经贸学院,2020-06-20 17:38:52,4,E,781,147,0.0277777777777777,0.0,0.0018348623853211,0.0018348623853211,0.0,0.0,0.0613368431467246
U_33233416,C_697076,0.0,辽宁对外经贸学院,2020-11-19 10:07:57,4,E,781,121,0.0138888888888888,0.0,0.0091743119266055,0.0091743119266055,0.0028818443804034,0.0007575757575757,0.0597133168973532
U_33066759,C_735164,1.0,昆明理工大学,2020-10-19 09:23:19,0,A,476,138,0.1111111111111111,0.0,0.2,0.2825688073394495,0.2536023054755043,0.0681818181818181,0.0642311749973906
U_10708249,C_707079,1.0,中国农业大学,2020-04-21 09:00:08,4,E,67,132,0.0416666666666666,0.0,0.0678899082568807,0.0678899082568807,0.0547550432276657,0.0333333333333333,0.0638445209025254
U_19918833,C_948395,1.0,西安美术学院,2020-05-26 13:04:57,2,C,727,170,0.1111111111111111,0.0,0.110091743119266,0.110091743119266,0.1095100864553314,0.059090909090909,0.0736576408790928
U_32725448,C_735164,2.0,昆明理工大学,2020-09-15 09:06:40,0,A,476,138,0.1111111111111111,0.0,0.2018348623853211,0.2715596330275229,0.2593659942363112,0.0628787878787878,0.0668353848520982
U_31016725,C_707035,0.0,广州中医药大学,2020-08-03 09:47:38,1,B,423,130,0.2916666666666666,0.0,0.1064220183486238,0.1064220183486238,0.1268011527377521,0.0424242424242424,0.1288371841847981
U_10781066,C_735164,2.0,昆明理工大学,2019-10-09 22:02:06,4,E,476,138,0.0138888888888888,0.0,0.0697247706422018,0.0697247706422018,0.0461095100864553,0.0295454545454545,0.061476613092538
U_22108604,C_707079,1.0,中国农业大学,2020-04-09 08:56:07,3,D,67,132,0.1805555555555555,0.0,0.1926605504587156,0.236697247706422,0.1152737752161383,0.1386363636363636,0.0801341700151286
U_9773674,C_735197,1.0,华南理工大学,2020-09-11 12:22:46,3,D,211,141,0.1666666666666666,0.0,0.2256880733944954,0.2770642201834862,0.0691642651296829,0.1439393939393939,0.0834175627988297
U_28573099,C_747056,2.0,东北石油大学,2020-06-20 14:26:28,4,E,49,147,0.0694444444444444,0.0,0.3357798165137615,0.3357798165137615,0.1815561959654178,0.05,0.0712674623875222
U_5794898,C_1824911,2.0,重庆三峡医药高等专科学校,2020-06-11 18:46:13,4,E,822,57,0.0972222222222222,0.0,0.0073394495412844,0.0073394495412844,0.0086455331412103,0.0022727272727272,0.0650432105008815
U_29134289,C_756642,0.0,昆明理工大学,2020-05-11 12:59:09,0,A,476,149,0.0694444444444444,0.0,0.0110091743119266,0.0110091743119266,0.0086455331412103,0.003030303030303,0.0754548655687242
U_29066704,C_1907842,0.0,辽宁对外经贸学院,2020-07-23 15:27:25,4,E,781,70,0.0416666666666666,0.0,0.0055045871559633,0.0055045871559633,0.0057636887608069,0.003030303030303,0.0622922786626512
U_5200077,C_674920,0.0,西昌民族幼儿师范高等专科学校,2020-06-11 20:08:00,4,E,751,87,0.0416666666666666,0.0,0.0697247706422018,0.0697247706422018,0.0806916426512968,0.0272727272727272,0.0597839719594274
U_8488503,C_735197,0.0,华南理工大学,2020-09-28 18:52:25,2,C,211,141,0.1388888888888889,0.0,0.1651376146788991,0.1651376146788991,0.1873198847262247,0.0636363636363636,0.0760441150189124
U_30440344,C_1824911,2.0,辽宁对外经贸学院,2020-06-10 18:12:49,4,E,781,57,0.0416666666666666,0.0,0.0788990825688073,0.0788990825688073,0.0518731988472622,0.028030303030303,0.0643832267511485
U_3429830,C_735164,2.0,昆明理工大学,2019-10-03 19:58:03,4,E,476,138,0.0277777777777777,0.0,0.0697247706422018,0.0697247706422018,0.0489913544668587,0.0295454545454545,0.0617014642724184
U_9056687,C_786631,0.0,河北师范大学,2020-02-23 17:23:50,4,E,556,154,0.0416666666666666,0.0,0.0770642201834862,0.0770642201834862,0.0518731988472622,0.0295454545454545,0.0644480033833719
U_30412516,C_735115,2.0,辽宁对外经贸学院,2020-06-09 08:58:13,4,E,781,136,0.0555555555555555,0.0,0.055045871559633,0.055045871559633,0.0489913544668587,0.0143939393939393,0.0618551552513496
U_30589504,C_1829948,1.0,辽宁对外经贸学院,2020-06-17 20:22:45,4,E,781,61,0.0277777777777777,0.0,0.0311926605504587,0.0311926605504587,0.0201729106628242,0.0053030303030303,0.0615655224869039
U_32886866,C_735164,1.0,昆明理工大学,2020-11-29 18:24:22,0,A,476,138,0.125,0.0,0.2862385321100917,0.2880733944954128,0.4495677233429394,0.1636363636363636,0.0691268423096365
U_30973510,C_1774985,1.0,辽宁对外经贸学院,2020-08-16 23:17:26,4,E,781,46,0.0277777777777777,0.0,0.0018348623853211,0.0018348623853211,0.0028818443804034,0.0007575757575757,0.061123109974439
U_33944636,C_735164,2.0,昆明理工大学,2020-09-28 13:42:34,0,A,476,138,0.1111111111111111,0.0,0.1981651376146789,0.2807339449541284,0.2478386167146974,0.0659090909090909,0.0645095907074032
U_4516941,C_735197,2.0,华南理工大学,2020-10-21 22:56:15,4,E,211,141,0.0416666666666666,0.0,0.0642201834862385,0.0642201834862385,0.0461095100864553,0.028030303030303,0.0478747547793976
U_19812070,C_948113,0.0,西安思源学院,2020-06-22 09:35:42,4,E,721,166,0.0138888888888888,0.0,0.0220183486238532,0.0220183486238532,0.0172910662824207,0.0045454545454545,0.0609950622219339
U_27965299,C_696596,2.0,辽宁对外经贸学院,2020-07-04 21:24:06,4,E,781,117,0.0416666666666666,0.0,0.0256880733944954,0.0256880733944954,0.0086455331412103,0.0022727272727272,0.0617011522748779
U_30194289,C_1714448,1.0,辽宁对外经贸学院,2020-05-26 20:00:51,4,E,781,8,0.0277777777777777,0.0,0.0073394495412844,0.0073394495412844,0.0086455331412103,0.0022727272727272,0.0619313272223149
U_30277765,C_674920,0.0,辽宁对外经贸学院,2020-05-29 19:38:17,4,E,781,87,0.0416666666666666,0.0,0.036697247706422,0.036697247706422,0.0576368876080691,0.0151515151515151,0.061317103111859
U_30267838,C_766175,0.0,华南理工大学,2020-05-29 22:39:26,3,D,211,151,0.1527777777777777,0.0,0.1798165137614679,0.1798165137614679,0.1354466858789625,0.0371212121212121,0.0843017143052591
U_19969813,C_676646,2.0,西安美术学院,2020-06-18 23:56:44,4,E,727,90,0.0277777777777777,0.0,0.0036697247706422,0.0036697247706422,0.0028818443804034,0.0007575757575757,0.0610584918171569
U_5581726,C_1824911,0.0,重庆三峡医药高等专科学校,2020-06-02 09:58:28,1,B,822,57,0.1944444444444444,0.0,0.0073394495412844,0.0073394495412844,0.0086455331412103,0.0022727272727272,0.1152709269370464
U_27230443,C_696596,2.0,浙江财经大学,2020-05-08 22:06:10,4,E,604,117,0.0277777777777777,0.0,0.0073394495412844,0.0073394495412844,0.0057636887608069,0.0015151515151515,0.0610098647719122
U_29803331,C_747056,2.0,华南理工大学,2020-05-06 20:31:22,3,D,211,147,0.1944444444444444,0.0,0.4917431192660551,0.4917431192660551,0.2103746397694524,0.0583333333333333,0.0928971276905241
U_13143322,C_1992929,0.0,北京体育大学,2020-12-03 11:39:10,0,A,159,81,0.1111111111111111,0.0,0.1669724770642202,0.1669724770642202,0.2622478386167147,0.0689393939393939,0.066539075280417
U_6818374,C_756642,2.0,辽宁对外经贸学院,2020-05-13 21:23:35,4,E,781,149,0.0416666666666666,0.0,0.0660550458715596,0.0660550458715596,0.0547550432276657,0.031060606060606,0.0616282092308399
U_5469117,C_1628052,0.0,华中科技大学,2020-06-11 11:50:21,3,D,200,5,0.1388888888888889,0.0,0.1688073394495413,0.1688073394495413,0.1412103746397694,0.1507575757575757,0.080575354346799
U_33713601,C_697076,2.0,辽宁对外经贸学院,2020-11-16 16:46:37,4,E,781,121,0.0277777777777777,0.0,0.073394495412844,0.073394495412844,0.0778097982708933,0.0272727272727272,0.0613950331642035
U_8163300,C_1017355,2.0,广州中医药大学,2020-05-07 11:05:56,4,E,423,0,0.1388888888888889,0.0,0.0568807339449541,0.0568807339449541,0.0288184438040345,0.009090909090909,0.0635250799921047
U_13808634,C_756642,0.0,中国医科大学,2020-03-18 19:33:52,4,E,69,149,0.0138888888888888,0.0,0.0715596330275229,0.0715596330275229,0.0489913544668587,0.0303030303030303,0.061561580422741
U_7854585,C_801420,0.0,辽宁对外经贸学院,2020-08-26 08:45:37,4,E,781,155,0.0277777777777777,0.0,0.0036697247706422,0.0036697247706422,0.0,0.0,0.0613551222407258
U_29002929,C_948436,2.0,辽宁对外经贸学院,2020-05-17 19:06:19,4,E,781,171,0.0277777777777777,0.0,0.0036697247706422,0.0036697247706422,0.0057636887608069,0.0,0.0612584871929755
U_30946302,C_674920,1.0,辽宁对外经贸学院,2020-07-20 11:27:06,4,E,781,87,0.0416666666666666,0.0,0.036697247706422,0.036697247706422,0.0461095100864553,0.0121212121212121,0.0614531538488956
U_3858193,C_735164,0.0,楚雄师范学院,2020-10-03 15:24:04,0,A,501,138,0.0555555555555555,0.0,0.0275229357798165,0.036697247706422,0.0345821325648414,0.0151515151515151,0.0591512706612937
U_14793415,C_676646,1.0,辽宁对外经贸学院,2020-06-09 22:26:06,4,E,781,90,0.0416666666666666,0.0,0.018348623853211,0.018348623853211,0.0172910662824207,0.0045454545454545,0.0615728717623029
U_31121692,C_801420,2.0,辽宁对外经贸学院,2020-08-02 23:52:31,4,E,781,155,0.0416666666666666,0.0,0.0385321100917431,0.0385321100917431,0.0403458213256484,0.0075757575757575,0.0623262616328589
U_14913948,C_674920,0.0,西昌民族幼儿师范高等专科学校,2020-07-16 19:58:06,4,E,751,87,0.0694444444444444,0.0,0.2201834862385321,0.2201834862385321,0.340057636887608,0.0916666666666666,0.0638207645183683
U_30783751,C_823315,1.0,辽宁对外经贸学院,2020-06-30 20:15:15,4,E,781,158,0.0416666666666666,0.0,0.0330275229357798,0.0330275229357798,0.0518731988472622,0.0143939393939393,0.0616086177662316
U_32385724,C_697076,1.0,昆明理工大学,2020-09-10 19:35:32,0,A,476,121,0.1111111111111111,0.0,0.2330275229357798,0.2330275229357798,0.3141210374639769,0.0992424242424242,0.0622372234776033
U_29906924,C_948136,1.0,辽宁对外经贸学院,2020-05-10 12:40:19,4,E,781,168,0.0416666666666666,0.0,0.0293577981651376,0.0293577981651376,0.0086455331412103,0.0022727272727272,0.0623133211634399
U_18251574,C_697062,0.0,广州中医药大学,2020-04-27 08:50:09,1,B,423,120,0.2222222222222222,0.0,0.0238532110091743,0.0532110091743119,0.0374639769452449,0.0075757575757575,0.1061463756277344
U_26340059,C_674959,0.0,辽宁对外经贸学院,2020-07-20 10:00:50,4,E,781,88,0.0416666666666666,0.0,0.0770642201834862,0.0770642201834862,0.063400576368876,0.0477272727272727,0.0654696071395994
U_15397714,C_735197,0.0,华南理工大学,2020-09-25 22:57:55,3,D,211,141,0.2222222222222222,0.0,0.0642201834862385,0.2220183486238532,0.0749279538904899,0.1901515151515151,0.0659964521293406
U_15318824,C_697107,2.0,辽宁对外经贸学院,2020-06-23 08:31:08,4,E,781,122,0.0416666666666666,0.0,0.0128440366972477,0.0128440366972477,0.0115273775216138,0.003030303030303,0.0603470879013402
U_22866286,C_1844112,2.0,内蒙古大学,2020-08-19 08:06:37,0,A,145,63,0.1805555555555555,0.0,0.3651376146788991,0.4715596330275229,0.4870317002881844,0.4924242424242424,0.1265761434011616
U_31522490,C_1806527,1.0,辽宁对外经贸学院,2020-08-28 08:28:26,4,E,781,53,0.0555555555555555,0.0,0.091743119266055,0.091743119266055,0.0778097982708933,0.0409090909090909,0.2271310151171288
U_5643126,C_1824911,1.0,重庆三峡医药高等专科学校,2020-06-03 20:01:02,3,D,822,57,0.0277777777777777,0.0,0.2146788990825688,0.2146788990825688,0.170028818443804,0.1037878787878787,0.0896962706371468
U_8503441,C_735164,0.0,河南理工大学,2020-10-23 17:44:40,2,C,576,138,0.1666666666666666,0.0,0.1853211009174312,0.2036697247706422,0.1556195965417867,0.0386363636363636,0.0602166184536396
U_9810260,C_735197,1.0,辽宁对外经贸学院,2020-09-26 20:50:33,4,E,781,141,0.0694444444444444,0.0,0.0165137614678899,0.0165137614678899,0.0259365994236311,0.0507575757575757,0.0536577368239308
U_1555587,C_735164,0.0,昆明理工大学,2020-10-05 18:33:24,0,A,476,138,0.1111111111111111,0.0,0.2,0.2825688073394495,0.2507204610951008,0.0681818181818181,0.0646184877537303
U_29790232,C_758928,1.0,辽宁对外经贸学院,2020-06-14 17:27:50,4,E,781,150,0.0416666666666666,0.0,0.0055045871559633,0.0055045871559633,0.0057636887608069,0.0015151515151515,0.0613181133896092
U_12156290,C_682392,2.0,陕西工业职业技术学院,2020-09-02 09:03:01,4,E,876,108,0.0416666666666666,0.0,0.0642201834862385,0.0642201834862385,0.0576368876080691,0.0272727272727272,0.0621250083621943
U_989997,C_735164,0.0,昆明理工大学,2020-09-16 13:55:55,0,A,476,138,0.1111111111111111,0.0,0.1963302752293578,0.2954128440366972,0.2161383285302593,0.0727272727272727,0.0681702479457022
U_5717358,C_1824911,2.0,重庆三峡医药高等专科学校,2020-06-10 18:42:32,4,E,822,57,0.2083333333333333,0.0,0.0036697247706422,0.0036697247706422,0.0028818443804034,0.0007575757575757,0.0626247541369871
U_29934510,C_735115,1.0,昆明理工大学,2020-05-12 08:37:24,0,A,476,136,0.1388888888888889,0.0,0.4587155963302752,0.4587155963302752,0.685878962536023,0.2356060606060606,0.0687455169346697
U_16644157,C_1844112,2.0,内蒙古大学,2020-08-19 08:07:49,1,B,145,63,0.2916666666666666,0.0,0.3211009174311927,0.4055045871559633,0.440922190201729,0.4507575757575757,0.1759760741624033
U_30205691,C_1732845,0.0,昆明理工大学,2020-05-27 16:51:07,0,A,476,13,0.1111111111111111,0.0,0.1779816513761468,0.2568807339449541,0.2247838616714697,0.0446969696969697,0.0630363086069914
U_5647320,C_1824911,0.0,辽宁对外经贸学院,2020-06-12 16:40:35,4,E,781,57,0.0416666666666666,0.0,0.0623853211009174,0.0623853211009174,0.0749279538904899,0.0196969696969696,0.0626000568078665
U_10910495,C_676646,0.0,天津商业大学,2020-08-27 19:36:30,4,E,316,90,0.0277777777777777,0.0,0.0073394495412844,0.0073394495412844,0.0115273775216138,0.003030303030303,0.0616317699646754
U_13650823,C_1829948,0.0,北方民族大学,2020-06-16 14:44:16,4,E,190,61,0.0138888888888888,0.0,0.0513761467889908,0.0513761467889908,0.031700288184438,0.0083333333333333,0.0620130656255906
U_8155422,C_2141845,0.0,湛江幼儿师范专科学校,2020-10-25 14:35:54,4,E,648,86,0.0416666666666666,0.0,0.0623853211009174,0.0623853211009174,0.0576368876080691,0.0371212121212121,0.0642464975432697
U_29094524,C_735385,2.0,辽宁对外经贸学院,2020-07-08 14:11:38,4,E,781,146,0.0277777777777777,0.0,0.0036697247706422,0.0036697247706422,0.0028818443804034,0.0007575757575757,0.0612311255039057
U_13535053,C_948120,2.0,中国农业大学,2020-10-09 16:24:24,0,A,67,167,0.0833333333333333,0.0,0.0275229357798165,0.0275229357798165,0.0403458213256484,0.0106060606060606,0.0684715731894047
U_31395591,C_2141845,2.0,昆明理工大学,2020-12-06 14:58:57,0,A,476,86,0.0972222222222222,0.0,0.128440366972477,0.128440366972477,0.1959654178674351,0.0515151515151515,0.0704684713526304
U_31401818,C_1854868,0.0,辽宁对外经贸学院,2020-08-24 00:25:58,4,E,781,65,0.0138888888888888,0.0,0.0880733944954128,0.0880733944954128,0.0778097982708933,0.028030303030303,0.0639038747203539
U_21428061,C_948395,2.0,西安美术学院,2020-05-28 21:33:34,2,C,727,170,0.1666666666666666,0.0,0.110091743119266,0.110091743119266,0.0922190201729106,0.05,0.0744123975960168
U_9338533,C_1017355,2.0,广州中医药大学,2020-03-04 13:17:24,0,A,423,0,0.0972222222222222,0.0,0.2036697247706422,0.273394495412844,0.201729106628242,0.0659090909090909,0.0717076314891004
U_11064775,C_676646,2.0,天津商业大学,2020-08-11 00:21:03,4,E,316,90,0.0416666666666666,0.0,0.0678899082568807,0.0678899082568807,0.0662824207492795,0.034090909090909,0.0621418116583055
U_16492245,C_948113,2.0,辽宁对外经贸学院,2020-05-11 02:27:46,4,E,781,166,0.0416666666666666,0.0,0.0275229357798165,0.0275229357798165,0.031700288184438,0.0083333333333333,0.0617559746998559
U_16211470,C_677087,1.0,辽宁对外经贸学院,2020-06-29 17:24:36,4,E,781,92,0.0138888888888888,0.0,0.110091743119266,0.110091743119266,0.1152737752161383,0.0303030303030303,0.0642129553314923
U_14855877,C_936971,1.0,哈尔滨体育学院,2020-07-27 18:29:14,4,E,266,162,0.0277777777777777,0.0,0.0036697247706422,0.0036697247706422,0.0,0.0,0.0613007653358877
U_34686938,C_735197,0.0,广州中医药大学,2020-10-10 23:25:51,1,B,423,141,0.0138888888888888,0.0,0.0220183486238532,0.0220183486238532,0.0144092219020172,0.0037878787878787,0.1049197696780142
U_33224329,C_697076,2.0,辽宁对外经贸学院,2020-11-02 20:25:55,4,E,781,121,0.0416666666666666,0.0,0.0862385321100917,0.0862385321100917,0.0691642651296829,0.0325757575757575,0.0619053224749293
U_32937221,C_735164,1.0,昆明理工大学,2020-10-21 20:48:17,0,A,476,138,0.125,0.0,0.2862385321100917,0.2935779816513761,0.4495677233429394,0.1636363636363636,0.1261030118859868
U_15398558,C_697076,1.0,乐山一中,2020-11-22 16:12:05,4,E,98,121,0.0416666666666666,0.0,0.018348623853211,0.018348623853211,0.0172910662824207,0.0045454545454545,0.061598396132523
U_8208888,C_697076,0.0,辽宁对外经贸学院,2020-09-05 09:11:16,4,E,781,121,0.0416666666666666,0.0,0.0091743119266055,0.0091743119266055,0.0144092219020172,0.0045454545454545,0.0602768191219352
U_6102240,C_1017355,2.0,广州中医药大学,2020-03-12 18:27:22,1,B,423,0,0.0277777777777777,0.0,0.0256880733944954,0.0348623853211009,0.0403458213256484,0.0227272727272727,0.1122450361234589
U_12981367,C_1829948,0.0,北方民族大学,2020-06-12 17:46:36,4,E,190,61,0.0972222222222222,0.0,0.1504587155963302,0.1504587155963302,0.1498559077809798,0.0393939393939393,0.0654850980651036
U_1264506,C_735164,0.0,昆明理工大学,2020-12-05 10:29:40,4,E,476,138,0.0416666666666666,0.0,0.0330275229357798,0.0330275229357798,0.0518731988472622,0.0242424242424242,0.0615926712252715
U_3699320,C_1017355,2.0,广州中医药大学,2020-03-04 21:55:35,0,A,423,0,0.1111111111111111,0.0,0.2,0.2715596330275229,0.201729106628242,0.0643939393939393,0.068555218244317
U_33366192,C_697076,2.0,辽宁对外经贸学院,2020-09-25 14:13:53,4,E,781,121,0.0416666666666666,0.0,0.018348623853211,0.018348623853211,0.0201729106628242,0.0053030303030303,0.0235374177789744
U_15339691,C_677087,0.0,辽宁对外经贸学院,2020-10-12 09:14:04,4,E,781,92,0.0416666666666666,0.0,0.036697247706422,0.036697247706422,0.0345821325648414,0.009090909090909,0.0621460261012735
U_31209717,C_674959,1.0,辽宁对外经贸学院,2020-08-16 12:11:33,4,E,781,88,0.0277777777777777,0.0,0.0073394495412844,0.0073394495412844,0.0028818443804034,0.0007575757575757,0.0694541677885909
U_32721166,C_735164,1.0,昆明理工大学,2020-09-15 08:19:41,0,A,476,138,0.1111111111111111,0.0,0.2238532110091743,0.3009174311926605,0.2132564841498559,0.0583333333333333,0.0619694553027039
U_33158207,C_735164,1.0,昆明理工大学,2020-09-20 08:24:47,0,A,476,138,0.1111111111111111,0.0,0.2036697247706422,0.2844036697247706,0.2449567723342939,0.0674242424242424,0.064525101442275
U_30938112,C_735197,0.0,辽宁对外经贸学院,2020-09-26 16:59:25,4,E,781,141,0.0277777777777777,0.0,0.0091743119266055,0.0091743119266055,0.0144092219020172,0.0037878787878787,0.0539099496928811
U_29824382,C_756642,2.0,辽宁对外经贸学院,2020-05-09 20:16:30,4,E,781,149,0.0416666666666666,0.0,0.0660550458715596,0.0660550458715596,0.0547550432276657,0.0318181818181818,0.0630784579890138
U_31271479,C_2027893,0.0,辽宁对外经贸学院,2020-09-25 11:37:04,4,E,781,84,0.0277777777777777,0.0,0.0018348623853211,0.0018348623853211,0.0,0.0,0.0611842119689629
U_31060270,C_735115,1.0,辽宁对外经贸学院,2020-07-25 14:13:57,4,E,781,136,0.0833333333333333,0.0,0.5211009174311927,0.5211009174311927,0.3256484149855908,0.1075757575757575,0.0776502337864592
U_29752969,C_1017355,1.0,华南理工大学,2020-05-01 15:22:17,3,D,211,0,0.1388888888888889,0.0,0.073394495412844,0.073394495412844,0.031700288184438,0.0083333333333333,0.0810206441699153
U_26105093,C_1017355,2.0,广州中医药大学,2020-04-30 21:52:09,0,A,423,0,0.1111111111111111,0.0,0.0458715596330275,0.0458715596330275,0.0691642651296829,0.0234848484848484,0.066928022309588
U_30352479,C_674920,1.0,辽宁对外经贸学院,2020-06-04 14:52:07,4,E,781,87,0.0416666666666666,0.0,0.073394495412844,0.073394495412844,0.0951008645533141,0.0257575757575757,0.0623797815919137
U_31680830,C_707035,2.0,辽宁对外经贸学院,2020-08-31 00:49:16,4,E,781,130,0.0555555555555555,0.0,0.1064220183486238,0.1064220183486238,0.1066282420749279,0.0348484848484848,0.2985190598915259
U_31170834,C_801420,0.0,辽宁对外经贸学院,2020-08-11 10:10:17,4,E,781,155,0.0416666666666666,0.0,0.0330275229357798,0.0330275229357798,0.0201729106628242,0.0022727272727272,0.0623380878253474
U_17453850,C_948113,0.0,Southen Medical University,2020-05-19 11:39:50,4,E,24,166,0.0277777777777777,0.0,0.0036697247706422,0.0036697247706422,0.0057636887608069,0.0015151515151515,0.0609152948507397
U_34352310,C_697076,0.0,辽宁对外经贸学院,2020-10-07 22:03:30,4,E,781,121,0.0416666666666666,0.0,0.0825688073394495,0.0825688073394495,0.0662824207492795,0.0318181818181818,0.0618263870971764
U_30326332,C_676635,2.0,华南理工大学,2020-06-02 19:06:11,3,D,211,89,0.125,0.0,0.0091743119266055,0.0091743119266055,0.0086455331412103,0.0022727272727272,0.0776892087173153
U_13650274,C_1829948,0.0,北方民族大学,2020-06-04 21:41:48,4,E,190,61,0.0416666666666666,0.0,0.0770642201834862,0.0770642201834862,0.0605187319884726,0.0318181818181818,0.0614626128219497
U_7713576,C_1829948,2.0,北方民族大学,2020-06-05 17:50:11,4,E,190,61,0.0694444444444444,0.0,0.0770642201834862,0.0770642201834862,0.0489913544668587,0.0287878787878787,0.0613128589548394
U_31066562,C_682392,0.0,昆明理工大学,2020-07-30 21:27:55,0,A,476,108,0.0972222222222222,0.0,0.1302752293577981,0.3302752293577982,0.1873198847262247,0.0568181818181818,0.0527576140148316
U_31407074,C_801420,0.0,广州光度文化传媒有限公司,2020-08-25 09:56:11,4,E,428,155,0.0277777777777777,0.0,0.0036697247706422,0.0036697247706422,0.0,0.0,0.0613007653358877
U_33220481,C_697076,2.0,辽宁对外经贸学院,2020-09-30 15:10:38,0,A,781,121,0.1111111111111111,0.0,0.1908256880733945,0.2807339449541284,0.2074927953890489,0.0636363636363636,0.0678904604369797
U_11267628,C_1750793,2.0,北京体育大学,2020-05-10 09:55:26,0,A,159,17,0.0972222222222222,0.0,0.2275229357798165,0.2770642201834862,0.2161383285302593,0.0765151515151515,0.0725181515759658
U_30562520,C_1829948,1.0,辽宁对外经贸学院,2020-06-16 16:27:30,4,E,781,61,0.0138888888888888,0.0,0.0311926605504587,0.0311926605504587,0.0288184438040345,0.0075757575757575,0.0613311875722598
U_2784438,C_735164,0.0,昆明理工大学,2020-10-16 18:24:00,0,A,476,138,0.0833333333333333,0.0,0.0972477064220183,0.1908256880733945,0.1527377521613832,0.0621212121212121,0.0804564139510721
U_13190014,C_1750793,0.0,天津财经大学,2020-06-05 20:06:47,0,A,327,17,0.125,0.0,0.2018348623853211,0.2587155963302752,0.2219020172910662,0.0628787878787878,0.0745741658446082
U_28974878,C_948436,2.0,辽宁对外经贸学院,2020-05-27 08:48:38,4,E,781,171,0.0277777777777777,0.0,0.0036697247706422,0.0036697247706422,0.0057636887608069,0.0,0.0612584871929755
U_5205012,C_674920,0.0,辽宁对外经贸学院,2020-06-16 16:40:01,4,E,781,87,0.0416666666666666,0.0,0.018348623853211,0.018348623853211,0.0288184438040345,0.0075757575757575,0.060875780114615
U_6694817,C_735164,0.0,广西民族大学,2020-10-19 20:46:00,0,A,438,138,0.1111111111111111,0.0,0.1926605504587156,0.2770642201834862,0.2190201729106628,0.0666666666666666,0.0795757202754163
U_20889172,C_676635,0.0,西安美术学院,2020-06-12 21:47:49,0,A,727,89,0.1111111111111111,0.0,0.1981651376146789,0.2752293577981651,0.1988472622478386,0.0704545454545454,0.0725818436453102
U_3890888,C_735283,0.0,丰顺职校,2020-05-11 17:18:58,4,E,93,143,0.0416666666666666,0.0,0.018348623853211,0.018348623853211,0.0086455331412103,0.0022727272727272,0.0616819817593323
U_24161452,C_1738818,0.0,安徽工业大学,2020-06-15 20:05:36,4,E,344,15,0.0277777777777777,0.0,0.0055045871559633,0.0055045871559633,0.0057636887608069,0.003030303030303,0.0613160532153734
U_30485375,C_1750795,0.0,辽宁对外经贸学院,2020-06-13 08:26:33,4,E,781,18,0.0416666666666666,0.0,0.0055045871559633,0.0055045871559633,0.0086455331412103,0.0045454545454545,0.0612159564806258
U_9097509,C_1017355,0.0,辽宁对外经贸学院,2020-03-11 15:13:51,4,E,781,0,0.0416666666666666,0.0,0.0678899082568807,0.0678899082568807,0.0461095100864553,0.0295454545454545,0.062065476260057
U_29664789,C_1714448,2.0,辽宁对外经贸学院,2020-04-26 17:33:01,4,E,781,8,0.0416666666666666,0.0,0.0678899082568807,0.0678899082568807,0.0576368876080691,0.0325757575757575,0.0618809222863234
U_31043116,C_697076,2.0,昆明理工大学,2020-07-28 09:44:55,0,A,476,121,0.1527777777777777,0.0,0.5541284403669725,0.5541284403669725,0.8587896253602305,0.2886363636363636,0.0687892015426852
U_6902178,C_756642,0.0,广州中医药大学,2020-05-11 19:50:55,1,B,423,149,0.0138888888888888,0.0,0.0091743119266055,0.0091743119266055,0.0144092219020172,0.0053030303030303,0.1144942709641827
U_29841289,C_747056,2.0,辽宁对外经贸学院,2020-05-08 11:54:14,4,E,781,147,0.0416666666666666,0.0,0.0330275229357798,0.0330275229357798,0.031700288184438,0.0083333333333333,0.0625497855851066
U_32027268,C_677087,2.0,辽宁对外经贸学院,2020-09-15 03:19:59,4,E,781,92,0.0416666666666666,0.0,0.073394495412844,0.073394495412844,0.0576368876080691,0.0318181818181818,0.0619989415464545
U_29954146,C_749807,0.0,昆明理工大学,2020-05-13 08:30:57,0,A,476,148,0.1111111111111111,0.0,0.055045871559633,0.055045871559633,0.0691642651296829,0.0181818181818181,0.0638345815523058
U_14628414,C_735164,0.0,攀枝花学院,2020-11-10 09:35:53,0,A,457,138,0.2222222222222222,0.0,0.0605504587155963,0.0954128440366972,0.0518731988472622,0.0234848484848484,0.0718430829927655
U_14654812,C_786631,2.0,北华航天工业学院,2020-05-08 16:08:24,0,A,186,154,0.0555555555555555,0.0,0.0440366972477064,0.0440366972477064,0.0403458213256484,0.0128787878787878,0.0688093427172457
U_13811297,C_682392,2.0,昆明理工大学,2019-11-02 12:33:18,0,A,476,108,0.0277777777777777,0.0,0.1541284403669724,0.2825688073394495,0.2305475504322766,0.0469696969696969,0.055737126146403
U_32577192,C_735164,1.0,昆明理工大学,2020-12-02 12:18:14,0,A,476,138,0.1111111111111111,0.0,0.0862385321100917,0.0880733944954128,0.132564841498559,0.0628787878787878,0.0676729981512336
U_29062010,C_801420,2.0,辽宁对外经贸学院,2020-07-08 01:57:54,4,E,781,155,0.0416666666666666,0.0,0.0036697247706422,0.0036697247706422,0.0,0.0,0.0617606794246734
U_7414181,C_735164,0.0,河北工程大学科信学院,2020-11-27 15:38:17,0,A,555,138,0.125,0.0,0.2862385321100917,0.2935779816513761,0.4495677233429394,0.1636363636363636,0.0669148441277572
U_20772653,C_682556,0.0,辽宁对外经贸学院,2020-06-04 15:27:52,4,E,781,112,0.0416666666666666,0.0,0.0587155963302752,0.0587155963302752,0.0547550432276657,0.0151515151515151,0.0628830781958582
U_29953235,C_1755959,2.0,辽宁对外经贸学院,2020-05-13 21:32:00,4,E,781,26,0.0277777777777777,0.0,0.0018348623853211,0.0018348623853211,0.0028818443804034,0.0007575757575757,0.0608525982021198
U_32133989,C_697076,2.0,辽宁对外经贸学院,2020-09-07 19:30:25,4,E,781,121,0.0416666666666666,0.0,0.0844036697247706,0.0844036697247706,0.0778097982708933,0.0333333333333333,0.060665325392676
U_6758162,C_1824911,0.0,重庆三峡医药高等专科学校,2020-06-05 14:51:17,4,E,822,57,0.1666666666666666,0.0,0.0825688073394495,0.0825688073394495,0.0461095100864553,0.0287878787878787,0.0664663798534746
U_5729356,C_1829948,1.0,辽宁对外经贸学院,2020-06-18 11:03:04,4,E,781,61,0.0277777777777777,0.0,0.0311926605504587,0.0311926605504587,0.0345821325648414,0.009090909090909,0.0613954640179499
U_33224764,C_697076,0.0,辽宁对外经贸学院,2020-09-24 17:17:06,4,E,781,121,0.0555555555555555,0.0,0.0862385321100917,0.0862385321100917,0.0720461095100864,0.031060606060606,0.0613108928750999
U_11765332,C_948109,2.0,西京学院,2020-03-30 20:53:31,0,A,701,165,0.3055555555555555,0.0,0.0972477064220183,0.363302752293578,0.1527377521613832,0.1189393939393939,0.0778543445584076
U_29701876,C_1738818,1.0,华南理工大学,2020-04-28 11:01:54,3,D,211,15,0.1388888888888889,0.0,0.2165137614678899,0.2165137614678899,0.1498559077809798,0.1022727272727272,0.0864107384417393
U_29665734,C_697076,2.0,华南理工大学,2020-10-04 21:06:45,3,D,211,121,0.1527777777777777,0.0,0.0091743119266055,0.0091743119266055,0.0115273775216138,0.0037878787878787,0.077825200026249
U_13763785,C_682392,2.0,昆明理工大学,2019-10-31 17:02:20,0,A,476,108,0.5416666666666666,0.0,0.1834862385321101,0.3486238532110092,0.2824207492795388,0.0606060606060606,0.0606322784150899
U_29032797,C_676646,0.0,广州中医药大学,2020-08-06 19:46:38,1,B,423,90,0.2222222222222222,0.0,0.0660550458715596,0.0660550458715596,0.0662824207492795,0.0174242424242424,0.1151376990349002
U_33714838,C_697076,1.0,辽宁对外经贸学院,2020-11-16 16:44:14,4,E,781,121,0.0416666666666666,0.0,0.018348623853211,0.018348623853211,0.0230547550432276,0.0068181818181818,0.0609215298492082
U_26827097,C_948395,2.0,西安美术学院,2020-05-23 16:22:05,2,C,727,170,0.1388888888888889,0.0,0.110091743119266,0.110091743119266,0.1296829971181556,0.0742424242424242,0.073637628465422
U_33344255,C_697076,1.0,辽宁对外经贸学院,2020-11-12 10:12:44,4,E,781,121,0.0416666666666666,0.0,0.0825688073394495,0.0825688073394495,0.0461095100864553,0.0234848484848484,0.0617372399903987
U_5828844,C_1918363,0.0,信阳职业技术学院,2020-11-15 18:08:31,0,A,130,76,0.1111111111111111,0.0,0.2110091743119266,0.2642201834862385,0.2219020172910662,0.0825757575757575,0.0725418584367039
U_5647277,C_1824911,2.0,重庆三峡医药高等专科学校,2020-06-11 22:14:28,4,E,822,57,0.0416666666666666,0.0,0.0697247706422018,0.0697247706422018,0.0547550432276657,0.0295454545454545,0.0628271464462917
U_33270429,C_697076,2.0,辽宁对外经贸学院,2020-09-25 14:14:12,0,A,781,121,0.0972222222222222,0.0,0.2055045871559633,0.2899082568807339,0.1844380403458213,0.0386363636363636,0.0323700619302227
U_31066218,C_682392,0.0,昆明理工大学,2020-08-01 18:50:36,0,A,476,108,0.0694444444444444,0.0,0.1761467889908257,0.1761467889908257,0.1527377521613832,0.05,0.0537208494692714
U_6766456,C_1824911,2.0,重庆三峡医药高等专科学校,2020-06-02 10:29:25,4,E,822,57,0.0555555555555555,0.0,0.036697247706422,0.036697247706422,0.0461095100864553,0.0257575757575757,0.0527639678695061
U_27440790,C_1017355,2.0,广州中医药大学,2020-05-01 10:57:22,2,C,423,0,0.125,0.0,0.0825688073394495,0.0825688073394495,0.0662824207492795,0.0196969696969696,0.075500526161163
U_33224406,C_697076,1.0,辽宁对外经贸学院,2020-10-05 09:57:44,4,E,781,121,0.0416666666666666,0.0,0.0825688073394495,0.0825688073394495,0.0662824207492795,0.0348484848484848,0.0617646710122553
U_16111368,C_786631,1.0,北华航天工业学院,2020-04-06 21:17:15,0,A,186,154,0.0277777777777777,0.0,0.1963302752293578,0.2623853211009174,0.2046109510086455,0.0712121212121212,0.0705017015668673
U_20238999,C_801420,0.0,南京邮电大学通达学院,2020-09-01 09:36:32,4,E,229,155,0.0277777777777777,0.0,0.0036697247706422,0.0036697247706422,0.0028818443804034,0.0007575757575757,0.0612704371940118
U_5121240,C_674920,0.0,辽宁对外经贸学院,2020-06-29 10:19:24,4,E,781,87,0.2222222222222222,0.0,0.0330275229357798,0.0330275229357798,0.0518731988472622,0.0356060606060606,0.0695363712717983
U_1549448,C_680979,1.0,暨南大学,2020-06-05 15:58:12,4,E,487,100,0.0416666666666666,0.0,0.0660550458715596,0.0660550458715596,0.0576368876080691,0.0333333333333333,0.0634447678633
U_29735651,C_1741505,1.0,辽宁对外经贸学院,2020-04-30 10:12:54,4,E,781,16,0.0416666666666666,0.0,0.0091743119266055,0.0091743119266055,0.0057636887608069,0.0015151515151515,0.0620251988632777
U_9825639,C_735283,0.0,贞丰五小,2020-07-07 19:49:59,4,E,760,143,0.0277777777777777,0.0,0.0036697247706422,0.0036697247706422,0.0028818443804034,0.0007575757575757,0.0612745624948254
U_30037967,C_1806527,1.0,昆明理工大学,2020-06-18 21:02:32,0,A,476,53,0.0833333333333333,0.0,0.0055045871559633,0.0055045871559633,0.0057636887608069,0.0151515151515151,0.0749861709777266
U_31071006,C_707035,0.0,昆明理工大学,2020-07-27 16:38:53,0,A,476,130,0.1111111111111111,0.0,0.091743119266055,0.091743119266055,0.1152737752161383,0.0333333333333333,0.0826045764456915
U_12172799,C_676635,1.0,哈尔滨工业大学（威海）,2020-06-11 14:59:13,4,E,271,89,0.0416666666666666,0.0,0.0458715596330275,0.0458715596330275,0.031700288184438,0.0083333333333333,0.0624859994212659
U_4602262,C_735197,0.0,华南理工大学,2020-10-03 11:55:53,4,E,211,141,0.0416666666666666,0.0,0.0623853211009174,0.0623853211009174,0.0345821325648414,0.0416666666666666,0.0618786392567015
U_7374687,C_1824911,0.0,重庆三峡医药高等专科学校,2020-06-10 18:02:58,3,D,822,57,0.2361111111111111,0.0,0.0623853211009174,0.0623853211009174,0.0864553314121037,0.0227272727272727,0.071853146151533
U_13535272,C_948120,1.0,中国农业大学,2020-10-13 21:19:43,4,E,67,167,0.0416666666666666,0.0,0.0642201834862385,0.0642201834862385,0.0432276657060518,0.028030303030303,0.0138900642381813
U_30566455,C_1750793,0.0,昆明理工大学,2020-06-16 19:24:40,0,A,476,17,0.0833333333333333,0.0,0.036697247706422,0.036697247706422,0.0547550432276657,0.0287878787878787,0.0700133758925261
U_26880878,C_1732845,0.0,铜仁学院,2020-04-12 11:26:33,2,C,850,13,0.0416666666666666,0.0,0.0697247706422018,0.0880733944954128,0.1095100864553314,0.0727272727272727,0.0474544432482664
U_24912541,C_948136,0.0,辽宁对外经贸学院,2020-07-21 16:13:49,4,E,781,168,0.0416666666666666,0.0,0.018348623853211,0.018348623853211,0.0288184438040345,0.0075757575757575,0.0616227121313163
U_33713409,C_697076,1.0,辽宁对外经贸学院,2020-12-03 11:27:37,4,E,781,121,0.0555555555555555,0.0,0.1834862385321101,0.1834862385321101,0.2074927953890489,0.0598484848484848,0.0655111424312245
U_33459796,C_2027893,1.0,辽宁对外经贸学院,2020-09-23 10:45:11,4,E,781,84,0.0416666666666666,0.0,0.0110091743119266,0.0110091743119266,0.0144092219020172,0.0053030303030303,0.0613840934409175
U_21351347,C_823315,1.0,西安石油大学,2020-04-28 10:07:12,4,E,725,158,0.0277777777777777,0.0,0.0807339449541284,0.0807339449541284,0.0547550432276657,0.0318181818181818,0.066225408800667
U_5076559,C_1864065,0.0,湖北理工学院,2020-07-02 18:41:59,4,E,631,67,0.0555555555555555,0.0,0.1266055045871559,0.1266055045871559,0.1354466858789625,0.0681818181818181,0.0634736994447563
U_20290109,C_948113,2.0,西安思源学院,2020-02-25 13:50:51,4,E,721,166,0.0138888888888888,0.0,0.0880733944954128,0.0880733944954128,0.0518731988472622,0.0242424242424242,0.0640779495385993
U_33443233,C_697076,2.0,辽宁对外经贸学院,2020-12-07 21:59:35,4,E,781,121,0.0555555555555555,0.0,0.1834862385321101,0.1834862385321101,0.1585014409221901,0.0469696969696969,0.0660893531112885
U_30019661,C_697155,0.0,辽宁对外经贸学院,2020-05-17 11:13:19,4,E,781,124,0.0416666666666666,0.0,0.0091743119266055,0.0091743119266055,0.0086455331412103,0.0022727272727272,0.0605392338152265
U_9067459,C_735164,0.0,遵义师范学院,2020-09-17 10:26:40,0,A,801,138,0.1111111111111111,0.0,0.2036697247706422,0.2770642201834862,0.2161383285302593,0.081060606060606,0.0791894018436829
U_6159307,C_735197,0.0,华南理工大学,2020-10-15 12:52:46,4,E,211,141,0.0138888888888888,0.0,0.0256880733944954,0.0256880733944954,0.0230547550432276,0.006060606060606,0.0952456052621456
U_30116035,C_674959,2.0,辽宁对外经贸学院,2020-05-22 10:50:35,4,E,781,88,0.0277777777777777,0.0,0.0073394495412844,0.0073394495412844,0.0057636887608069,0.0015151515151515,0.0617169651026064
U_29003690,C_948387,1.0,辽宁对外经贸学院,2020-08-20 14:14:54,4,E,781,169,0.0416666666666666,0.0,0.0275229357798165,0.0275229357798165,0.031700288184438,0.0083333333333333,0.1860637765896064
U_21134640,C_1844112,0.0,内蒙古大学,2020-08-19 08:07:22,0,A,145,63,0.0833333333333333,0.0,0.1376146788990825,0.1412844036697247,0.2132564841498559,0.2234848484848484,0.152309881909451
U_20293073,C_948395,2.0,西安美术学院,2020-05-25 15:01:19,2,C,727,170,0.125,0.0,0.110091743119266,0.110091743119266,0.132564841498559,0.0742424242424242,0.0734748945101575
U_31085451,C_682392,0.0,华南理工大学,2020-08-12 12:05:13,3,D,211,108,0.1527777777777777,0.0,0.2256880733944954,0.2954128440366972,0.0086455331412103,0.1416666666666666,0.1093087471631342
U_10599470,C_770766,0.0,华南农业大学,2020-04-18 22:40:36,4,E,209,152,0.0277777777777777,0.0,0.0605504587155963,0.0605504587155963,0.0749279538904899,0.0363636363636363,0.0624323457489794
U_6099869,C_1017355,1.0,广州中医药大学,2020-05-05 21:19:17,1,B,423,0,0.1111111111111111,0.0,0.0825688073394495,0.0825688073394495,0.1123919308357348,0.0386363636363636,0.1115195774612928
U_33554621,C_697076,1.0,辽宁对外经贸学院,2020-11-18 19:06:06,4,E,781,121,0.0555555555555555,0.0,0.1853211009174312,0.1853211009174312,0.2737752161383285,0.0886363636363636,0.0647505914742622
U_29658352,C_1714448,2.0,辽宁对外经贸学院,2020-04-26 11:42:32,4,E,781,8,0.0416666666666666,0.0,0.0678899082568807,0.0678899082568807,0.0518731988472622,0.0318181818181818,0.0634012417302258
U_4703803,C_682392,0.0,陕西工业职业技术学院,2019-11-01 22:05:31,0,A,876,108,0.2083333333333333,0.0,0.1541284403669724,0.2862385321100917,0.2334293948126801,0.0704545454545454,0.0599707891534153
U_29821391,C_756642,2.0,辽宁对外经贸学院,2020-05-07 21:11:59,4,E,781,149,0.0416666666666666,0.0,0.0660550458715596,0.0660550458715596,0.0576368876080691,0.0318181818181818,0.061656412818035
U_21237462,C_948120,0.0,广州中医药大学,2020-09-23 12:46:16,1,B,423,167,0.0138888888888888,0.0,0.1211009174311926,0.1211009174311926,0.1527377521613832,0.0439393939393939,0.0731526714620917
U_29451111,C_676676,0.0,辽宁对外经贸学院,2020-04-18 11:13:24,4,E,781,91,0.0416666666666666,0.0,0.0697247706422018,0.0697247706422018,0.0605187319884726,0.0325757575757575,0.0618993251888725
U_27886322,C_735283,1.0,辽宁对外经贸学院,2020-04-20 13:00:24,4,E,781,143,0.0416666666666666,0.0,0.0715596330275229,0.0715596330275229,0.0547550432276657,0.0348484848484848,0.0633122035749702
U_16101715,C_786631,1.0,北华航天工业学院,2020-04-07 18:04:27,4,E,186,154,0.0277777777777777,0.0,0.1027522935779816,0.1027522935779816,0.0489913544668587,0.0257575757575757,0.0672025207171473
U_15397384,C_735115,2.0,辽宁对外经贸学院,2020-04-15 21:17:19,4,E,781,136,0.0416666666666666,0.0,0.0862385321100917,0.0862385321100917,0.0662824207492795,0.031060606060606,0.0615064460002225
U_29598489,C_786631,0.0,辽宁对外经贸学院,2020-04-23 18:31:13,4,E,781,154,0.0416666666666666,0.0,0.0770642201834862,0.0770642201834862,0.063400576368876,0.034090909090909,0.0616404018966299
U_3863814,C_735164,0.0,长安大学,2020-11-17 11:19:21,0,A,854,138,0.1111111111111111,0.0,0.1577981651376147,0.2513761467889908,0.2103746397694524,0.0522727272727272,0.0564452714212409
U_1542141,C_676646,0.0,天津财经大学,2020-06-10 08:31:49,4,E,327,90,0.0416666666666666,0.0,0.0091743119266055,0.0091743119266055,0.0144092219020172,0.0037878787878787,0.061285928119516
U_14654921,C_786631,1.0,北华航天工业学院,2020-05-07 20:23:36,0,A,186,154,0.0416666666666666,0.0,0.0770642201834862,0.0770642201834862,0.1095100864553314,0.034090909090909,0.070875444906365
U_14295834,C_735164,0.0,沈阳航空航天大学,2020-11-28 16:12:59,0,A,541,138,0.0972222222222222,0.0,0.1266055045871559,0.2477064220183486,0.1440922190201729,0.0424242424242424,0.0676271345127764
U_9046728,C_786631,2.0,辽宁对外经贸学院,2020-02-29 12:06:11,4,E,781,154,0.0416666666666666,0.0,0.0752293577981651,0.0752293577981651,0.0518731988472622,0.031060606060606,0.0625888050870399
U_33343982,C_697076,2.0,辽宁对外经贸学院,2020-11-23 14:56:42,4,E,781,121,0.0416666666666666,0.0,0.073394495412844,0.073394495412844,0.0259365994236311,0.0227272727272727,0.0644451013110108
U_30609238,C_1829948,1.0,辽宁对外经贸学院,2020-06-19 08:38:02,4,E,781,61,0.0416666666666666,0.0,0.0513761467889908,0.0513761467889908,0.0345821325648414,0.009090909090909,0.0623573920541246
U_7868706,C_697155,0.0,邢台医学高等专科学校,2020-04-09 22:56:52,1,B,802,124,0.2361111111111111,0.0,0.036697247706422,0.0568807339449541,0.0576368876080691,0.0242424242424242,0.114186799864166
U_13827906,C_1774985,0.0,中南林业科技大学,2020-06-09 15:09:10,4,E,56,46,0.0416666666666666,0.0,0.0036697247706422,0.0036697247706422,0.0028818443804034,0.0007575757575757,0.061293624058849
U_2408455,C_1918363,0.0,信阳职业技术学院,2020-11-09 14:01:17,4,E,130,76,0.0138888888888888,0.0,0.0678899082568807,0.0678899082568807,0.0518731988472622,0.0325757575757575,0.0629965809201645
U_31018559,C_936971,1.0,中国医科大学,2020-07-19 23:46:55,2,C,69,162,0.0138888888888888,0.0,0.0403669724770642,0.0403669724770642,0.063400576368876,0.0219696969696969,0.0666433616964231
U_17905931,C_786631,1.0,北华航天工业学院,2020-04-23 07:07:36,0,A,186,154,0.0138888888888888,0.0,0.2055045871559633,0.2660550458715596,0.2334293948126801,0.0765151515151515,0.0734518314538682
U_19213195,C_674920,0.0,梧州学院,2020-05-23 11:41:10,4,E,500,87,0.0416666666666666,0.0,0.0623853211009174,0.0623853211009174,0.0547550432276657,0.031060606060606,0.0612447692058762
U_3489966,C_735164,0.0,昆明学院,2020-10-20 09:54:57,4,E,473,138,0.0416666666666666,0.0,0.0587155963302752,0.0587155963302752,0.0691642651296829,0.0333333333333333,0.0606858429452219
U_29035226,C_1824926,2.0,辽宁对外经贸学院,2020-08-05 10:17:20,4,E,781,58,0.0416666666666666,0.0,0.0165137614678899,0.0165137614678899,0.0230547550432276,0.0075757575757575,0.0614473546565154
U_33344104,C_697076,2.0,辽宁对外经贸学院,2020-11-17 11:44:44,4,E,781,121,0.0416666666666666,0.0,0.018348623853211,0.018348623853211,0.0230547550432276,0.006060606060606,0.0598795620630341
U_33336255,C_735164,2.0,昆明理工大学,2020-09-22 08:51:00,0,A,476,138,0.0972222222222222,0.0,0.2055045871559633,0.2825688073394495,0.1988472622478386,0.0507575757575757,0.0700508453114406
U_29985889,C_680897,1.0,辽宁对外经贸学院,2020-05-14 21:38:59,4,E,781,99,0.0277777777777777,0.0,0.0018348623853211,0.0018348623853211,0.0028818443804034,0.0007575757575757,0.0611224760746742
U_33748795,C_697076,0.0,辽宁对外经贸学院,2020-11-16 13:23:29,4,E,781,121,0.0416666666666666,0.0,0.0788990825688073,0.0788990825688073,0.0432276657060518,0.0348484848484848,0.065222866608463
U_30059159,C_1732845,2.0,辽宁对外经贸学院,2020-05-19 17:10:53,4,E,781,13,0.0416666666666666,0.0,0.0513761467889908,0.0513761467889908,0.0489913544668587,0.0128787878787878,0.0624149778858901
U_30594313,C_1829948,0.0,辽宁对外经贸学院,2020-06-18 09:37:45,4,E,781,61,0.0416666666666666,0.0,0.0091743119266055,0.0091743119266055,0.0086455331412103,0.0022727272727272,0.0609288246488462
U_5256541,C_674920,0.0,西昌民族幼儿师范高等专科学校,2020-06-12 14:54:43,4,E,751,87,0.125,0.0,0.036697247706422,0.036697247706422,0.0461095100864553,0.0121212121212121,0.0650014226398188
U_8488572,C_735197,1.0,华南理工大学,2020-09-10 23:16:55,4,E,211,141,0.0138888888888888,0.0,0.0623853211009174,0.0623853211009174,0.0432276657060518,0.0272727272727272,0.0620906490140013
U_27992228,C_1771170,1.0,辽宁对外经贸学院,2020-07-13 20:10:52,4,E,781,40,0.0277777777777777,0.0,0.0091743119266055,0.0091743119266055,0.0028818443804034,0.0007575757575757,0.0613481642003379
U_7803039,C_1750793,2.0,昆明理工大学,2020-05-22 08:06:21,0,A,476,17,0.125,0.0,0.036697247706422,0.036697247706422,0.0518731988472622,0.0272727272727272,0.0704478696102719
U_12931966,C_1755909,2.0,昆明理工大学,2020-08-04 13:56:01,0,A,476,21,0.0972222222222222,0.0,0.0752293577981651,0.0752293577981651,0.1037463976945244,0.0416666666666666,0.0660911755731125
U_13758392,C_948387,2.0,深圳信息职业技术学院,2020-10-20 09:08:57,4,E,610,169,0.0416666666666666,0.0,0.073394495412844,0.073394495412844,0.0461095100864553,0.0121212121212121,0.0635233664818028
U_17893760,C_747056,0.0,河北环境工程学院,2020-07-04 21:59:26,4,E,562,147,0.0416666666666666,0.0,0.1119266055045871,0.1119266055045871,0.0288184438040345,0.0083333333333333,0.0650019376833778
U_19888855,C_948395,0.0,西安美术学院,2020-05-25 11:41:37,0,A,727,170,0.1944444444444444,0.0,0.110091743119266,0.110091743119266,0.1585014409221901,0.0878787878787878,0.069045544664791
U_22815800,C_1750793,0.0,北京体育大学,2020-06-16 16:31:23,0,A,159,17,0.0277777777777777,0.0,0.036697247706422,0.036697247706422,0.0518731988472622,0.0272727272727272,0.0694658053518785
U_1934266,C_2027893,1.0,汇文中学,2020-09-23 14:31:18,4,E,516,84,0.0416666666666666,0.0,0.0110091743119266,0.0110091743119266,0.0115273775216138,0.0045454545454545,0.0613964198199392
U_30259888,C_766175,2.0,华南理工大学,2020-05-28 18:04:42,3,D,211,151,0.1527777777777777,0.0,0.1229357798165137,0.1229357798165137,0.1930835734870317,0.053030303030303,0.0803839909029349
U_29676929,C_747056,0.0,辽宁对外经贸学院,2020-04-27 09:54:27,4,E,781,147,0.0416666666666666,0.0,0.0825688073394495,0.0825688073394495,0.063400576368876,0.0356060606060606,0.0626663092379799
U_26694183,C_747056,2.0,辽宁对外经贸学院,2020-04-16 10:49:27,4,E,781,147,0.0416666666666666,0.0,0.0678899082568807,0.0678899082568807,0.0518731988472622,0.0333333333333333,0.0627121431623857
U_29972419,C_756642,2.0,辽宁对外经贸学院,2020-05-14 09:40:57,4,E,781,149,0.0416666666666666,0.0,0.0660550458715596,0.0660550458715596,0.0461095100864553,0.0325757575757575,0.0627889836995093
U_22891252,C_735385,1.0,湖南应用技术学院,2020-05-13 22:36:56,4,E,645,146,0.0416666666666666,0.0,0.0623853211009174,0.0623853211009174,0.0576368876080691,0.0318181818181818,0.0612432240751994
U_32612142,C_735164,0.0,昆明理工大学,2020-11-29 10:36:26,0,A,476,138,0.0972222222222222,0.0,0.0587155963302752,0.0605504587155963,0.0922190201729106,0.0416666666666666,0.0662454806424408
U_5094710,C_674920,0.0,西昌民族幼儿师范高等专科学校,2020-07-02 09:07:42,4,E,751,87,0.0138888888888888,0.0,0.036697247706422,0.036697247706422,0.0518731988472622,0.0227272727272727,0.0549350250407898
U_33230598,C_1912004,2.0,辽宁对外经贸学院,2020-09-21 10:35:57,4,E,781,74,0.0277777777777777,0.0,0.0055045871559633,0.0055045871559633,0.0086455331412103,0.0022727272727272,0.0617963660004992
U_27004421,C_735115,1.0,辽宁对外经贸学院,2020-04-20 21:58:01,4,E,781,136,0.0555555555555555,0.0,0.0788990825688073,0.0788990825688073,0.0662824207492795,0.0333333333333333,0.0615284789693939
U_31172286,C_801420,1.0,辽宁对外经贸学院,2020-08-11 16:49:37,4,E,781,155,0.0277777777777777,0.0,0.0036697247706422,0.0036697247706422,0.0,0.0,0.0674924029695734
U_30370479,C_735283,2.0,辽宁对外经贸学院,2020-07-03 15:43:27,4,E,781,143,0.0277777777777777,0.0,0.0146788990825688,0.0146788990825688,0.0172910662824207,0.0045454545454545,0.0620423240616132
U_6509849,C_1824911,2.0,重庆三峡医药高等专科学校,2020-06-10 17:07:26,4,E,822,57,0.1111111111111111,0.0,0.0623853211009174,0.0623853211009174,0.0979827089337175,0.0257575757575757,0.0629897070695891
U_13769557,C_1736024,1.0,辽宁对外经贸学院,2020-03-31 23:54:31,4,E,781,14,0.0416666666666666,0.0,0.0788990825688073,0.0788990825688073,0.0547550432276657,0.0318181818181818,0.0641784622700676
U_33220681,C_697076,1.0,辽宁对外经贸学院,2020-10-07 08:28:09,4,E,781,121,0.0416666666666666,0.0,0.0091743119266055,0.0091743119266055,0.0086455331412103,0.0022727272727272,0.0607180678340505
U_8447727,C_735164,1.0,云南师范大学商学院,2020-11-25 17:44:26,0,A,112,138,0.125,0.0,0.2862385321100917,0.2862385321100917,0.4495677233429394,0.1636363636363636,0.0690061933559495
U_12167298,C_948387,2.0,深圳信息职业技术学院,2020-10-28 09:30:30,2,C,610,169,0.0138888888888888,0.0,0.073394495412844,0.073394495412844,0.1123919308357348,0.0295454545454545,0.0777760727944711
U_20308064,C_948113,2.0,西安思源学院,2020-04-01 19:14:43,3,D,721,166,0.1666666666666666,0.0,0.1688073394495413,0.2678899082568807,0.1066282420749279,0.1348484848484848,0.0769030442479784
U_7499804,C_1824911,2.0,重庆三峡医药高等专科学校,2020-06-30 11:13:28,4,E,822,57,0.0416666666666666,0.0,0.0862385321100917,0.0862385321100917,0.1354466858789625,0.0356060606060606,0.0628665126121589
U_33099600,C_735197,1.0,辽宁对外经贸学院,2020-09-18 12:43:43,4,E,781,141,0.0416666666666666,0.0,0.0678899082568807,0.0678899082568807,0.0374639769452449,0.0431818181818181,0.0613332526988376
U_33527158,C_1774985,1.0,辽宁对外经贸学院,2020-09-24 00:03:32,4,E,781,46,0.0416666666666666,0.0,0.0165137614678899,0.0165137614678899,0.0230547550432276,0.006060606060606,0.0614883947139493
U_32718205,C_735164,1.0,昆明理工大学,2020-09-15 13:44:04,0,A,476,138,0.1111111111111111,0.0,0.2458715596330275,0.3100917431192661,0.2103746397694524,0.0537878787878787,0.0627827833674341
U_30718278,C_674920,2.0,辽宁对外经贸学院,2020-07-19 10:41:35,4,E,781,87,0.0555555555555555,0.0,0.2201834862385321,0.2201834862385321,0.1268011527377521,0.034090909090909,0.0680393179302037
U_30821266,C_676646,0.0,华南理工大学,2020-08-24 13:22:39,3,D,211,90,0.125,0.0,0.0495412844036697,0.0495412844036697,0.0201729106628242,0.0053030303030303,0.0803565648334202
U_30956448,C_697076,2.0,辽宁对外经贸学院,2020-07-15 13:40:56,4,E,781,121,0.0138888888888888,0.0,0.018348623853211,0.018348623853211,0.0057636887608069,0.0015151515151515,0.0655700505382809
U_33345741,C_697076,2.0,辽宁对外经贸学院,2020-11-17 11:40:47,4,E,781,121,0.0277777777777777,0.0,0.1266055045871559,0.1266055045871559,0.0461095100864553,0.0333333333333333,0.060026423762467
U_27364249,C_680979,0.0,辽宁对外经贸学院,2020-07-17 18:34:47,4,E,781,100,0.0277777777777777,0.0,0.0036697247706422,0.0036697247706422,0.0028818443804034,0.0007575757575757,0.0612895680908221
U_15342374,C_735115,1.0,辽宁对外经贸学院,2020-07-11 20:02:14,4,E,781,136,0.0416666666666666,0.0,0.055045871559633,0.055045871559633,0.0172910662824207,0.0045454545454545,0.0622364509122648
U_30594709,C_1829948,0.0,广州中医药大学,2020-06-18 10:03:05,1,B,423,61,0.4861111111111111,0.0,0.4770642201834862,0.4770642201834862,0.5072046109510087,0.1333333333333333,0.1035780316834982
U_16500256,C_854832,1.0,武汉理工大学,2020-05-07 23:07:26,4,E,508,161,0.0416666666666666,0.0,0.0220183486238532,0.0220183486238532,0.0144092219020172,0.0045454545454545,0.0617582973482132
U_29934355,C_697062,1.0,昆明理工大学,2020-05-12 08:23:02,0,A,476,120,0.1111111111111111,0.0,0.1889908256880734,0.1889908256880734,0.2593659942363112,0.0719696969696969,0.0672867749101148
U_11903303,C_707358,0.0,深圳职业技术学院,2020-05-18 13:22:07,0,A,611,134,0.0138888888888888,0.0,0.1908256880733945,0.2715596330275229,0.1729106628242074,0.0416666666666666,0.0691429671349055
U_12983933,C_1829948,0.0,北方民族大学,2020-06-11 17:04:19,4,E,190,61,0.0277777777777777,0.0,0.0146788990825688,0.0146788990825688,0.0172910662824207,0.0045454545454545,0.0608070118948097
U_5076493,C_1864065,1.0,湖北理工,2020-07-03 18:03:20,4,E,630,67,0.0416666666666666,0.0,0.0256880733944954,0.0256880733944954,0.0230547550432276,0.0106060606060606,0.0618020810030669
U_29939315,C_697062,1.0,昆明理工大学,2020-05-12 11:24:03,0,A,476,120,0.1111111111111111,0.0,0.1889908256880734,0.1889908256880734,0.2680115273775216,0.0772727272727272,0.0671704196368666
U_33268532,C_697076,2.0,辽宁对外经贸学院,2020-11-16 15:44:05,4,E,781,121,0.0277777777777777,0.0,0.055045871559633,0.055045871559633,0.0489913544668587,0.0143939393939393,0.0610022728317594
U_30694918,C_676646,1.0,广州中医药大学,2020-06-27 09:38:19,1,B,423,90,0.2222222222222222,0.0,0.0660550458715596,0.0660550458715596,0.0749279538904899,0.0196969696969696,0.1150356609821227
U_5199994,C_674920,0.0,西昌民族幼儿师范高等专科学校,2020-06-04 09:15:17,4,E,751,87,0.0416666666666666,0.0,0.036697247706422,0.036697247706422,0.0230547550432276,0.006060606060606,0.0619748087843119
U_20426916,C_674920,1.0,西安美术学院,2020-05-25 18:11:29,4,E,727,87,0.0555555555555555,0.0,0.2201834862385321,0.2201834862385321,0.1412103746397694,0.0378787878787878,0.067114373983436
U_28655521,C_735164,1.0,昆明医科大学海源学院,2020-09-17 10:14:31,0,A,472,138,0.0972222222222222,0.0,0.0990825688073394,0.1009174311926605,0.1556195965417867,0.0742424242424242,0.0700750573110538
U_16056340,C_697076,1.0,辽宁对外经贸学院,2020-08-24 11:19:46,4,E,781,121,0.0694444444444444,0.0,0.1449541284403669,0.1449541284403669,0.1585014409221901,0.0484848484848484,0.4856368042466437
U_13143324,C_1992929,1.0,昆明理工大学,2020-12-03 19:07:56,0,A,476,81,0.1111111111111111,0.0,0.1669724770642202,0.1669724770642202,0.2622478386167147,0.0689393939393939,0.066325654105672
U_11064852,C_676646,2.0,天津商业大学,2020-08-11 20:22:39,4,E,316,90,0.0416666666666666,0.0,0.0660550458715596,0.0660550458715596,0.0547550432276657,0.0325757575757575,0.0631691403217846
U_11271718,C_948120,2.0,北京农学院,2020-10-09 08:47:43,2,C,160,167,0.0277777777777777,0.0,0.1211009174311926,0.1211009174311926,0.1354466858789625,0.0416666666666666,0.0115697580490056
U_32719322,C_1774987,1.0,昆明理工大学,2020-11-30 20:40:02,4,E,476,47,0.0416666666666666,0.0,0.036697247706422,0.036697247706422,0.0547550432276657,0.0272727272727272,0.061745654019309
U_19898435,C_676646,1.0,辽宁对外经贸学院,2020-06-09 17:40:17,4,E,781,90,0.0277777777777777,0.0,0.0091743119266055,0.0091743119266055,0.0086455331412103,0.0022727272727272,0.0612978087877655
U_148619,C_735115,0.0,泰山护理职业学院,2020-05-07 18:22:14,4,E,587,136,0.0416666666666666,0.0,0.0128440366972477,0.0128440366972477,0.0057636887608069,0.0015151515151515,0.0615144935558313
U_29929095,C_676676,1.0,辽宁对外经贸学院,2020-05-11 19:28:24,4,E,781,91,0.0416666666666666,0.0,0.0862385321100917,0.0862385321100917,0.1066282420749279,0.028030303030303,0.0641460392875625
U_1019204,C_735164,0.0,昆明理工大学,2020-09-20 20:29:47,0,A,476,138,0.1111111111111111,0.0,0.1853211009174312,0.3174311926605505,0.1959654178674351,0.081060606060606,0.0652777583662278
U_5832636,C_697766,0.0,武汉职业技术学院,2020-07-14 15:02:43,1,B,511,128,0.2083333333333333,0.0,0.0018348623853211,0.0018348623853211,0.0,0.0,0.1116275088009469
U_28408059,C_735115,1.0,辽宁对外经贸学院,2020-06-14 21:48:14,4,E,781,136,0.0416666666666666,0.0,0.055045871559633,0.055045871559633,0.031700288184438,0.0083333333333333,0.062066387490969
U_19231335,C_697062,2.0,湖北科技学院,2020-04-25 09:43:19,2,C,633,120,0.1527777777777777,0.0,0.1688073394495413,0.1688073394495413,0.1757925072046109,0.0681818181818181,0.078995517657785
U_32739300,C_735164,1.0,昆明理工大学,2020-09-15 10:52:16,0,A,476,138,0.0138888888888888,0.0,0.1944954128440367,0.255045871559633,0.2132564841498559,0.0583333333333333,0.065167702471893
U_17894078,C_786631,1.0,北华航天工业学院,2020-04-22 10:27:01,0,A,186,154,0.0833333333333333,0.0,0.2275229357798165,0.2880733944954128,0.2219020172910662,0.0712121212121212,0.0767059558968628
U_12950279,C_801420,1.0,辽宁对外经贸学院,2020-08-19 20:19:51,4,E,781,155,0.0416666666666666,0.0,0.0697247706422018,0.0697247706422018,0.0576368876080691,0.031060606060606,0.0629410255485834
U_33712192,C_697076,2.0,辽宁对外经贸学院,2020-12-02 17:46:41,4,E,781,121,0.0555555555555555,0.0,0.1834862385321101,0.1834862385321101,0.2247838616714697,0.0719696969696969,0.0652712757506636
U_3955913,C_735164,0.0,厦门理工学院,2020-11-01 12:24:37,2,C,244,138,0.0138888888888888,0.0,0.0330275229357798,0.036697247706422,0.0518731988472622,0.0242424242424242,0.0755321072455428
U_29049447,C_735385,1.0,辽宁对外经贸学院,2020-05-15 09:20:44,4,E,781,146,0.0416666666666666,0.0,0.0348623853211009,0.0348623853211009,0.0345821325648414,0.009090909090909,0.0612944362429227
U_11065123,C_676646,2.0,天津商业大学,2020-08-11 01:00:57,4,E,316,90,0.0416666666666666,0.0,0.0091743119266055,0.0091743119266055,0.0115273775216138,0.003030303030303,0.0621238990376058
U_199153,C_801420,1.0,清华大学,2020-08-28 13:37:22,4,E,612,155,0.0277777777777777,0.0,0.0018348623853211,0.0018348623853211,0.0,0.0,0.0058122091010501
U_30612276,C_674920,0.0,辽宁对外经贸学院,2020-06-19 11:40:09,4,E,781,87,0.0416666666666666,0.0,0.1082568807339449,0.1082568807339449,0.0662824207492795,0.0174242424242424,0.0641564837766573
U_24850581,C_948436,0.0,西安美术学院,2020-05-26 10:47:52,4,E,727,171,0.0277777777777777,0.0,0.0036697247706422,0.0036697247706422,0.0057636887608069,0.0015151515151515,0.0614924160155827
U_12981850,C_697076,2.0,辽宁对外经贸学院,2020-08-21 14:57:38,4,E,781,121,0.0416666666666666,0.0,0.0036697247706422,0.0036697247706422,0.0028818443804034,0.0007575757575757,0.0605598306052431
U_5152356,C_735197,0.0,华南理工大学,2020-09-16 23:48:25,4,E,211,141,0.0416666666666666,0.0,0.073394495412844,0.073394495412844,0.0489913544668587,0.0287878787878787,0.0618123620648785
U_1166910,C_948113,0.0,三亚学院,2020-05-24 19:35:01,0,A,34,166,0.1527777777777777,0.0,0.2642201834862385,0.2642201834862385,0.4121037463976945,0.1257575757575757,0.0724318322564205
U_21346946,C_801420,0.0,南京邮电大学通达学院,2020-09-04 09:42:00,4,E,229,155,0.0277777777777777,0.0,0.0036697247706422,0.0036697247706422,0.0,0.0,0.061304449878271
U_32872372,C_735164,2.0,中国医科大学,2020-09-16 08:26:16,2,C,69,138,0.0138888888888888,0.0,0.0990825688073394,0.1266055045871559,0.1440922190201729,0.0681818181818181,0.0687856556658754
U_31254943,C_1912004,2.0,辽宁对外经贸学院,2020-10-07 10:42:31,4,E,781,74,0.0416666666666666,0.0,0.0568807339449541,0.0568807339449541,0.0461095100864553,0.0318181818181818,0.0631740084738851
U_30835913,C_735115,0.0,昆明理工大学,2020-07-03 19:46:16,0,A,476,136,0.1388888888888889,0.0,0.5211009174311927,0.5211009174311927,0.6599423631123918,0.2242424242424242,0.0731494563136801
U_33329538,C_697076,0.0,辽宁对外经贸学院,2020-09-22 08:41:27,4,E,781,121,0.0416666666666666,0.0,0.0128440366972477,0.0128440366972477,0.0144092219020172,0.0037878787878787,0.0608008858478632
U_30352527,C_1829948,2.0,辽宁对外经贸学院,2020-06-04 14:53:33,4,E,781,61,0.0277777777777777,0.0,0.0073394495412844,0.0073394495412844,0.0057636887608069,0.0015151515151515,0.0629726611087242
U_14598647,C_735385,2.0,辽宁对外经贸学院,2020-10-06 09:53:44,4,E,781,146,0.0416666666666666,0.0,0.073394495412844,0.073394495412844,0.100864553314121,0.0303030303030303,0.0629228009303432
U_4830342,C_758928,0.0,陕西工院,2020-02-23 11:20:02,4,E,879,150,0.0277777777777777,0.0,0.0715596330275229,0.0715596330275229,0.0489913544668587,0.0303030303030303,0.0617746301718426
U_966521,C_735164,0.0,昆明理工大学,2020-11-05 11:25:22,0,A,476,138,0.0555555555555555,0.0,0.2862385321100917,0.2899082568807339,0.4495677233429394,0.1636363636363636,0.0689702244966347
U_32929621,C_735164,1.0,昆明理工大学,2020-09-16 15:21:46,0,A,476,138,0.1111111111111111,0.0,0.2,0.3137614678899083,0.1988472622478386,0.0734848484848484,0.0674545899681821
U_7749499,C_1017355,2.0,广州中医药大学,2020-03-07 09:37:51,1,B,423,0,0.0138888888888888,0.0,0.0311926605504587,0.0348623853211009,0.0489913544668587,0.0204545454545454,0.1130504255841024
U_29750157,C_786631,2.0,辽宁对外经贸学院,2020-05-01 08:23:05,4,E,781,154,0.0416666666666666,0.0,0.0587155963302752,0.0587155963302752,0.0432276657060518,0.0136363636363636,0.062953525259572
U_30792553,C_676646,0.0,辽宁对外经贸学院,2020-07-01 08:59:30,4,E,781,90,0.0416666666666666,0.0,0.018348623853211,0.018348623853211,0.0259365994236311,0.0068181818181818,0.0614708386618673
U_33554429,C_697076,2.0,辽宁对外经贸学院,2020-12-01 13:51:22,4,E,781,121,0.0555555555555555,0.0,0.1834862385321101,0.1834862385321101,0.2824207492795388,0.0909090909090909,0.0645731342064901
U_29921502,C_756642,2.0,昆明理工大学,2020-05-11 12:22:28,0,A,476,149,0.0694444444444444,0.0,0.0440366972477064,0.0440366972477064,0.0432276657060518,0.0128787878787878,0.0753580225226135
U_1819842,C_707358,0.0,广西科技大学,2020-05-13 08:24:19,4,E,439,134,0.0416666666666666,0.0,0.0697247706422018,0.0697247706422018,0.0461095100864553,0.034090909090909,0.0637605242313373
U_6791975,C_756642,0.0,辽宁对外经贸学院,2020-05-14 11:55:40,4,E,781,149,0.0416666666666666,0.0,0.0678899082568807,0.0678899082568807,0.0576368876080691,0.0325757575757575,0.0617378441761121
U_33246425,C_697076,2.0,辽宁对外经贸学院,2020-11-17 19:56:40,4,E,781,121,0.0277777777777777,0.0,0.0091743119266055,0.0091743119266055,0.0057636887608069,0.0022727272727272,0.0586976906178148
U_33749009,C_697076,0.0,辽宁对外经贸学院,2020-12-01 20:55:58,4,E,781,121,0.0555555555555555,0.0,0.1834862385321101,0.1834862385321101,0.2824207492795388,0.0901515151515151,0.0645767097973514
U_29590713,C_674920,1.0,辽宁对外经贸学院,2020-06-02 18:26:13,4,E,781,87,0.0416666666666666,0.0,0.018348623853211,0.018348623853211,0.0259365994236311,0.0068181818181818,0.0609370306793963
U_33344792,C_697076,1.0,辽宁对外经贸学院,2020-11-12 10:15:03,4,E,781,121,0.0416666666666666,0.0,0.0844036697247706,0.0844036697247706,0.0778097982708933,0.034090909090909,0.0607018736759946
U_33343522,C_697076,2.0,辽宁对外经贸学院,2020-11-16 21:49:07,4,E,781,121,0.0416666666666666,0.0,0.073394495412844,0.073394495412844,0.0432276657060518,0.0295454545454545,0.0605938878605795
U_13099794,C_697076,0.0,长沙理工大学,2020-09-10 23:59:28,3,D,862,121,0.125,0.0,0.018348623853211,0.018348623853211,0.0288184438040345,0.009090909090909,0.0768738700017684
U_6759253,C_1824911,2.0,重庆三峡医药高等专科学校,2020-06-10 18:16:56,4,E,822,57,0.0416666666666666,0.0,0.0256880733944954,0.0256880733944954,0.0345821325648414,0.009090909090909,0.0621224777154768
U_34269109,C_697076,2.0,辽宁对外经贸学院,2020-11-16 22:11:06,4,E,781,121,0.0416666666666666,0.0,0.055045871559633,0.055045871559633,0.0432276657060518,0.0113636363636363,0.0646793322264746
U_5204698,C_674920,0.0,西昌民族幼儿师范高等专科学校,2020-06-07 20:39:31,4,E,751,87,0.1388888888888889,0.0,0.110091743119266,0.110091743119266,0.1642651296829971,0.0446969696969697,0.0622746384207567
U_2056611,C_735164,1.0,厦门大学嘉庚学院,2020-11-30 13:33:51,0,A,242,138,0.0972222222222222,0.0,0.055045871559633,0.0568807339449541,0.0864553314121037,0.0401515151515151,0.0683728928244443
U_29826902,C_680979,2.0,辽宁对外经贸学院,2020-05-08 17:48:14,4,E,781,100,0.0416666666666666,0.0,0.018348623853211,0.018348623853211,0.0172910662824207,0.0068181818181818,0.0617121365692412
U_10433911,C_1786221,1.0,北京体育大学,2020-06-05 20:02:51,4,E,159,51,0.0277777777777777,0.0,0.0036697247706422,0.0036697247706422,0.0028818443804034,0.0015151515151515,0.0612822336724488
U_30617024,C_1829948,0.0,辽宁对外经贸学院,2020-06-19 16:07:54,4,E,781,61,0.0138888888888888,0.0,0.0220183486238532,0.0220183486238532,0.0230547550432276,0.006060606060606,0.0610221069611214
U_33219886,C_697076,1.0,辽宁对外经贸学院,2020-09-21 16:25:12,0,A,781,121,0.1111111111111111,0.0,0.036697247706422,0.036697247706422,0.0461095100864553,0.0143939393939393,0.0640964564403286
U_29805516,C_1017355,1.0,华南理工大学,2020-05-07 06:23:23,3,D,211,0,0.1388888888888889,0.0,0.055045871559633,0.055045871559633,0.0201729106628242,0.006060606060606,0.0803971146090047
U_31065725,C_801420,0.0,辽宁对外经贸学院,2020-07-26 16:04:01,4,E,781,155,0.0277777777777777,0.0,0.0110091743119266,0.0110091743119266,0.0028818443804034,0.0007575757575757,0.061622791368787
U_6240554,C_735115,2.0,广州体育学院,2020-05-11 13:00:15,0,A,425,136,0.0138888888888888,0.0,0.5211009174311927,0.5211009174311927,0.8011527377521613,0.275,0.0693110199053846
U_32594073,C_735164,1.0,昆明理工大学,2020-11-27 21:54:25,0,A,476,138,0.125,0.0,0.2862385321100917,0.2862385321100917,0.4495677233429394,0.1636363636363636,0.0690676271573815
U_7750602,C_1750793,2.0,北京体育大学,2020-04-09 19:49:14,0,A,159,17,0.0277777777777777,0.0,0.2091743119266055,0.2605504587155963,0.1786743515850144,0.0712121212121212,0.0719818723748802
U_17959055,C_697062,0.0,湖北科技学院,2020-04-26 01:20:03,0,A,633,120,0.1111111111111111,0.0,0.1871559633027523,0.2715596330275229,0.201729106628242,0.056060606060606,0.0672064231625748
U_4422972,C_1808487,1.0,中国矿业大学,2020-06-21 08:24:19,4,E,83,55,0.0555555555555555,0.0,0.0220183486238532,0.0220183486238532,0.0259365994236311,0.0136363636363636,0.0608959856696205
U_10705516,C_735164,1.0,昆明理工大学,2019-11-11 19:55:59,2,C,476,138,0.1388888888888889,0.0,0.1853211009174312,0.1853211009174312,0.170028818443804,0.0598484848484848,0.0745061999041928
U_25339152,C_735197,0.0,华南理工大学,2020-10-17 14:07:26,3,D,211,141,0.4861111111111111,0.0,0.3376146788990826,0.3376146788990826,0.5302593659942363,0.1515151515151515,0.0897480127054548
U_11129661,C_735164,2.0,昆明理工大学,2020-09-17 10:14:28,4,E,476,138,0.0416666666666666,0.0,0.0770642201834862,0.0770642201834862,0.0432276657060518,0.0325757575757575,0.062362443442876
U_33224731,C_697076,2.0,辽宁对外经贸学院,2020-09-27 17:03:54,0,A,781,121,0.0972222222222222,0.0,0.0275229357798165,0.0275229357798165,0.0432276657060518,0.0136363636363636,0.0657879634871411
U_5245125,C_674920,0.0,西昌幼儿师范高等专科学校,2020-07-07 09:39:05,4,E,742,87,0.0833333333333333,0.0,0.0660550458715596,0.0660550458715596,0.0403458213256484,0.0151515151515151,0.0696566735615513
U_15066735,C_674920,0.0,西昌民族幼儿师范高等专科学校,2020-06-29 16:41:12,4,E,751,87,0.125,0.0,0.2201834862385321,0.2201834862385321,0.3458213256484149,0.0931818181818181,0.0274616037088435
U_32594107,C_735164,1.0,昆明理工大学,2020-12-06 23:19:00,0,A,476,138,0.125,0.0,0.2862385321100917,0.3009174311926605,0.4438040345821325,0.1621212121212121,0.069609388600965
U_32577146,C_735164,2.0,昆明理工大学,2020-11-17 10:23:30,0,A,476,138,0.0972222222222222,0.0,0.1743119266055046,0.2587155963302752,0.1930835734870317,0.0583333333333333,0.0645086448100978
U_24598931,C_735283,1.0,辽宁对外经贸学院,2020-07-27 21:16:27,4,E,781,143,0.0277777777777777,0.0,0.0018348623853211,0.0018348623853211,0.0,0.0,0.0617184508051804
U_1036243,C_735164,1.0,昆明理工大学,2020-12-03 19:53:02,0,A,476,138,0.125,0.0,0.2862385321100917,0.2880733944954128,0.4495677233429394,0.1636363636363636,0.0691268423096365
U_19911185,C_948395,2.0,西安美术学院,2020-05-23 13:00:11,2,C,727,170,0.1388888888888889,0.0,0.110091743119266,0.110091743119266,0.1268011527377521,0.0742424242424242,0.073668060606478
U_29040511,C_948395,2.0,中国医科大学,2020-05-10 18:34:47,2,C,69,170,0.1388888888888889,0.0,0.073394495412844,0.073394495412844,0.063400576368876,0.0333333333333333,0.0739524092221024
U_30055799,C_677087,1.0,辽宁对外经贸学院,2020-07-08 09:57:39,4,E,781,92,0.0416666666666666,0.0,0.0678899082568807,0.0678899082568807,0.0547550432276657,0.0333333333333333,0.0625649892747798
U_34687094,C_735164,0.0,华南理工大学,2020-10-10 23:38:19,3,D,211,138,0.1666666666666666,0.0,0.181651376146789,0.2972477064220183,0.1296829971181556,0.0393939393939393,0.0865088542397216
U_6231159,C_801420,2.0,贵州师范学院,2020-08-27 17:33:26,4,E,764,155,0.0277777777777777,0.0,0.0146788990825688,0.0146788990825688,0.0086455331412103,0.0022727272727272,0.032071008193253
U_12061148,C_801420,2.0,南京邮电大学,2020-09-04 13:56:27,4,E,228,155,0.0416666666666666,0.0,0.0128440366972477,0.0128440366972477,0.0115273775216138,0.003030303030303,0.0615828259695482
U_6159274,C_735197,0.0,华南理工大学,2020-10-04 16:33:49,4,E,211,141,0.0555555555555555,0.0,0.0348623853211009,0.0348623853211009,0.0547550432276657,0.0159090909090909,0.0575113125414546
U_5825232,C_735164,2.0,华北电力大学科技学院,2020-10-29 16:50:36,0,A,207,138,0.0972222222222222,0.0,0.1889908256880734,0.2605504587155963,0.1959654178674351,0.0393939393939393,0.0627945699411873
U_32905819,C_735164,1.0,昆明理工大学,2020-09-16 13:56:14,2,C,476,138,0.0277777777777777,0.0,0.0990825688073394,0.1449541284403669,0.1066282420749279,0.05,0.0049645536023387
U_29939628,C_747056,2.0,辽宁对外经贸学院,2020-05-12 11:39:10,4,E,781,147,0.0416666666666666,0.0,0.0256880733944954,0.0256880733944954,0.0345821325648414,0.0106060606060606,0.0619020093581894
U_29807674,C_735115,0.0,昆明理工大学,2020-06-12 11:39:41,0,A,476,136,0.1388888888888889,0.0,0.5211009174311927,0.5211009174311927,0.6829971181556196,0.2303030303030303,0.0728773548396068
U_4682013,C_682392,0.0,陕西工业职业技术学院,2020-08-16 15:28:39,2,C,876,108,0.1666666666666666,0.0,0.4495412844036697,0.4495412844036697,0.2968299711815562,0.1045454545454545,0.0765477384774231
U_34320219,C_735164,2.0,昆明理工大学,2020-10-23 14:30:23,0,A,476,138,0.0416666666666666,0.0,0.2862385321100917,0.291743119266055,0.4495677233429394,0.1636363636363636,0.0688971378346812
U_32904188,C_735164,2.0,昆明理工大学,2020-10-26 16:02:34,0,A,476,138,0.0416666666666666,0.0,0.2,0.2807339449541284,0.2420749279538904,0.0651515151515151,0.0638090918484791
U_30571962,C_1829948,2.0,辽宁对外经贸学院,2020-06-16 22:56:00,4,E,781,61,0.0416666666666666,0.0,0.0220183486238532,0.0220183486238532,0.0288184438040345,0.0075757575757575,0.0615686424623091
U_15962024,C_1738818,2.0,辽宁对外经贸学院,2020-04-28 10:05:05,4,E,781,15,0.0416666666666666,0.0,0.0697247706422018,0.0697247706422018,0.0576368876080691,0.0303030303030303,0.0615544738120957
U_29884618,C_948136,2.0,辽宁对外经贸学院,2020-05-08 19:58:52,4,E,781,168,0.0277777777777777,0.0,0.0036697247706422,0.0036697247706422,0.0,0.0,0.0613594654445836
U_30030950,C_948436,0.0,辽宁对外经贸学院,2020-05-18 09:38:56,4,E,781,171,0.0416666666666666,0.0,0.0422018348623853,0.0422018348623853,0.0345821325648414,0.0007575757575757,0.0625344184681503
U_33220218,C_697076,2.0,辽宁对外经贸学院,2020-09-21 10:35:07,0,A,781,121,0.1111111111111111,0.0,0.1981651376146789,0.2825688073394495,0.2219020172910662,0.0628787878787878,0.0690466341800119
U_29710124,C_948109,0.0,辽宁对外经贸学院,2020-10-01 19:51:38,4,E,781,165,0.0416666666666666,0.0,0.1082568807339449,0.1082568807339449,0.0518731988472622,0.0681818181818181,0.0643386210075372
U_20344154,C_948078,0.0,重庆大学,2020-02-14 19:35:37,4,E,835,164,0.0416666666666666,0.0,0.0862385321100917,0.0862385321100917,0.0518731988472622,0.031060606060606,0.0627054030250419
U_26328922,C_948395,1.0,西安美术学院,2020-05-12 16:08:30,0,A,727,170,0.0138888888888888,0.0,0.1779816513761468,0.2403669724770642,0.2219020172910662,0.0659090909090909,0.0588738998954248
U_33343402,C_697076,2.0,辽宁对外经贸学院,2020-11-23 14:58:53,4,E,781,121,0.0416666666666666,0.0,0.0807339449541284,0.0807339449541284,0.0489913544668587,0.0378787878787878,0.065475500426476
U_32894884,C_677087,1.0,辽宁对外经贸学院,2020-09-16 16:56:20,4,E,781,92,0.0416666666666666,0.0,0.036697247706422,0.036697247706422,0.0432276657060518,0.0113636363636363,0.062043988048496
U_11066206,C_676646,0.0,天津商业大学,2020-08-11 06:48:21,4,E,316,90,0.0416666666666666,0.0,0.0660550458715596,0.0660550458715596,0.0547550432276657,0.0325757575757575,0.0631691403217846
U_29969231,C_1732845,2.0,中国医科大学,2020-05-13 22:45:11,2,C,69,13,0.0833333333333333,0.0,0.2660550458715596,0.2660550458715596,0.3746397694524495,0.0984848484848484,0.0731049644739328
U_6241440,C_735115,1.0,广州体育学院,2020-05-11 15:43:50,0,A,425,136,0.125,0.0,0.3486238532110092,0.3486238532110092,0.5302593659942363,0.1818181818181818,0.0670194474936457
U_30265562,C_680814,1.0,辽宁对外经贸学院,2020-05-29 12:21:38,4,E,781,96,0.0416666666666666,0.0,0.0678899082568807,0.0678899082568807,0.0605187319884726,0.0325757575757575,0.0613706973560425
U_9054434,C_786631,0.0,河北师范大学,2020-02-11 21:10:30,0,A,556,154,0.1111111111111111,0.0,0.1963302752293578,0.2880733944954128,0.2103746397694524,0.053030303030303,0.0681067391130086
U_31088985,C_682675,2.0,辽宁对外经贸学院,2020-07-29 09:34:22,4,E,781,114,0.0416666666666666,0.0,0.0165137614678899,0.0165137614678899,0.0230547550432276,0.006060606060606,0.0613425581492923
U_33283875,C_735164,2.0,昆明理工大学,2020-11-29 13:20:25,4,E,476,138,0.0416666666666666,0.0,0.0091743119266055,0.0091743119266055,0.0144092219020172,0.006060606060606,0.0610937326822105
U_30899314,C_1808023,1.0,辽宁对外经贸学院,2020-07-08 10:31:52,4,E,781,54,0.0416666666666666,0.0,0.036697247706422,0.036697247706422,0.0115273775216138,0.003030303030303,0.0623935342454064
U_25702626,C_1829948,1.0,北方民族大学,2020-06-18 09:11:00,4,E,190,61,0.0138888888888888,0.0,0.0073394495412844,0.0073394495412844,0.0057636887608069,0.0015151515151515,0.0605090740529758
U_32743840,C_735164,1.0,昆明理工大学,2020-12-04 15:29:50,4,E,476,138,0.0416666666666666,0.0,0.018348623853211,0.0238532110091743,0.0288184438040345,0.0136363636363636,0.0611632685150124
U_4681889,C_682392,0.0,陕西工业职业技术学院,2020-07-30 14:12:33,1,B,876,108,0.0138888888888888,0.0,0.4495412844036697,0.4495412844036697,0.585014409221902,0.1984848484848485,0.1017931680392819
U_28976297,C_948436,2.0,辽宁对外经贸学院,2020-05-18 00:23:36,4,E,781,171,0.0277777777777777,0.0,0.0055045871559633,0.0055045871559633,0.0057636887608069,0.0,0.0613339064079701
U_34343775,C_697076,2.0,辽宁对外经贸学院,2020-10-13 05:38:40,4,E,781,121,0.0416666666666666,0.0,0.0091743119266055,0.0091743119266055,0.0086455331412103,0.003030303030303,0.0289340885486786
U_29060861,C_773985,2.0,华南理工大学,2020-07-29 07:51:26,3,D,211,153,0.1527777777777777,0.0,0.1027522935779816,0.1027522935779816,0.0749279538904899,0.0204545454545454,0.0830944522030514
U_5256459,C_674920,0.0,辽宁对外经贸学院,2020-06-12 18:03:57,4,E,781,87,0.0277777777777777,0.0,0.0770642201834862,0.0770642201834862,0.0518731988472622,0.0295454545454545,0.0613494022858162
U_7872915,C_1829948,0.0,北方民族大学,2020-06-16 14:59:52,4,E,190,61,0.0277777777777777,0.0,0.0825688073394495,0.0825688073394495,0.0576368876080691,0.0151515151515151,0.063121414602768
U_5256545,C_674920,0.0,西昌民族幼儿高等专科学校,2020-07-02 10:27:47,4,E,755,87,0.1527777777777777,0.0,0.0220183486238532,0.0220183486238532,0.0345821325648414,0.0212121212121212,0.0447298380596461
U_5314052,C_1750793,0.0,内蒙古农业大学职业技术学院,2020-05-20 20:54:22,0,A,142,17,0.0416666666666666,0.0,0.036697247706422,0.036697247706422,0.0432276657060518,0.0227272727272727,0.0697786546952129
U_30576959,C_1829948,0.0,辽宁对外经贸学院,2020-06-17 10:43:30,4,E,781,61,0.0416666666666666,0.0,0.0073394495412844,0.0073394495412844,0.0057636887608069,0.0015151515151515,0.0612373753594
U_31271910,C_801420,2.0,辽宁对外经贸学院,2020-08-20 23:14:06,4,E,781,155,0.0277777777777777,0.0,0.0110091743119266,0.0110091743119266,0.0115273775216138,0.003030303030303,0.0615207533160094
U_6758229,C_1824911,1.0,重庆三峡医药高等专科学校,2020-06-10 18:14:31,4,E,822,57,0.0555555555555555,0.0,0.0623853211009174,0.0623853211009174,0.0979827089337175,0.0257575757575757,0.0621606008435238
U_14104354,C_697062,0.0,大连理工大学,2020-04-08 13:52:45,0,A,309,120,0.125,0.0,0.1853211009174312,0.2715596330275229,0.2247838616714697,0.0621212121212121,0.0669099066428699
U_14409225,C_735115,0.0,广州体育学院,2020-05-11 10:01:50,0,A,425,136,0.1111111111111111,0.0,0.2935779816513761,0.2935779816513761,0.4149855907780979,0.1409090909090909,0.0669641991672632
U_11969707,C_948488,0.0,合肥工业大学宣城校区,2020-03-06 14:49:10,3,D,249,172,0.0555555555555555,0.2,0.2091743119266055,0.2899082568807339,0.2190201729106628,0.0515151515151515,0.0838512492848436
U_33230419,C_1912004,1.0,辽宁对外经贸学院,2020-09-21 10:33:23,4,E,781,74,0.0277777777777777,0.0,0.0055045871559633,0.0055045871559633,0.0086455331412103,0.0022727272727272,0.0617963660004992
U_14946384,C_674920,1.0,西昌民族幼儿师范高等专科学校,2020-06-04 09:18:43,4,E,751,87,0.0416666666666666,0.0,0.0899082568807339,0.0899082568807339,0.0893371757925072,0.0212121212121212,0.0595818817429796
U_16768466,C_1776290,2.0,河北农业大学,2020-04-27 22:08:19,0,A,545,48,0.1111111111111111,0.0,0.2091743119266055,0.2752293577981651,0.2305475504322766,0.0931818181818181,0.0725470088722935
U_4681777,C_682392,0.0,陕西工业职业技术学院,2020-08-19 16:42:13,0,A,876,108,0.1527777777777777,0.0,0.4495412844036697,0.4495412844036697,0.6743515850144092,0.2333333333333333,0.0718165632018209
U_16291907,C_948113,2.0,辽宁对外经贸学院,2020-06-25 10:04:15,4,E,781,166,0.0416666666666666,0.0,0.0330275229357798,0.0330275229357798,0.0489913544668587,0.0151515151515151,0.061767424514359
U_6872929,C_697076,2.0,辽宁对外经贸学院,2020-09-21 20:32:04,2,C,781,121,0.1527777777777777,0.0,0.1229357798165137,0.1229357798165137,0.1469740634005763,0.0666666666666666,0.0772167255847542
U_33807059,C_682392,0.0,昆明理工大学,2020-09-26 19:41:28,0,A,476,108,0.0972222222222222,0.0,0.0036697247706422,0.0036697247706422,0.0,0.0,0.0438992960726237
U_27722921,C_697107,1.0,昆明理工大学津桥学院,2020-07-06 09:07:51,3,D,480,122,0.1666666666666666,0.0,0.236697247706422,0.236697247706422,0.132564841498559,0.0371212121212121,0.0847816358553738
U_7374691,C_1824911,2.0,辽宁对外经贸学院,2020-06-10 18:23:06,4,E,781,57,0.1111111111111111,0.0,0.0623853211009174,0.0623853211009174,0.0893371757925072,0.0234848484848484,0.0601711807165869
U_7499809,C_1824911,2.0,重庆三峡医药高等专科学校,2020-06-30 19:49:06,4,E,822,57,0.0555555555555555,0.0,0.0862385321100917,0.0862385321100917,0.1354466858789625,0.0356060606060606,0.0629988094740254
U_30689893,C_735197,0.0,昆明理工大学,2020-09-17 17:01:11,0,A,476,141,0.0972222222222222,0.0,0.0440366972477064,0.0440366972477064,0.0461095100864553,0.0128787878787878,0.0615900712457671
U_29209093,C_1736024,1.0,辽宁对外经贸学院,2020-04-06 11:06:10,4,E,781,14,0.0833333333333333,0.0,0.0605504587155963,0.0605504587155963,0.0288184438040345,0.0424242424242424,0.0596923437293512
U_19140483,C_677087,2.0,辽宁对外经贸学院,2020-06-12 10:27:23,4,E,781,92,0.0416666666666666,0.0,0.0935779816513761,0.0935779816513761,0.0749279538904899,0.0196969696969696,0.0640078986622385
U_32523349,C_735164,1.0,昆明理工大学,2020-09-18 20:03:03,0,A,476,138,0.0138888888888888,0.0,0.1889908256880734,0.2642201834862385,0.2132564841498559,0.0583333333333333,0.0660269288414738
U_17819592,C_948120,0.0,中国农业大学,2020-10-04 09:06:14,2,C,67,167,0.1111111111111111,0.0,0.0935779816513761,0.0935779816513761,0.1210374639769452,0.0393939393939393,0.0794665051830884
U_16141020,C_674920,2.0,辽宁对外经贸学院,2020-06-16 18:06:17,4,E,781,87,0.125,0.0,0.055045871559633,0.055045871559633,0.0662824207492795,0.0174242424242424,0.0619638393469744
U_19894961,C_948395,0.0,西安美术学院,2020-05-25 21:14:32,4,E,727,170,0.0416666666666666,0.0,0.073394495412844,0.073394495412844,0.0864553314121037,0.05,0.0625750524335473
U_2156647,C_735164,0.0,太原工业学院,2020-09-16 13:49:27,0,A,329,138,0.1111111111111111,0.0,0.1981651376146789,0.2623853211009174,0.2161383285302593,0.0484848484848484,0.0571849036859623
U_31066785,C_682392,0.0,昆明理工大学,2020-08-17 12:32:49,0,A,476,108,0.0833333333333333,0.0,0.4495412844036697,0.4495412844036697,0.6023054755043227,0.2106060606060606,0.1187290841250913
U_26603963,C_1829948,0.0,北方民族大学,2020-06-17 12:25:38,4,E,190,61,0.0138888888888888,0.0,0.0311926605504587,0.0311926605504587,0.0230547550432276,0.006060606060606,0.06128547250406
U_5832612,C_1824926,2.0,武汉职业技术学院,2020-07-06 13:19:57,0,A,511,58,0.0972222222222222,0.0,0.1486238532110091,0.255045871559633,0.1873198847262247,0.0537878787878787,0.0644015900349623
U_33220475,C_697076,1.0,辽宁对外经贸学院,2020-10-14 08:23:31,4,E,781,121,0.0416666666666666,0.0,0.0275229357798165,0.0275229357798165,0.0288184438040345,0.0075757575757575,0.0599810850722526
U_33604997,C_1912004,1.0,辽宁对外经贸学院,2020-09-24 16:58:26,4,E,781,74,0.0277777777777777,0.0,0.0073394495412844,0.0073394495412844,0.0086455331412103,0.0022727272727272,0.0618717852154938
U_12934643,C_1714448,2.0,中国医科大学,2020-03-18 14:49:12,0,A,69,8,0.0138888888888888,0.0,0.1908256880733945,0.2587155963302752,0.2046109510086455,0.0598484848484848,0.0669069500947478
U_29841905,C_735195,2.0,辽宁对外经贸学院,2020-11-21 12:38:33,4,E,781,140,0.0416666666666666,0.0,0.0440366972477064,0.0440366972477064,0.0489913544668587,0.0136363636363636,0.0628639126326545
U_3282223,C_735195,2.0,河北大学,2020-10-25 09:13:24,1,B,551,140,0.2222222222222222,0.0,0.0513761467889908,0.0513761467889908,0.0605187319884726,0.0174242424242424,0.1139802574923383
U_30433923,C_948436,1.0,辽宁对外经贸学院,2020-07-01 12:35:34,4,E,781,171,0.0416666666666666,0.0,0.036697247706422,0.036697247706422,0.0288184438040345,0.0007575757575757,0.0623690201529366
U_118955,C_813262,2.0,辽宁对外经贸学院,2019-10-28 17:13:33,4,E,781,157,0.0138888888888888,0.0,0.0660550458715596,0.0660550458715596,0.0518731988472622,0.0303030303030303,0.0596855689256141
U_30686089,C_756642,0.0,辽宁对外经贸学院,2020-06-25 21:30:35,4,E,781,149,0.0277777777777777,0.0,0.0091743119266055,0.0091743119266055,0.0144092219020172,0.0053030303030303,0.0616423135006084
U_16298200,C_825821,2.0,辽宁对外经贸学院,2020-06-28 17:00:40,4,E,781,159,0.0416666666666666,0.0,0.0018348623853211,0.0018348623853211,0.0,0.0,0.0614788515510827
U_31090967,C_801420,2.0,辽宁对外经贸学院,2020-07-29 09:51:24,4,E,781,155,0.0416666666666666,0.0,0.0055045871559633,0.0055045871559633,0.0,0.0,0.0614445219169411
U_33230481,C_1912004,1.0,辽宁对外经贸学院,2020-09-21 12:26:47,4,E,781,74,0.0416666666666666,0.0,0.0091743119266055,0.0091743119266055,0.0115273775216138,0.003030303030303,0.0609588556502073
U_29790956,C_674920,0.0,辽宁对外经贸学院,2020-05-06 10:22:12,4,E,781,87,0.0416666666666666,0.0,0.018348623853211,0.018348623853211,0.0230547550432276,0.006060606060606,0.0609710433636554
U_8138302,C_707013,0.0,五邑大学,2020-11-03 19:29:41,4,E,119,129,0.0416666666666666,0.0,0.036697247706422,0.036697247706422,0.0288184438040345,0.0075757575757575,0.0607581124707598
U_33246469,C_697076,2.0,辽宁对外经贸学院,2020-11-23 11:35:59,0,A,781,121,0.0833333333333333,0.0,0.0568807339449541,0.0568807339449541,0.0518731988472622,0.0143939393939393,0.0726336550464051
U_33343328,C_697076,2.0,辽宁对外经贸学院,2020-11-16 13:10:00,4,E,781,121,0.0416666666666666,0.0,0.073394495412844,0.073394495412844,0.0230547550432276,0.0212121212121212,0.0640713282574615
U_25286271,C_948395,1.0,西安美术学院,2020-05-25 12:48:31,2,C,727,170,0.1527777777777777,0.0,0.110091743119266,0.110091743119266,0.1181556195965417,0.0651515151515151,0.0739346154576086
U_4458719,C_735197,1.0,华南理工大学,2020-10-19 23:24:36,3,D,211,141,0.1944444444444444,0.0,0.1504587155963302,0.2587155963302752,0.0749279538904899,0.1674242424242424,0.0696823960254479
U_22843967,C_676635,2.0,西安美术学院,2020-06-06 16:30:10,0,A,727,89,0.0972222222222222,0.0,0.0642201834862385,0.0642201834862385,0.100864553314121,0.0265151515151515,0.0693464390547471
U_33416118,C_674959,1.0,辽宁对外经贸学院,2020-09-23 01:55:58,4,E,781,88,0.0277777777777777,0.0,0.0073394495412844,0.0073394495412844,0.0115273775216138,0.0037878787878787,0.0616453591908849
U_19774078,C_735283,0.0,辽宁对外经贸学院,2020-06-12 04:48:13,4,E,781,143,0.0416666666666666,0.0,0.0697247706422018,0.0697247706422018,0.0576368876080691,0.0325757575757575,0.0616826453731487
U_19969138,C_948120,0.0,中国农业大学,2020-09-29 15:35:29,4,E,67,167,0.0416666666666666,0.0,0.0293577981651376,0.0293577981651376,0.0403458213256484,0.0106060606060606,0.0619762251540991
U_2964139,C_786631,0.0,湖南工学院,2020-06-01 16:48:58,0,A,642,154,0.2777777777777778,0.0,0.255045871559633,0.255045871559633,0.4005763688760806,0.1409090909090909,0.0702650241944983
U_9742858,C_1864065,0.0,湖北理工学院,2020-07-06 16:59:38,4,E,631,67,0.0138888888888888,0.0,0.0807339449541284,0.0807339449541284,0.0835734870317002,0.0424242424242424,0.0616431058753145
U_30584185,C_735283,1.0,辽宁对外经贸学院,2020-06-17 15:56:30,4,E,781,143,0.0416666666666666,0.0,0.0697247706422018,0.0697247706422018,0.0518731988472622,0.0325757575757575,0.0624865887499536
U_33219013,C_697076,2.0,辽宁对外经贸学院,2020-09-24 10:46:53,2,C,781,121,0.1805555555555555,0.0,0.1412844036697247,0.1412844036697247,0.1844380403458213,0.0659090909090909,0.0777812578964541
U_1553824,C_1750793,0.0,北京体育大学,2020-06-16 20:04:13,0,A,159,17,0.0694444444444444,0.0,0.036697247706422,0.036697247706422,0.0461095100864553,0.0242424242424242,0.0699378922970867
U_30452112,C_801420,1.0,辽宁对外经贸学院,2020-08-21 09:09:12,4,E,781,155,0.0277777777777777,0.0,0.0128440366972477,0.0128440366972477,0.0057636887608069,0.0015151515151515,0.0616641978995224
U_25273577,C_948395,1.0,西安美术学院,2020-05-31 10:10:58,3,D,727,170,0.0138888888888888,0.0,0.110091743119266,0.110091743119266,0.1210374639769452,0.0666666666666666,0.0798407239474098
U_10727163,C_1750793,1.0,北京体育大学,2020-04-15 17:24:25,0,A,159,17,0.0138888888888888,0.0,0.2055045871559633,0.255045871559633,0.1786743515850144,0.0719696969696969,0.0723187554335187
U_7112328,C_1017355,2.0,广州中医药大学,2020-05-05 13:36:15,3,D,423,0,0.125,0.0,0.0825688073394495,0.0825688073394495,0.0403458213256484,0.0121212121212121,0.0807428177885905
U_31066537,C_682392,0.0,昆明理工大学,2020-08-05 07:23:45,0,A,476,108,0.0972222222222222,0.0,0.1229357798165137,0.2587155963302752,0.1815561959654178,0.0431818181818181,0.0460953621523707
U_21099223,C_948120,0.0,辽宁对外经贸学院,2020-10-03 08:51:16,4,E,781,167,0.0416666666666666,0.0,0.0275229357798165,0.0275229357798165,0.0374639769452449,0.0106060606060606,0.0611296421134224
U_21047461,C_1732845,0.0,铜仁学院,2020-03-25 23:40:31,3,D,850,13,0.1527777777777777,0.0,0.2073394495412844,0.2513761467889908,0.1296829971181556,0.1159090909090909,0.0858029474234284
U_30843551,C_823315,1.0,辽宁对外经贸学院,2020-07-04 19:04:14,4,E,781,158,0.0416666666666666,0.0,0.0788990825688073,0.0788990825688073,0.1152737752161383,0.0333333333333333,0.0627351319335463
U_5257552,C_674920,0.0,辽宁对外经贸学院,2020-06-16 23:30:05,4,E,781,87,0.1527777777777777,0.0,0.0862385321100917,0.0862385321100917,0.063400576368876,0.0295454545454545,0.0625977985399541
U_29898935,C_948136,2.0,辽宁对外经贸学院,2020-05-09 17:39:42,4,E,781,168,0.0416666666666666,0.0,0.0128440366972477,0.0128440366972477,0.0144092219020172,0.0037878787878787,0.0615665080029446
U_30686695,C_674920,2.0,辽宁对外经贸学院,2020-06-25 23:37:59,4,E,781,87,0.0416666666666666,0.0,0.0018348623853211,0.0018348623853211,0.0,0.0,0.0605643570457517
U_33443307,C_697076,0.0,辽宁对外经贸学院,2020-11-19 20:49:05,4,E,781,121,0.0,0.0,0.0385321100917431,0.0385321100917431,0.0605187319884726,0.0393939393939393,0.05991843299471
U_6159297,C_735197,0.0,华南理工大学,2020-09-23 19:02:07,4,E,211,141,0.0416666666666666,0.0,0.0,0.0,0.0,0.0606060606060606,0.0444387813978535
U_33224354,C_697076,2.0,辽宁对外经贸学院,2020-11-02 22:17:42,4,E,781,121,0.0416666666666666,0.0,0.036697247706422,0.036697247706422,0.0374639769452449,0.0106060606060606,0.06157428813209
U_32099290,C_1992917,1.0,辽宁对外经贸学院,2020-09-07 09:44:53,4,E,781,80,0.0416666666666666,0.0,0.0752293577981651,0.0752293577981651,0.0547550432276657,0.0318181818181818,0.0622020717547041
U_29807010,C_1017355,2.0,华南理工大学,2020-05-07 09:08:15,3,D,211,0,0.1388888888888889,0.0,0.0660550458715596,0.0660550458715596,0.0374639769452449,0.0106060606060606,0.0806473564458736
U_33841904,C_735164,2.0,昆明理工大学,2020-12-07 17:08:15,0,A,476,138,0.125,0.0,0.2862385321100917,0.2899082568807339,0.446685878962536,0.1628787878787878,0.0692200701461506
U_32484525,C_674959,1.0,辽宁对外经贸学院,2020-09-12 00:32:15,4,E,781,88,0.0416666666666666,0.0,0.0073394495412844,0.0073394495412844,0.0086455331412103,0.0022727272727272,0.0620253622905609
U_25702639,C_735197,2.0,辽宁对外经贸学院,2020-09-11 20:09:49,4,E,781,141,0.0277777777777777,0.0,0.0091743119266055,0.0091743119266055,0.0144092219020172,0.0037878787878787,0.0606408806329929
U_371769,C_735164,0.0,河南科技大学农学院,2020-09-16 10:35:35,4,E,578,138,0.0416666666666666,0.0,0.0807339449541284,0.0807339449541284,0.0489913544668587,0.0272727272727272,0.0615226203489107
U_14911736,C_674920,2.0,西昌民族幼儿师范高等专科学校,2020-06-16 21:04:28,4,E,751,87,0.0416666666666666,0.0,0.018348623853211,0.018348623853211,0.0288184438040345,0.0075757575757575,0.0630572966320191
U_30170144,C_786631,0.0,昆明理工大学,2020-05-25 15:55:27,0,A,476,154,0.1944444444444444,0.0,0.255045871559633,0.255045871559633,0.3804034582132564,0.1340909090909091,0.0713342298611946
U_11323993,C_697766,0.0,武汉职业技术学院,2020-07-07 09:30:00,4,E,511,128,0.0416666666666666,0.0,0.055045871559633,0.055045871559633,0.0749279538904899,0.0212121212121212,0.0623710109943856
U_33218305,C_697076,2.0,辽宁对外经贸学院,2020-10-03 20:08:46,3,D,781,121,0.1666666666666666,0.0,0.2110091743119266,0.2110091743119266,0.2593659942363112,0.081060606060606,0.0827514282404406
U_31063241,C_735115,1.0,辽宁对外经贸学院,2020-07-26 08:43:03,4,E,781,136,0.0833333333333333,0.0,0.5211009174311927,0.5211009174311927,0.2795389048991354,0.0856060606060606,0.0782409590345375
U_6159298,C_735197,0.0,华南理工大学,2020-10-04 22:14:12,3,D,211,141,0.1666666666666666,0.0,0.1853211009174312,0.255045871559633,0.0979827089337175,0.1583333333333333,0.0876343630816279
U_6766317,C_1824911,0.0,三峡医专,2020-06-11 09:24:29,4,E,35,57,0.0416666666666666,0.0,0.0623853211009174,0.0623853211009174,0.0951008645533141,0.025,0.0610327891626279
U_28609714,C_735283,1.0,辽宁对外经贸学院,2020-06-01 22:39:09,4,E,781,143,0.0277777777777777,0.0,0.0073394495412844,0.0073394495412844,0.0086455331412103,0.0022727272727272,0.0618426753497286
U_19820532,C_808528,1.0,东北师范大学,2020-02-20 11:44:59,0,A,47,156,0.1111111111111111,0.0,0.1963302752293578,0.2752293577981651,0.2190201729106628,0.059090909090909,0.068533789460859
U_34402745,C_697076,1.0,辽宁对外经贸学院,2020-10-07 18:49:24,4,E,781,121,0.0416666666666666,0.0,0.0844036697247706,0.0844036697247706,0.0749279538904899,0.0333333333333333,0.0621348536179176
U_32094629,C_682392,0.0,昆明理工大学,2020-09-26 16:02:22,0,A,476,108,0.125,0.0,0.1394495412844036,0.2697247706422018,0.1440922190201729,0.0272727272727272,0.0626340348257323
U_30427828,C_674920,0.0,辽宁对外经贸学院,2020-06-10 01:22:30,4,E,781,87,0.0416666666666666,0.0,0.128440366972477,0.128440366972477,0.0576368876080691,0.0151515151515151,0.065088148051401
U_28160716,C_786631,2.0,昆明理工大学,2020-03-03 14:35:02,0,A,476,154,0.0416666666666666,0.0,0.1669724770642202,0.273394495412844,0.2103746397694524,0.0659090909090909,0.0653556983232562
U_12072328,C_1992950,0.0,内蒙古农业大学,2020-10-29 23:36:26,4,E,141,83,0.0416666666666666,0.0,0.0073394495412844,0.0073394495412844,0.0115273775216138,0.0606060606060606,0.0608241866165644
U_11129701,C_1410126,2.0,昆明理工大学,2020-06-10 09:14:30,0,A,476,2,0.0138888888888888,0.0,0.0165137614678899,0.0165137614678899,0.0201729106628242,0.0098484848484848,0.0689374548501957
U_4723436,C_1017355,0.0,云南中医学院,2020-05-05 16:27:46,4,E,103,0,0.0277777777777777,0.0,0.0091743119266055,0.0091743119266055,0.0115273775216138,0.003030303030303,0.0616237471707762
U_11991145,C_948488,1.0,昆明理工大学,2020-03-02 17:07:52,0,A,476,172,0.0138888888888888,0.0,0.1926605504587156,0.2788990825688073,0.201729106628242,0.0613636363636363,0.0671849349510139
U_1394286,C_1750793,0.0,北京体育大学,2020-06-16 14:18:35,0,A,159,17,0.0833333333333333,0.0,0.036697247706422,0.036697247706422,0.0547550432276657,0.0287878787878787,0.06995741938125
U_2104160,C_1828106,0.0,HUST,2020-08-27 21:18:20,4,E,12,59,0.0416666666666666,0.0,0.0091743119266055,0.0091743119266055,0.0086455331412103,0.0454545454545454,0.0631918765235076
U_8488466,C_735197,1.0,华南理工大学,2020-09-07 10:24:17,3,D,211,141,0.1527777777777777,0.0,0.1798165137614679,0.3027522935779816,0.0806916426512968,0.1795454545454545,0.0882710955860789
U_12502559,C_813262,0.0,陕西工业职业技术学院,2019-11-14 16:52:52,0,A,876,157,0.0416666666666666,0.0,0.181651376146789,0.2660550458715596,0.2074927953890489,0.0583333333333333,0.0677817416749615
U_29644605,C_1755940,2.0,华南理工大学,2020-04-25 14:18:25,3,D,211,23,0.1527777777777777,0.0,0.1064220183486238,0.1064220183486238,0.1123919308357348,0.031060606060606,0.0812291476691406
U_25373611,C_948395,0.0,华南理工大学,2020-05-26 14:02:18,3,D,211,170,0.1805555555555555,0.0,0.110091743119266,0.110091743119266,0.1123919308357348,0.0621212121212121,0.0817025420326138
U_22272966,C_1829948,1.0,北方民族大学,2020-06-16 12:30:12,1,B,190,61,0.8472222222222222,0.0,0.4770642201834862,0.4770642201834862,0.5216138328530259,0.1371212121212121,0.1061889954822386
U_30348537,C_1829948,2.0,中国医科大学,2020-06-04 10:35:42,2,C,69,61,0.3194444444444444,0.0,0.3339449541284404,0.3339449541284404,0.4582132564841498,0.1204545454545454,0.0718308507082402
U_14492374,C_747056,2.0,宝鸡文理学院,2020-05-12 19:33:07,4,E,356,147,0.0416666666666666,0.0,0.0513761467889908,0.0513761467889908,0.0778097982708933,0.0257575757575757,0.061850287099249
U_30352137,C_1829948,1.0,辽宁对外经贸学院,2020-06-04 14:35:09,4,E,781,61,0.0416666666666666,0.0,0.018348623853211,0.018348623853211,0.0172910662824207,0.0045454545454545,0.0615538498170147
U_7715647,C_756642,2.0,辽宁对外经贸学院,2020-05-11 19:33:12,4,E,781,149,0.0416666666666666,0.0,0.0678899082568807,0.0678899082568807,0.0547550432276657,0.0318181818181818,0.063134582879915
U_11964855,C_1714448,0.0,中国医科大学,2020-05-12 13:01:57,2,C,69,8,0.1388888888888889,0.0,0.1449541284403669,0.1449541284403669,0.1498559077809798,0.0393939393939393,0.0767301480871083
U_18588424,C_1776290,0.0,昆明理工大学,2020-05-14 10:28:45,0,A,476,48,0.0833333333333333,0.0,0.0220183486238532,0.0220183486238532,0.0345821325648414,0.0227272727272727,0.0685352900204587
U_343291,C_735385,0.0,燕京理工学院,2020-07-20 19:56:44,4,E,654,146,0.0416666666666666,0.0,0.018348623853211,0.018348623853211,0.0144092219020172,0.0037878787878787,0.0600388937594042
U_30348420,C_1829948,2.0,中国医科大学,2020-06-04 10:29:46,2,C,69,61,0.2777777777777778,0.0,0.4770642201834862,0.4770642201834862,0.4553314121037464,0.1196969696969696,0.0762242614083433
U_14655002,C_786631,1.0,北华航天工业学院,2020-04-29 20:29:29,0,A,186,154,0.1111111111111111,0.0,0.2128440366972477,0.2825688073394495,0.239193083573487,0.0803030303030303,0.0724093288147674
U_16611501,C_1761368,1.0,昆明理工大学,2020-07-21 16:55:32,0,A,476,31,0.0972222222222222,0.0,0.0990825688073394,0.0990825688073394,0.1527377521613832,0.0507575757575757,0.1091433942879686
U_29909310,C_696674,0.0,辽宁对外经贸学院,2020-05-24 23:48:23,4,E,781,118,0.0416666666666666,0.0,0.0715596330275229,0.0715596330275229,0.0691642651296829,0.0325757575757575,0.0618168241249422
U_33555010,C_697076,2.0,辽宁对外经贸学院,2020-11-08 11:46:17,4,E,781,121,0.0277777777777777,0.0,0.0073394495412844,0.0073394495412844,0.0028818443804034,0.0007575757575757,0.0611033847965992
U_5794901,C_1824911,2.0,重庆市万州区三峡医药高等专科学校,2020-06-10 20:42:55,4,E,839,57,0.0416666666666666,0.0,0.0623853211009174,0.0623853211009174,0.0778097982708933,0.0204545454545454,0.0619183372294769
U_29973494,C_813262,1.0,昆明理工大学,2020-06-13 08:22:20,0,A,476,157,0.0277777777777777,0.0,0.2954128440366972,0.2954128440366972,0.4438040345821325,0.3181818181818182,0.0709842726199054
U_33366216,C_697076,1.0,辽宁对外经贸学院,2020-11-19 13:02:43,4,E,781,121,0.0555555555555555,0.0,0.1779816513761468,0.1779816513761468,0.170028818443804,0.0492424242424242,0.0662129784224652
U_18436059,C_1771156,2.0,辽宁对外经贸学院,2020-06-05 18:50:19,4,E,781,36,0.0416666666666666,0.0,0.0678899082568807,0.0678899082568807,0.0576368876080691,0.0318181818181818,0.0613039249300282
U_29804691,C_735283,0.0,辽宁对外经贸学院,2020-06-30 18:17:27,4,E,781,143,0.0277777777777777,0.0,0.0036697247706422,0.0036697247706422,0.0057636887608069,0.0015151515151515,0.0617258496039985
U_34679342,C_697076,2.0,辽宁对外经贸学院,2020-10-10 18:47:42,4,E,781,121,0.0416666666666666,0.0,0.0825688073394495,0.0825688073394495,0.0691642651296829,0.0348484848484848,0.0617427370899222
U_15024807,C_735385,1.0,中国医科大学,2020-06-20 08:09:29,2,C,69,146,0.1666666666666666,0.0,0.1688073394495413,0.1688073394495413,0.1815561959654178,0.0492424242424242,0.0740523771959602
U_2906039,C_756642,2.0,广西卫生职业技术学院,2020-05-11 19:30:47,2,C,436,149,0.1111111111111111,0.0,0.0091743119266055,0.0091743119266055,0.0144092219020172,0.0053030303030303,0.0718763231116862
U_31632633,C_1992917,0.0,辽宁对外经贸学院,2020-09-08 09:46:59,4,E,781,80,0.0416666666666666,0.0,0.0715596330275229,0.0715596330275229,0.0403458213256484,0.0439393939393939,0.0614884590943941
U_14348157,C_682392,0.0,陕西工业职业技术学院,2020-09-08 13:01:32,4,E,876,108,0.1805555555555555,0.0,0.073394495412844,0.073394495412844,0.0835734870317002,0.0257575757575757,0.0634738480150137
U_7749387,C_1017355,2.0,广州中医药大学,2020-04-09 11:53:21,0,A,423,0,0.125,0.0,0.1504587155963302,0.2568807339449541,0.2103746397694524,0.0825757575757575,0.0629755928951368
U_30552670,C_697107,0.0,辽宁对外经贸学院,2020-06-16 11:02:27,4,E,781,122,0.0277777777777777,0.0,0.0036697247706422,0.0036697247706422,0.0028818443804034,0.0007575757575757,0.0612821643396621
U_3560504,C_735164,1.0,红河学院,2020-09-16 08:19:17,0,A,684,138,0.125,0.0,0.2018348623853211,0.2018348623853211,0.2190201729106628,0.0,0.0840894767402314
U_7767187,C_1829948,0.0,北方民族大学,2020-06-19 11:19:06,4,E,190,61,0.0138888888888888,0.0,0.0073394495412844,0.0073394495412844,0.0028818443804034,0.0007575757575757,0.0605430867372349
U_30078828,C_948395,0.0,昆明理工大学,2020-05-19 22:34:22,0,A,476,170,0.1111111111111111,0.0,0.1871559633027523,0.2715596330275229,0.2190201729106628,0.0674242424242424,0.0707342982094998
U_28685343,C_735164,1.0,辽宁对外经贸学院,2020-11-16 15:33:40,4,E,781,138,0.0555555555555555,0.0,0.1229357798165137,0.1577981651376147,0.170028818443804,0.0681818181818181,0.0650821309559766
U_32028059,C_801420,2.0,辽宁对外经贸学院,2020-09-05 08:49:07,4,E,781,155,0.0277777777777777,0.0,0.0055045871559633,0.0055045871559633,0.0,0.0,0.0614305414557204
U_19769795,C_948113,2.0,西安思源学院,2020-03-03 12:57:17,0,A,721,166,0.1111111111111111,0.0,0.1944954128440367,0.273394495412844,0.2132564841498559,0.0598484848484848,0.0668414850869985
U_17894925,C_786631,1.0,北华航天工业学院,2020-04-23 10:42:28,0,A,186,154,0.0277777777777777,0.0,0.1669724770642202,0.2587155963302752,0.2334293948126801,0.0901515151515151,0.0673962563327877
U_7593075,C_1732845,2.0,铜仁学院,2020-03-26 09:45:42,0,A,850,13,0.0138888888888888,0.0,0.1834862385321101,0.2678899082568807,0.2103746397694524,0.0537878787878787,0.0661506185330954
U_31143841,C_1755909,2.0,辽宁对外经贸学院,2020-08-06 12:59:34,4,E,781,21,0.0416666666666666,0.0,0.0660550458715596,0.0660550458715596,0.0489913544668587,0.0333333333333333,0.0626066087562175
U_6987713,C_756642,2.0,辽宁对外经贸学院,2020-05-11 19:48:30,4,E,781,149,0.0138888888888888,0.0,0.0623853211009174,0.0623853211009174,0.0489913544668587,0.0295454545454545,0.0610136533134757
U_29680017,C_1017355,0.0,昆明理工大学,2020-04-27 11:29:23,0,A,476,0,0.1111111111111111,0.0,0.2073394495412844,0.2770642201834862,0.2219020172910662,0.0742424242424242,0.0684614605072182
U_15408352,C_696575,2.0,辽宁对外经贸学院,2020-08-11 09:54:40,4,E,781,116,0.0555555555555555,0.0,0.1651376146788991,0.1651376146788991,0.2103746397694524,0.0553030303030303,0.0652192613035503
U_33459844,C_2027893,1.0,辽宁对外经贸学院,2020-09-23 10:45:10,4,E,781,84,0.0416666666666666,0.0,0.0165137614678899,0.0165137614678899,0.0201729106628242,0.0068181818181818,0.0615423356220667
U_6758278,C_1824911,2.0,三峡医专,2020-06-02 09:56:01,4,E,35,57,0.0416666666666666,0.0,0.0568807339449541,0.0568807339449541,0.0576368876080691,0.0318181818181818,0.0629960460672379
U_6910102,C_756642,1.0,辽宁对外经贸学院,2020-05-11 19:33:13,4,E,781,149,0.0138888888888888,0.0,0.0623853211009174,0.0623853211009174,0.0461095100864553,0.0287878787878787,0.0611796805761124
U_15503972,C_1741505,1.0,辽宁对外经贸学院,2020-07-23 23:18:23,4,E,781,16,0.0416666666666666,0.0,0.0091743119266055,0.0091743119266055,0.0115273775216138,0.0037878787878787,0.0613329060349037
U_4681795,C_682392,2.0,陕西工业职业技术学院,2020-08-14 11:03:56,0,A,876,108,0.25,0.0,0.4495412844036697,0.4495412844036697,0.685878962536023,0.2386363636363636,0.0725958835346339
U_30439645,C_786631,1.0,辽宁对外经贸学院,2020-06-10 17:28:23,4,E,781,154,0.0416666666666666,0.0,0.0018348623853211,0.0018348623853211,0.0,0.0,0.0611364020601338
U_10720627,C_1017355,0.0,广州中医药大学,2020-04-15 08:52:18,3,D,423,0,0.1388888888888889,0.0,0.2055045871559633,0.2275229357798165,0.1296829971181556,0.1378787878787878,0.0878694507522427
U_29209591,C_676635,2.0,辽宁对外经贸学院,2020-08-31 17:42:55,4,E,781,89,0.0416666666666666,0.0,0.0091743119266055,0.0091743119266055,0.0086455331412103,0.0022727272727272,0.061832107052086
U_31065384,C_682392,0.0,昆明理工大学,2020-07-26 14:42:11,0,A,476,108,0.0833333333333333,0.0,0.1155963302752293,0.2605504587155963,0.1815561959654178,0.0469696969696969,0.0561009697544165
U_13139502,C_801420,0.0,南京邮电大学通达学院,2020-09-01 09:53:19,4,E,229,155,0.0277777777777777,0.0,0.0018348623853211,0.0018348623853211,0.0028818443804034,0.0007575757575757,0.0611950179790172
U_31556152,C_1992917,1.0,辽宁对外经贸学院,2020-08-28 18:48:55,4,E,781,80,0.0416666666666666,0.0,0.0752293577981651,0.0752293577981651,0.0547550432276657,0.031060606060606,0.0623239835555789
U_33554633,C_697076,2.0,辽宁对外经贸学院,2020-11-16 16:03:33,4,E,781,121,0.0416666666666666,0.0,0.036697247706422,0.036697247706422,0.0403458213256484,0.0113636363636363,0.0629982350023635
U_2642180,C_1918363,2.0,信阳职业技术学院,2020-11-09 14:00:14,0,A,130,76,0.0972222222222222,0.0,0.2,0.2752293577981651,0.1902017291066282,0.0757575757575757,0.0740962896117037
U_30298331,C_948436,0.0,辽宁对外经贸学院,2020-05-31 21:32:28,4,E,781,171,0.0416666666666666,0.0,0.0403669724770642,0.0403669724770642,0.0345821325648414,0.0007575757575757,0.0624589992531557
U_989759,C_735164,1.0,昆明理工大学,2020-11-30 09:52:49,4,E,476,138,0.0416666666666666,0.0,0.0091743119266055,0.0128440366972477,0.0086455331412103,0.0037878787878787,0.0612367266026094
U_24688539,C_948395,2.0,中国医科大学,2020-05-26 22:47:37,2,C,69,170,0.0277777777777777,0.0,0.110091743119266,0.110091743119266,0.1296829971181556,0.0727272727272727,0.0737517502324674
U_7529680,C_1750793,2.0,北京体育大学,2020-04-19 14:08:05,0,A,159,17,0.0277777777777777,0.0,0.2110091743119266,0.2678899082568807,0.2219020172910662,0.0871212121212121,0.0703029492288689
U_18312000,C_948488,1.0,合肥工业大学,2020-03-06 14:18:40,2,C,248,172,0.0416666666666666,0.0,0.1853211009174312,0.1853211009174312,0.170028818443804,0.056060606060606,0.0734264705109312
U_33259502,C_2027893,1.0,西京学院,2020-11-08 16:50:42,4,E,701,84,0.0416666666666666,0.0,0.0110091743119266,0.0110091743119266,0.0115273775216138,0.0045454545454545,0.0613964198199392
U_2104245,C_1828106,1.0,华中科技大学,2020-08-28 16:35:09,4,E,200,59,0.0555555555555555,0.0,0.0788990825688073,0.0788990825688073,0.0893371757925072,0.0386363636363636,0.0612532525675734
U_12091934,C_948488,1.0,昆明理工大学,2020-03-02 16:54:24,0,A,476,172,0.1111111111111111,0.0,0.1963302752293578,0.2880733944954128,0.2103746397694524,0.0628787878787878,0.0677976733588959
U_28086253,C_707035,2.0,辽宁对外经贸学院,2020-08-04 21:17:29,4,E,781,130,0.0416666666666666,0.0,0.0807339449541284,0.0807339449541284,0.0922190201729106,0.0007575757575757,0.0654480149288583
U_32577493,C_735164,0.0,昆明理工大学,2020-11-04 13:10:51,2,C,476,138,0.1111111111111111,0.0,0.1504587155963302,0.1504587155963302,0.2219020172910662,0.0666666666666666,0.0726089626696264
U_4517024,C_735197,2.0,华南理工大学,2020-10-19 22:42:50,4,E,211,141,0.4027777777777777,0.0,0.1779816513761468,0.1779816513761468,0.270893371757925,0.0727272727272727,0.093803131130515
U_26428754,C_1732845,2.0,铜仁学院,2020-04-12 12:27:34,2,C,850,13,0.0694444444444444,0.0,0.1266055045871559,0.1266055045871559,0.1498559077809798,0.0787878787878787,0.0750255321912519
U_19819990,C_808528,0.0,东北师范大学,2020-02-26 18:15:02,0,A,47,156,0.0416666666666666,0.0,0.1944954128440367,0.2697247706422018,0.2161383285302593,0.0583333333333333,0.0692584260342675
U_18594635,C_1776290,2.0,河北农业大学,2020-05-16 20:23:27,0,A,545,48,0.0972222222222222,0.0,0.2018348623853211,0.2642201834862385,0.1959654178674351,0.0848484848484848,0.0750770712135415
U_18582314,C_735164,0.0,昆明理工大学,2020-10-27 15:26:01,0,A,476,138,0.1111111111111111,0.0,0.1981651376146789,0.273394495412844,0.2334293948126801,0.0628787878787878,0.066922723303741
U_32905083,C_735164,1.0,昆明理工大学,2020-11-21 18:18:43,0,A,476,138,0.0972222222222222,0.0,0.1743119266055046,0.2568807339449541,0.1930835734870317,0.0575757575757575,0.064409186927457
U_32239635,C_697076,2.0,辽宁对外经贸学院,2020-09-08 21:43:17,4,E,781,121,0.0416666666666666,0.0,0.0458715596330275,0.0458715596330275,0.0374639769452449,0.0098484848484848,0.061886359957744
U_34293486,C_2027893,0.0,辽宁对外经贸学院,2020-10-05 20:06:28,4,E,781,84,0.0416666666666666,0.0,0.0165137614678899,0.0165137614678899,0.0172910662824207,0.006060606060606,0.061576343353984
U_32721263,C_735164,2.0,昆明理工大学,2020-11-03 23:22:39,4,E,476,138,0.0416666666666666,0.0,0.0788990825688073,0.0788990825688073,0.0662824207492795,0.0303030303030303,0.060659565819031
U_2890842,C_696596,0.0,湖南师范大学,2020-06-03 17:32:16,4,E,644,117,0.0277777777777777,0.0,0.0018348623853211,0.0018348623853211,0.0028818443804034,0.0007575757575757,0.0612276638169084
U_33383582,C_697076,2.0,辽宁对外经贸学院,2020-10-02 10:50:02,4,E,781,121,0.0416666666666666,0.0,0.0825688073394495,0.0825688073394495,0.1239193083573487,0.0401515151515151,0.0630100116714328
U_11183861,C_1750793,2.0,北京体育大学,2020-04-18 10:27:44,0,A,159,17,0.1111111111111111,0.0,0.2073394495412844,0.2660550458715596,0.1902017291066282,0.078030303030303,0.0728206109059665
U_25923568,C_674920,2.0,辽宁对外经贸学院,2020-06-05 10:52:41,4,E,781,87,0.0416666666666666,0.0,0.091743119266055,0.091743119266055,0.1354466858789625,0.0363636363636363,0.0626578209239409
U_990738,C_735164,2.0,昆明理工大学,2020-09-16 19:59:23,0,A,476,138,0.0416666666666666,0.0,0.0091743119266055,0.0091743119266055,0.0144092219020172,0.006060606060606,0.0589294998380832
U_2024044,C_1750793,2.0,北京体育大学,2020-06-03 07:40:45,0,A,159,17,0.0694444444444444,0.0,0.0220183486238532,0.0220183486238532,0.0288184438040345,0.0151515151515151,0.0672703034209119
U_5121706,C_674920,0.0,辽宁对外经贸学院,2020-06-29 19:12:41,4,E,781,87,0.5833333333333333,0.0,0.2201834862385321,0.2201834862385321,0.3429394812680115,0.0916666666666666,0.0702020502147314
U_22818054,C_808528,0.0,东北师范大学,2020-02-25 20:17:50,1,B,47,156,0.0416666666666666,0.0,0.0330275229357798,0.0330275229357798,0.0518731988472622,0.0242424242424242,0.1090045900488282
U_21134843,C_756642,0.0,华南理工大学,2020-05-04 00:48:53,3,D,211,149,0.125,0.0,0.0623853211009174,0.0623853211009174,0.0230547550432276,0.006060606060606,0.0805028272994817
U_30110328,C_674920,0.0,辽宁对外经贸学院,2020-05-21 19:51:40,4,E,781,87,0.0416666666666666,0.0,0.018348623853211,0.018348623853211,0.0259365994236311,0.0068181818181818,0.0609370306793963
U_1762837,C_735164,2.0,云南中医学院,2020-09-16 08:20:48,0,A,103,138,0.0694444444444444,0.0,0.0256880733944954,0.0293577981651376,0.0403458213256484,0.0196969696969696,0.0175713159210678
U_33503835,C_735164,2.0,昆明理工大学,2020-09-23 23:02:44,0,A,476,138,0.0972222222222222,0.0,0.1449541284403669,0.2330275229357798,0.2190201729106628,0.0553030303030303,0.0727088216919621
U_17910367,C_786631,1.0,北华航天工业学院,2020-04-22 20:43:41,0,A,186,154,0.0416666666666666,0.0,0.1926605504587156,0.2623853211009174,0.2132564841498559,0.0787878787878787,0.0708649855602446
U_33894988,C_697076,1.0,辽宁对外经贸学院,2020-12-04 13:29:07,4,E,781,121,0.0555555555555555,0.0,0.2110091743119266,0.2110091743119266,0.2046109510086455,0.0613636363636363,0.0666657314248445
U_16106902,C_786631,1.0,北华航天工业学院,2020-04-17 10:34:36,0,A,186,154,0.0138888888888888,0.0,0.1944954128440367,0.2605504587155963,0.2046109510086455,0.0727272727272727,0.0709116514780917
U_7374722,C_1824911,2.0,重庆三峡医药高等专科学校,2020-06-11 16:11:56,4,E,822,57,0.1944444444444444,0.0,0.0623853211009174,0.0623853211009174,0.0951008645533141,0.025,0.0600072631516052
U_18710355,C_707103,1.0,中国消防救援学院,2020-09-28 19:19:29,2,C,75,133,0.125,0.0,0.055045871559633,0.055045871559633,0.0201729106628242,0.0053030303030303,0.0776110756189523
U_29744224,C_749807,2.0,广州中医药大学,2020-05-28 13:17:39,1,B,423,148,0.1805555555555555,0.0,0.0238532110091743,0.0238532110091743,0.0259365994236311,0.0068181818181818,0.0978805604061539
U_30684568,C_948436,2.0,辽宁对外经贸学院,2020-06-25 15:29:47,4,E,781,171,0.0416666666666666,0.0,0.0403669724770642,0.0403669724770642,0.0403458213256484,0.0007575757575757,0.0623981300187018
U_30423046,C_749807,1.0,辽宁对外经贸学院,2020-06-12 15:31:48,4,E,781,148,0.0416666666666666,0.0,0.055045871559633,0.055045871559633,0.0749279538904899,0.0196969696969696,0.0628656558570079
U_33329547,C_697076,2.0,辽宁对外经贸学院,2020-11-03 10:07:44,4,E,781,121,0.0277777777777777,0.0,0.0678899082568807,0.0678899082568807,0.0979827089337175,0.034090909090909,0.0603590329500346
U_4516946,C_735197,1.0,华南理工大学,2020-10-21 23:59:12,3,D,211,141,0.1805555555555555,0.0,0.0715596330275229,0.1944954128440367,0.0489913544668587,0.1424242424242424,0.0580611215406469
U_33344805,C_697076,2.0,辽宁对外经贸学院,2020-12-01 22:09:24,4,E,781,121,0.0416666666666666,0.0,0.0495412844036697,0.0495412844036697,0.0662824207492795,0.0204545454545454,0.0630516460098963
U_29061466,C_735195,2.0,辽宁对外经贸学院,2020-07-15 07:34:49,4,E,781,140,0.0277777777777777,0.0,0.0018348623853211,0.0018348623853211,0.0028818443804034,0.0007575757575757,0.0612265594446618
U_33246436,C_697076,0.0,辽宁对外经贸学院,2020-11-16 15:42:08,4,E,781,121,0.0416666666666666,0.0,0.0678899082568807,0.0678899082568807,0.0432276657060518,0.0295454545454545,0.0605095990012186
U_3099933,C_680979,1.0,西安交通大学,2020-06-29 11:28:23,4,E,715,100,0.0277777777777777,0.0,0.0807339449541284,0.0807339449541284,0.0518731988472622,0.0318181818181818,0.0650319241136616
U_30355713,C_1829948,2.0,中国医科大学,2020-06-04 17:25:03,2,C,69,61,0.1666666666666666,0.0,0.1211009174311926,0.1211009174311926,0.1498559077809798,0.0393939393939393,0.071196406185753
U_33066619,C_735164,2.0,昆明理工大学,2020-09-17 22:29:05,0,A,476,138,0.0277777777777777,0.0,0.036697247706422,0.0422018348623853,0.0547550432276657,0.0257575757575757,0.0364950186559987
U_6766262,C_1824911,2.0,重庆三峡医药高等专科学校,2020-06-02 10:22:57,4,E,822,57,0.0416666666666666,0.0,0.0532110091743119,0.0532110091743119,0.0432276657060518,0.0265151515151515,0.0590248274675684
U_30424317,C_948436,0.0,辽宁对外经贸学院,2020-06-09 19:01:12,4,E,781,171,0.0277777777777777,0.0,0.0146788990825688,0.0146788990825688,0.0144092219020172,0.0,0.0616197159644589
U_15760279,C_697076,0.0,辽宁对外经贸学院,2020-07-15 14:39:15,4,E,781,121,0.0416666666666666,0.0,0.055045871559633,0.055045871559633,0.0547550432276657,0.0159090909090909,0.0620522336977814
U_33344042,C_697076,2.0,辽宁对外经贸学院,2020-11-17 11:38:23,4,E,781,121,0.0416666666666666,0.0,0.0880733944954128,0.0880733944954128,0.0576368876080691,0.0242424242424242,0.0620618560981185
U_14384483,C_676635,2.0,辽宁对外经贸学院,2020-07-25 15:40:47,4,E,781,89,0.0416666666666666,0.0,0.0678899082568807,0.0678899082568807,0.0461095100864553,0.0325757575757575,0.062881661826071
U_32441024,C_1944729,1.0,辽宁对外经贸学院,2020-09-18 18:34:08,4,E,781,79,0.0277777777777777,0.0,0.018348623853211,0.018348623853211,0.0115273775216138,0.003030303030303,0.0073700811632111
U_18599084,C_1918363,0.0,昆明理工大学,2020-11-09 13:58:47,0,A,476,76,0.1111111111111111,0.0,0.2018348623853211,0.2844036697247706,0.1729106628242074,0.0719696969696969,0.078142511429647
U_33224392,C_697076,2.0,辽宁对外经贸学院,2020-11-19 10:39:49,4,E,781,121,0.0277777777777777,0.0,0.0972477064220183,0.0972477064220183,0.0374639769452449,0.0303030303030303,0.0608753145944752
U_30717111,C_677087,2.0,辽宁对外经贸学院,2020-09-20 23:25:59,4,E,781,92,0.0416666666666666,0.0,0.0256880733944954,0.0256880733944954,0.0259365994236311,0.0068181818181818,0.056010308881794
U_13784051,C_801420,1.0,辽宁对外经贸学院,2020-07-13 14:51:45,4,E,781,155,0.0277777777777777,0.0,0.0055045871559633,0.0055045871559633,0.0,0.0,0.0614305414557204
U_19973936,C_948120,0.0,中国农业大学,2020-10-06 11:47:22,1,B,67,167,0.0833333333333333,0.0,0.1541284403669724,0.1541284403669724,0.1902017291066282,0.0545454545454545,0.1068349591520156
U_7999895,C_1736024,1.0,辽宁对外经贸学院,2020-05-15 22:00:04,4,E,781,14,0.0416666666666666,0.0,0.0110091743119266,0.0110091743119266,0.0172910662824207,0.0075757575757575,0.0612246181266318
U_32353089,C_735195,2.0,辽宁对外经贸学院,2020-11-04 22:24:26,4,E,781,140,0.0416666666666666,0.0,0.0256880733944954,0.0256880733944954,0.0288184438040345,0.0075757575757575,0.0619009198429685
U_34037442,C_1992929,1.0,广州中医药大学,2020-09-29 22:29:57,1,B,423,81,0.0138888888888888,0.0,0.1669724770642202,0.1669724770642202,0.2074927953890489,0.0545454545454545,0.1625860676231872
U_34293527,C_2027893,0.0,辽宁对外经贸学院,2020-10-05 20:08:47,4,E,781,84,0.0416666666666666,0.0,0.0165137614678899,0.0165137614678899,0.0201729106628242,0.006060606060606,0.061545911212928
U_15534888,C_1776290,2.0,辽宁对外经贸学院,2020-05-07 07:53:27,4,E,781,48,0.0277777777777777,0.0,0.0091743119266055,0.0091743119266055,0.0086455331412103,0.0045454545454545,0.0615349813943258
U_33499278,C_2027893,2.0,辽宁对外经贸学院,2020-09-23 14:31:13,4,E,781,84,0.0416666666666666,0.0,0.0110091743119266,0.0110091743119266,0.0115273775216138,0.003030303030303,0.058174584646218
U_14448234,C_1776290,1.0,河北农业大学,2020-04-27 11:55:46,0,A,545,48,0.0972222222222222,0.0,0.2146788990825688,0.2715596330275229,0.2074927953890489,0.0803030303030303,0.0758677621233869
U_33841948,C_735164,2.0,昆明理工大学,2020-11-15 17:11:21,0,A,476,138,0.1111111111111111,0.0,0.1798165137614679,0.2568807339449541,0.1671469740634005,0.0462121212121212,0.0696248300030501
U_8715644,C_1017355,2.0,广州中医药大学,2020-03-05 14:51:41,1,B,423,0,0.2083333333333333,0.0,0.0385321100917431,0.0532110091743119,0.0605187319884726,0.0242424242424242,0.1124542725692873
U_12205216,C_674920,0.0,西昌民族幼儿师范高等专科学校,2020-06-07 17:08:28,4,E,751,87,0.0416666666666666,0.0,0.073394495412844,0.073394495412844,0.1123919308357348,0.0303030303030303,0.0599874488316109
U_16020768,C_786631,1.0,辽宁对外经贸学院,2020-07-25 23:17:08,4,E,781,154,0.0416666666666666,0.0,0.0165137614678899,0.0165137614678899,0.0230547550432276,0.0068181818181818,0.0614640886198398
U_11085125,C_735385,0.0,中国地质大学（北京）,2020-10-19 09:52:41,4,E,71,146,0.0555555555555555,0.0,0.1559633027522936,0.1559633027522936,0.1844380403458213,0.0492424242424242,0.0645082387180609
U_30326794,C_676635,1.0,辽宁对外经贸学院,2020-06-02 19:12:59,4,E,781,89,0.0416666666666666,0.0,0.018348623853211,0.018348623853211,0.0288184438040345,0.0075757575757575,0.0609071581529764
U_29060506,C_756642,2.0,辽宁对外经贸学院,2020-05-08 21:30:05,4,E,781,149,0.0277777777777777,0.0,0.0091743119266055,0.0091743119266055,0.0057636887608069,0.0015151515151515,0.0617515076874503
U_11044810,C_676646,0.0,天津商业大学,2020-08-11 01:27:23,0,A,316,90,0.0555555555555555,0.0,0.0,0.110091743119266,0.0,0.0803030303030303,0.0014847867061584
U_30119887,C_681031,2.0,辽宁对外经贸学院,2020-05-22 14:17:05,4,E,781,101,0.0277777777777777,0.0,0.0073394495412844,0.0073394495412844,0.0086455331412103,0.003030303030303,0.0613398492182658
U_29675521,C_786631,0.0,辽宁对外经贸学院,2020-04-27 08:30:55,4,E,781,154,0.0416666666666666,0.0,0.0073394495412844,0.0073394495412844,0.0086455331412103,0.0045454545454545,0.0602141224733154
U_15015651,C_1808487,0.0,辽宁对外经贸学院,2020-06-20 23:08:23,4,E,781,55,0.0277777777777777,0.0,0.0055045871559633,0.0055045871559633,0.0057636887608069,0.0015151515151515,0.061327928931281
U_23155196,C_948120,0.0,中国农业大学,2020-10-04 10:10:00,4,E,67,167,0.0416666666666666,0.0,0.018348623853211,0.018348623853211,0.0288184438040345,0.0083333333333333,0.0613345155460254
U_22849494,C_948436,1.0,西安美术学院,2020-05-13 01:12:24,4,E,727,171,0.0416666666666666,0.0,0.0697247706422018,0.0697247706422018,0.0461095100864553,0.0333333333333333,0.0627160406554713
U_28627403,C_948136,1.0,陕西科技大学,2020-07-02 19:23:28,2,C,881,168,0.0277777777777777,0.0,0.2,0.2,0.1585014409221901,0.0424242424242424,0.0754007562809817
U_33260859,C_697076,2.0,辽宁对外经贸学院,2020-11-27 14:55:30,4,E,781,121,0.0416666666666666,0.0,0.0844036697247706,0.0844036697247706,0.0778097982708933,0.034090909090909,0.0607666156418246
U_25277894,C_948395,2.0,黄诗洁,2020-05-20 11:56:58,0,A,905,170,0.0833333333333333,0.0,0.110091743119266,0.110091743119266,0.1729106628242074,0.1,0.0689453092644699
U_12169397,C_1786221,2.0,华南理工大学,2020-06-05 11:03:41,3,D,211,51,0.1388888888888889,0.0,0.0458715596330275,0.0458715596330275,0.0230547550432276,0.0159090909090909,0.0799737091848023
U_29803678,C_766175,1.0,中国医科大学,2020-05-07 13:53:01,2,C,69,151,0.1388888888888889,0.0,0.0201834862385321,0.0201834862385321,0.0288184438040345,0.0075757575757575,0.07462363974032
U_31060145,C_735115,2.0,辽宁对外经贸学院,2020-07-25 13:48:00,4,E,781,136,0.0833333333333333,0.0,0.5211009174311927,0.5211009174311927,0.3314121037463977,0.109090909090909,0.0775822084179409
U_33713474,C_697076,2.0,辽宁对外经贸学院,2020-11-16 16:49:02,4,E,781,121,0.0138888888888888,0.0,0.018348623853211,0.018348623853211,0.0259365994236311,0.0075757575757575,0.0584014613339409
U_25369371,C_735197,0.0,辽宁对外经贸学院,2020-11-11 15:46:38,4,E,781,141,0.0416666666666666,0.0,0.1045871559633027,0.1045871559633027,0.100864553314121,0.0272727272727272,0.0640210768440693
U_33220005,C_697076,2.0,辽宁对外经贸学院,2020-09-26 15:35:40,0,A,781,121,0.125,0.0,0.2073394495412844,0.2844036697247706,0.2247838616714697,0.0651515151515151,0.0690829199892092
U_33185692,C_1992929,2.0,辽宁对外经贸学院,2020-09-20 21:12:35,4,E,781,81,0.0277777777777777,0.0,0.0018348623853211,0.0018348623853211,0.0,0.0,0.0614680802074217
U_33779607,C_735164,2.0,昆明理工大学,2020-09-25 19:23:07,0,A,476,138,0.1111111111111111,0.0,0.1981651376146789,0.2825688073394495,0.2507204610951008,0.0674242424242424,0.0642672973793048
U_30139498,C_681031,1.0,辽宁对外经贸学院,2020-05-23 15:29:43,4,E,781,101,0.0416666666666666,0.0,0.0146788990825688,0.0146788990825688,0.0144092219020172,0.0045454545454545,0.0615735106144097
U_30332441,C_735115,1.0,辽宁对外经贸学院,2020-06-03 09:52:14,4,E,781,136,0.0555555555555555,0.0,0.055045871559633,0.055045871559633,0.0489913544668587,0.0159090909090909,0.0618479941649432
U_31465146,C_1912004,1.0,辽宁对外经贸学院,2020-09-28 12:46:00,4,E,781,74,0.0277777777777777,0.0,0.0091743119266055,0.0091743119266055,0.0086455331412103,0.0022727272727272,0.0128110935877216
U_11078925,C_786631,2.0,广东工贸职业技术学院,2020-05-30 11:29:09,4,E,405,154,0.0555555555555555,0.0,0.0935779816513761,0.0935779816513761,0.0951008645533141,0.0348484848484848,0.0629729830109486
U_31201555,C_801420,0.0,辽宁对外经贸学院,2020-08-15 10:20:42,4,E,781,155,0.0277777777777777,0.0,0.0036697247706422,0.0036697247706422,0.0,0.0,0.0613551222407258
U_30615666,C_1829948,2.0,辽宁对外经贸学院,2020-06-19 14:58:38,4,E,781,61,0.0138888888888888,0.0,0.0073394495412844,0.0073394495412844,0.0057636887608069,0.0015151515151515,0.0606228144896939
U_5076048,C_1864065,0.0,湖北理工学院,2020-07-02 19:33:28,1,B,631,67,0.1111111111111111,0.0,0.2091743119266055,0.2091743119266055,0.2046109510086455,0.1045454545454545,0.1112946519962837
U_33657027,C_697076,2.0,辽宁对外经贸学院,2020-09-25 10:36:16,4,E,781,121,0.0416666666666666,0.0,0.055045871559633,0.055045871559633,0.063400576368876,0.0189393939393939,0.0619466151018007
U_30602654,C_1829948,0.0,辽宁对外经贸学院,2020-06-18 16:38:26,4,E,781,61,0.0416666666666666,0.0,0.0018348623853211,0.0018348623853211,0.0,0.0,0.0610791381305926
U_30117873,C_747056,1.0,文山学院,2020-05-25 08:32:14,3,D,458,147,0.3333333333333333,0.0,0.4917431192660551,0.4917431192660551,0.1959654178674351,0.053030303030303,0.0830517630157605
U_10277482,C_1918363,0.0,新乡医学院三全学院,2020-11-16 08:58:51,4,E,461,76,0.0555555555555555,0.0,0.0605504587155963,0.0605504587155963,0.0605187319884726,0.0401515151515151,0.0628182025167966
U_33554713,C_697076,0.0,辽宁对外经贸学院,2020-11-26 10:58:48,4,E,781,121,0.0416666666666666,0.0,0.073394495412844,0.073394495412844,0.0259365994236311,0.0227272727272727,0.0642175015813686
U_527646,C_1944726,0.0,内蒙古民族大学,2020-09-01 22:28:33,4,E,147,78,0.0416666666666666,0.0,0.0055045871559633,0.0091743119266055,0.0057636887608069,0.0015151515151515,0.0613818302206632
U_23165789,C_823315,1.0,西安石油大学,2020-06-12 08:17:58,4,E,725,158,0.0138888888888888,0.0,0.0128440366972477,0.0128440366972477,0.0172910662824207,0.0053030303030303,0.0606729519992221
U_32099342,C_1992917,2.0,辽宁对外经贸学院,2020-09-16 18:58:41,4,E,781,80,0.0277777777777777,0.0,0.0311926605504587,0.0311926605504587,0.0489913544668587,0.0303030303030303,0.0190638150555833
U_14395896,C_1714448,1.0,中国医科大学,2020-05-22 14:29:12,2,C,69,8,0.1388888888888889,0.0,0.1449541284403669,0.1449541284403669,0.1066282420749279,0.028030303030303,0.0774757578285188
U_5314294,C_1750793,0.0,内蒙古农业大学职业技术学院,2020-05-21 10:03:23,0,A,142,17,0.1111111111111111,0.0,0.036697247706422,0.036697247706422,0.0461095100864553,0.0242424242424242,0.0704025705387928
U_26395036,C_948395,1.0,西安美术学院,2020-03-09 15:53:21,2,C,727,170,0.0555555555555555,0.0,0.1798165137614679,0.1798165137614679,0.1613832853025936,0.0606060606060606,0.0745467942508545
U_29796135,C_766175,2.0,昆明理工大学,2020-05-06 14:27:50,0,A,476,151,0.1111111111111111,0.0,0.1798165137614679,0.2623853211009174,0.2132564841498559,0.0606060606060606,0.0643497142534226
U_11381738,C_676635,0.0,山东理工大学,2020-06-03 17:28:33,4,E,376,89,0.0416666666666666,0.0,0.018348623853211,0.018348623853211,0.0288184438040345,0.0075757575757575,0.0615199312272519
U_5732103,C_1824911,0.0,重庆三峡医药高等专科学校,2020-06-07 22:11:59,4,E,822,57,0.25,0.0,0.0623853211009174,0.0623853211009174,0.0864553314121037,0.0227272727272727,0.0644487709963684
U_17116777,C_735164,0.0,长江大学,2020-09-17 20:57:48,0,A,858,138,0.0972222222222222,0.0,0.0440366972477064,0.0495412844036697,0.063400576368876,0.028030303030303,0.0396353425395237
U_17202446,C_682407,1.0,辽宁对外经贸学院,2020-07-01 01:26:04,4,E,781,110,0.0277777777777777,0.0,0.0018348623853211,0.0018348623853211,0.0028818443804034,0.0007575757575757,0.0612902267522966
U_12167266,C_948387,2.0,深圳信息职业技术学院,2020-09-02 09:17:44,0,A,610,169,0.1111111111111111,0.0,0.0458715596330275,0.0458715596330275,0.0662824207492795,0.0174242424242424,0.0874115473142737
U_15147602,C_1736024,0.0,西北工业大学,2020-05-17 16:07:31,4,E,703,14,0.1111111111111111,0.0,0.1669724770642202,0.2146788990825688,0.2276657060518732,0.0833333333333333,0.0662968611897892
U_32745273,C_735164,1.0,昆明理工大学,2020-09-15 13:48:55,0,A,476,138,0.1111111111111111,0.0,0.1779816513761468,0.3119266055045872,0.1873198847262247,0.0742424242424242,0.0068968342501057
U_29934415,C_697062,1.0,昆明理工大学,2020-05-12 08:31:27,0,A,476,120,0.1111111111111111,0.0,0.1889908256880734,0.1889908256880734,0.2507204610951008,0.0696969696969697,0.0673888080105504
U_13940675,C_749807,2.0,广州中医药大学,2020-03-15 22:32:54,1,B,423,148,0.2222222222222222,0.0,0.0275229357798165,0.0495412844036697,0.0432276657060518,0.0174242424242424,0.1008362369160975
U_30314527,C_735197,1.0,华南理工大学,2020-10-21 21:55:47,3,D,211,141,0.1527777777777777,0.0,0.1669724770642202,0.2385321100917431,0.0864553314121037,0.1477272727272727,0.1212678385967611
U_33459890,C_2027893,1.0,辽宁对外经贸学院,2020-09-23 10:45:27,4,E,781,84,0.0416666666666666,0.0,0.0165137614678899,0.0165137614678899,0.0259365994236311,0.0083333333333333,0.0614743102535484
U_18682741,C_2059281,0.0,小太阳幼儿园,2020-11-07 15:25:42,4,E,359,85,0.0277777777777777,0.0,0.018348623853211,0.018348623853211,0.0230547550432276,0.0113636363636363,0.0611477528277986
U_34293513,C_2027893,0.0,辽宁对外经贸学院,2020-10-05 20:08:13,4,E,781,84,0.0416666666666666,0.0,0.0165137614678899,0.0165137614678899,0.0172910662824207,0.0045454545454545,0.0615835044403903
U_31127000,C_682392,0.0,昆明理工大学,2020-08-04 09:16:47,0,A,476,108,0.0972222222222222,0.0,0.1229357798165137,0.2513761467889908,0.1383285302593659,0.025,0.0633011103290848
U_31405863,C_801420,2.0,广东外语外贸大学,2020-08-24 13:17:44,4,E,402,155,0.0416666666666666,0.0,0.0587155963302752,0.0587155963302752,0.0576368876080691,0.0318181818181818,0.0605596424162504
U_11945997,C_948387,1.0,深圳信息职业技术学院,2020-10-28 09:30:40,4,E,610,169,0.0416666666666666,0.0,0.0275229357798165,0.0275229357798165,0.0259365994236311,0.0068181818181818,0.061875930325675
U_30313604,C_1829948,1.0,北方民族大学,2020-06-04 12:03:50,3,D,190,61,0.2916666666666666,0.0,0.4770642201834862,0.4770642201834862,0.7406340057636888,0.1946969696969697,0.0737733424432085
U_4122794,C_735164,1.0,贵州医科大学,2020-10-21 10:56:14,0,A,762,138,0.0138888888888888,0.0,0.1834862385321101,0.2201834862385321,0.1585014409221901,0.0356060606060606,0.0290562372581451
U_12089271,C_948488,1.0,合肥工业大学宣城校区,2020-03-06 14:52:24,0,A,249,172,0.1388888888888889,0.0,0.1724770642201835,0.218348623853211,0.1729106628242074,0.0689393939393939,0.0654224063688256
U_12606466,C_682392,2.0,华南理工大学,2020-09-04 10:47:59,3,D,211,108,0.1527777777777777,0.0,0.018348623853211,0.018348623853211,0.0288184438040345,0.0075757575757575,0.0656016960031056
U_10259473,C_697107,2.0,昆明理工大学津桥学院,2020-07-01 12:01:47,3,D,480,122,0.1805555555555555,0.0,0.3082568807339449,0.3082568807339449,0.2247838616714697,0.0598484848484848,0.0866418147154045
U_32744334,C_735164,1.0,昆明理工大学,2020-11-28 13:17:06,0,A,476,138,0.1111111111111111,0.0,0.1798165137614679,0.2587155963302752,0.1642651296829971,0.0477272727272727,0.0699927048173808
U_33266728,C_2059281,0.0,辽宁对外经贸学院,2020-09-21 14:44:09,4,E,781,85,0.0416666666666666,0.0,0.0036697247706422,0.0036697247706422,0.0028818443804034,0.0007575757575757,0.061682625563781
U_33346168,C_697076,1.0,辽宁对外经贸学院,2020-10-07 14:21:27,4,E,781,121,0.0416666666666666,0.0,0.1009174311926605,0.1009174311926605,0.1123919308357348,0.0333333333333333,0.0632467732336143
U_20282788,C_948395,1.0,西安美术学院,2020-05-26 00:05:21,0,A,727,170,0.5,0.0,0.110091743119266,0.110091743119266,0.1613832853025936,0.0924242424242424,0.07190426422476
U_12198744,C_1714448,1.0,中国医科大学,2020-05-19 22:07:30,0,A,69,8,0.0138888888888888,0.0,0.1449541284403669,0.1449541284403669,0.2161383285302593,0.0568181818181818,0.0664313370820975
U_12934563,C_1992950,0.0,华南农业大学,2020-10-13 18:51:53,4,E,209,83,0.0416666666666666,0.0,0.0146788990825688,0.0146788990825688,0.0115273775216138,0.0606060606060606,0.0581799183184584
U_30887399,C_697766,0.0,昆明理工大学,2020-07-06 22:15:38,0,A,476,128,0.1111111111111111,0.0,0.1926605504587156,0.2623853211009174,0.2132564841498559,0.0704545454545454,0.0697796600206212
U_31082252,C_697076,1.0,辽宁对外经贸学院,2020-07-28 09:35:49,4,E,781,121,0.0833333333333333,0.0,0.5339449541284405,0.5339449541284405,0.2507204610951008,0.0659090909090909,0.0794314029836084
U_12038146,C_948488,1.0,合肥工业大学,2020-03-02 14:37:08,0,A,248,172,0.0138888888888888,0.0,0.1834862385321101,0.2642201834862385,0.2103746397694524,0.059090909090909,0.0673667453273276
U_24713445,C_1017355,2.0,广州中医药大学,2020-04-30 22:26:17,0,A,423,0,0.1388888888888889,0.0,0.055045871559633,0.055045871559633,0.0489913544668587,0.0181818181818181,0.0655839517620309
U_5152330,C_735197,0.0,华南理工大学,2020-09-15 22:03:16,4,E,211,141,0.0416666666666666,0.0,0.0678899082568807,0.0678899082568807,0.0489913544668587,0.031060606060606,0.0627440758630413
U_34288069,C_948120,0.0,华南理工大学,2020-10-05 16:51:46,3,D,211,167,0.1527777777777777,0.0,0.1376146788990825,0.1376146788990825,0.1642651296829971,0.0515151515151515,0.0790849619050775
U_30498891,C_735115,1.0,辽宁对外经贸学院,2020-06-14 17:53:13,4,E,781,136,0.0555555555555555,0.0,0.055045871559633,0.055045871559633,0.0345821325648414,0.0136363636363636,0.0620108964998327
U_29964826,C_948395,1.0,昆明理工大学,2020-05-13 17:55:17,0,A,476,170,0.0138888888888888,0.0,0.018348623853211,0.018348623853211,0.0201729106628242,0.0121212121212121,0.0664218186809406
U_4739414,C_735197,0.0,华南理工大学,2020-10-21 20:37:31,4,E,211,141,0.0555555555555555,0.0,0.0495412844036697,0.0495412844036697,0.0720461095100864,0.031060606060606,0.1209985767588567
U_30137856,C_677087,1.0,辽宁对外经贸学院,2020-05-26 18:47:08,4,E,781,92,0.0416666666666666,0.0,0.0018348623853211,0.0018348623853211,0.0028818443804034,0.0007575757575757,0.0610871609244919
U_31524500,C_676646,1.0,北京林业大学,2020-08-28 10:14:10,4,E,173,90,0.0416666666666666,0.0,0.0091743119266055,0.0091743119266055,0.0115273775216138,0.003030303030303,0.0613364122929781
U_26376280,C_680821,2.0,辽宁对外经贸学院,2020-08-12 19:28:15,4,E,781,97,0.0416666666666666,0.0,0.0073394495412844,0.0073394495412844,0.0028818443804034,0.0007575757575757,0.0614281049034992
U_33499439,C_2027893,1.0,辽宁对外经贸学院,2020-09-23 14:32:34,4,E,781,84,0.0416666666666666,0.0,0.0110091743119266,0.0110091743119266,0.0115273775216138,0.0037878787878787,0.0614216866683798
U_33345436,C_697076,1.0,辽宁对外经贸学院,2020-10-28 21:13:32,4,E,781,121,0.0416666666666666,0.0,0.0862385321100917,0.0862385321100917,0.0691642651296829,0.0325757575757575,0.06196683056149
U_8746875,C_1918363,2.0,昆明理工大学,2020-11-12 09:46:38,0,A,476,76,0.1111111111111111,0.0,0.2036697247706422,0.2844036697247706,0.1729106628242074,0.0727272727272727,0.0781339834968727
U_8165805,C_758928,1.0,辽宁对外经贸学院,2020-03-19 18:14:02,4,E,781,150,0.0138888888888888,0.0,0.0678899082568807,0.0678899082568807,0.0432276657060518,0.0287878787878787,0.0618316118178947
U_17666547,C_1829948,2.0,北方民族大学,2020-06-14 09:27:49,4,E,190,61,0.1527777777777777,0.0,0.0605504587155963,0.0605504587155963,0.0749279538904899,0.0196969696969696,0.0632029994834444
U_13119841,C_801420,2.0,南京邮电大学通达学院,2020-09-01 09:36:48,4,E,229,155,0.0416666666666666,0.0,0.0165137614678899,0.0165137614678899,0.0144092219020172,0.0037878787878787,0.061662335818963
U_5314271,C_1750793,0.0,内蒙古农业大学,2020-05-20 20:56:07,0,A,141,17,0.0416666666666666,0.0,0.036697247706422,0.036697247706422,0.0489913544668587,0.0257575757575757,0.0694051639251526
U_30196192,C_749807,1.0,辽宁对外经贸学院,2020-05-26 22:48:07,4,E,781,148,0.0416666666666666,0.0,0.0238532110091743,0.0238532110091743,0.0259365994236311,0.0068181818181818,0.0618905347819767
U_33748707,C_697076,0.0,辽宁对外经贸学院,2020-11-17 07:04:08,4,E,781,121,0.0416666666666666,0.0,0.0091743119266055,0.0091743119266055,0.0115273775216138,0.003030303030303,0.0589885218490035
U_32904198,C_735164,1.0,昆明理工大学,2020-12-02 17:29:55,4,E,476,138,0.0416666666666666,0.0,0.0715596330275229,0.0715596330275229,0.1123919308357348,0.0515151515151515,0.0615483527174912
U_32725189,C_735164,1.0,昆明理工大学,2020-09-15 09:05:06,0,A,476,138,0.0972222222222222,0.0,0.1963302752293578,0.2715596330275229,0.2363112391930835,0.0651515151515151,0.0629390000407409
U_11534577,C_735197,0.0,辽宁石油化工大学,2020-10-28 15:16:56,4,E,790,141,0.0416666666666666,0.0,0.0844036697247706,0.0844036697247706,0.063400576368876,0.0318181818181818,0.0619129130284263
U_5199953,C_674920,0.0,辽宁对外经贸学院,2020-06-04 10:06:25,4,E,781,87,0.0416666666666666,0.0,0.0697247706422018,0.0697247706422018,0.0144092219020172,0.0212121212121212,0.064049701380327
U_33224453,C_697076,0.0,辽宁对外经贸学院,2020-11-08 13:52:46,4,E,781,121,0.0416666666666666,0.0,0.036697247706422,0.036697247706422,0.0345821325648414,0.0098484848484848,0.0609586625088727
U_6758173,C_1824911,2.0,重庆三峡医药高等专科学校,2020-06-02 09:51:04,2,C,822,57,0.0555555555555555,0.0,0.0623853211009174,0.0623853211009174,0.0835734870317002,0.0219696969696969,0.0777331260854007
U_33224385,C_697076,1.0,辽宁对外经贸学院,2020-11-02 11:06:37,4,E,781,121,0.0416666666666666,0.0,0.0935779816513761,0.0935779816513761,0.0749279538904899,0.034090909090909,0.0610473143814591
U_7915217,C_1829948,0.0,北方民族大学,2020-06-18 14:36:29,4,E,190,61,0.0277777777777777,0.0,0.0091743119266055,0.0091743119266055,0.0086455331412103,0.0022727272727272,0.0606827873502616
U_33455348,C_697076,2.0,辽宁对外经贸学院,2020-11-23 11:42:41,4,E,781,121,0.0416666666666666,0.0,0.0091743119266055,0.0091743119266055,0.0144092219020172,0.0045454545454545,0.0640554361922624
U_3739289,C_735164,1.0,长春理工大学,2020-10-25 19:15:23,0,A,856,138,0.125,0.0,0.1798165137614679,0.2146788990825688,0.2046109510086455,0.0689393939393939,0.0718089663093262
U_30618367,C_1829948,0.0,辽宁对外经贸学院,2020-06-19 17:21:27,4,E,781,61,0.0138888888888888,0.0,0.0073394495412844,0.0073394495412844,0.0057636887608069,0.0015151515151515,0.0606228144896939
U_32734322,C_735164,1.0,昆明理工大学,2020-09-15 10:20:15,4,E,476,138,0.0416666666666666,0.0,0.1064220183486238,0.1064220183486238,0.0489913544668587,0.0303030303030303,0.0572880956344055
U_102435,C_1410126,0.0,南方科技大学,2020-06-26 16:20:38,4,E,232,2,0.0416666666666666,0.0,0.0275229357798165,0.0275229357798165,0.0432276657060518,0.0212121212121212,0.0616302297863404
U_29281268,C_948488,0.0,中国医科大学,2020-04-10 11:47:49,2,C,69,172,0.1527777777777777,0.0,0.1908256880733945,0.1908256880733945,0.170028818443804,0.0636363636363636,0.076772678799458
U_30769995,C_948436,0.0,辽宁对外经贸学院,2020-06-30 11:28:36,4,E,781,171,0.0416666666666666,0.0,0.0458715596330275,0.0458715596330275,0.0489913544668587,0.0022727272727272,0.0625259351064531
U_33224296,C_735164,2.0,昆明理工大学,2020-09-21 10:29:02,0,A,476,138,0.1111111111111111,0.0,0.2256880733944954,0.2788990825688073,0.2074927953890489,0.0598484848484848,0.0277083317305842
U_34124159,C_2027893,0.0,辽宁对外经贸学院,2020-09-30 11:30:19,4,E,781,84,0.0416666666666666,0.0,0.0146788990825688,0.0146788990825688,0.0230547550432276,0.006060606060606,0.0614400598568774
U_33219904,C_697076,2.0,辽宁对外经贸学院,2020-09-21 15:40:15,0,A,781,121,0.125,0.0,0.1761467889908257,0.273394495412844,0.2363112391930835,0.0712121212121212,0.0694072240993885
U_12089298,C_948488,0.0,广州中医药大学,2020-03-06 14:54:27,1,B,423,172,0.0138888888888888,0.0,0.0513761467889908,0.0513761467889908,0.0806916426512968,0.0257575757575757,0.1113633112645669
U_7872931,C_1829948,0.0,华南理工大学,2020-06-18 08:55:12,3,D,211,61,0.2777777777777778,0.0,0.4770642201834862,0.4770642201834862,0.5994236311239193,0.1575757575757575,0.0725751827454371
U_31575152,C_1992917,1.0,辽宁对外经贸学院,2020-08-28 21:30:00,4,E,781,80,0.0416666666666666,0.0,0.0697247706422018,0.0697247706422018,0.0345821325648414,0.0477272727272727,0.0612282333362284
U_14922318,C_735385,2.0,北京工商大学,2020-06-18 09:24:25,4,E,166,146,0.0416666666666666,0.0,0.0110091743119266,0.0110091743119266,0.0115273775216138,0.003030303030303,0.0627663960680437
U_12696364,C_948387,2.0,深圳信息职业技术学院,2020-10-20 09:06:58,4,E,610,169,0.0416666666666666,0.0,0.091743119266055,0.091743119266055,0.0547550432276657,0.0143939393939393,0.0641755403883389
U_4533601,C_1761368,1.0,中南大学,2020-09-29 22:45:54,4,E,55,31,0.0416666666666666,0.0,0.0642201834862385,0.0642201834862385,0.0605187319884726,0.0333333333333333,0.0634939545231809
U_28735974,C_749807,2.0,辽宁对外经贸学院,2020-03-16 16:22:37,4,E,781,148,0.0416666666666666,0.0,0.073394495412844,0.073394495412844,0.0461095100864553,0.0287878787878787,0.0617032223537976
U_5810683,C_1824911,2.0,重庆三峡医药高等专科学校,2020-06-20 16:12:12,4,E,822,57,0.25,0.0,0.091743119266055,0.091743119266055,0.0605187319884726,0.0348484848484848,0.0684834934763896
U_13082572,C_813262,0.0,陕西工业职业技术学院,2019-11-05 21:24:17,4,E,876,157,0.0416666666666666,0.0,0.0770642201834862,0.0770642201834862,0.0576368876080691,0.0318181818181818,0.0619418459965384
U_33928907,C_1778562,1.0,昆明理工大学,2020-09-28 22:19:42,0,A,476,49,0.0555555555555555,0.0,0.0330275229357798,0.0330275229357798,0.0518731988472622,0.0166666666666666,0.07404235860827
U_15802955,C_1844112,2.0,内蒙古大学,2020-08-19 07:58:31,0,A,145,63,0.0416666666666666,0.0,0.091743119266055,0.1009174311926605,0.1354466858789625,0.1401515151515151,0.0312574527830134
U_5277641,C_674920,0.0,西昌民族幼儿师范高等专科学校,2020-06-29 21:02:02,4,E,751,87,0.0416666666666666,0.0,0.0752293577981651,0.0752293577981651,0.0489913544668587,0.0242424242424242,0.0638884729370042
U_33044595,C_2027893,1.0,辽宁对外经贸学院,2020-09-17 15:54:57,4,E,781,84,0.0416666666666666,0.0,0.0715596330275229,0.0715596330275229,0.0605187319884726,0.0318181818181818,0.0611849498679079
U_30549729,C_674920,1.0,辽宁对外经贸学院,2020-06-18 15:21:52,4,E,781,87,0.0416666666666666,0.0,0.018348623853211,0.018348623853211,0.0115273775216138,0.003030303030303,0.0611070941006921
U_12167303,C_948387,0.0,深圳信息职业技术学院,2020-10-28 09:41:24,4,E,610,169,0.0416666666666666,0.0,0.073394495412844,0.073394495412844,0.0749279538904899,0.0196969696969696,0.0631832445915531
U_31177708,C_735385,0.0,辽宁对外经贸学院,2020-08-12 11:56:01,4,E,781,146,0.0416666666666666,0.0,0.0605504587155963,0.0605504587155963,0.0806916426512968,0.0212121212121212,0.0626508381218434
U_31060041,C_735115,2.0,华南理工大学,2020-07-25 13:08:11,3,D,211,136,0.2083333333333333,0.0,0.5211009174311927,0.5211009174311927,0.4005763688760806,0.1272727272727272,0.0815142143743425
U_31055465,C_801420,1.0,辽宁对外经贸学院,2020-07-24 15:18:15,4,E,781,155,0.0277777777777777,0.0,0.0110091743119266,0.0110091743119266,0.0057636887608069,0.0015151515151515,0.0615887786845278
U_6902169,C_756642,1.0,辽宁对外经贸学院,2020-05-11 19:00:14,4,E,781,149,0.0138888888888888,0.0,0.0091743119266055,0.0091743119266055,0.0144092219020172,0.0053030303030303,0.0604503541349122
U_10272692,C_1918363,2.0,新乡医学院三全学院,2020-11-02 09:36:43,4,E,461,76,0.0416666666666666,0.0,0.0715596330275229,0.0715596330275229,0.0605187319884726,0.0318181818181818,0.0617506311229317
U_20263420,C_948120,0.0,辽宁对外经贸学院,2020-09-25 22:23:43,4,E,781,167,0.0138888888888888,0.0,0.0275229357798165,0.0275229357798165,0.0403458213256484,0.0113636363636363,0.0487979382236411
U_11534437,C_735197,0.0,辽宁石油化工大学,2020-11-16 10:43:28,4,E,790,141,0.0416666666666666,0.0,0.073394495412844,0.073394495412844,0.0172910662824207,0.0204545454545454,0.064065202210515
U_19913045,C_948395,0.0,西安美术学院,2020-05-26 13:27:30,2,C,727,170,0.125,0.0,0.110091743119266,0.110091743119266,0.132564841498559,0.0757575757575757,0.0734677334237512
U_6227848,C_1017355,1.0,广州中医药大学,2020-05-09 12:21:39,0,A,423,0,0.0138888888888888,0.0,0.0678899082568807,0.0678899082568807,0.0806916426512968,0.028030303030303,0.0667637531283305
U_31085494,C_682392,0.0,华南理工大学,2020-08-02 07:58:34,3,D,211,108,0.0833333333333333,0.0,0.0440366972477064,0.2256880733944954,0.0691642651296829,0.1590909090909091,0.0681821038522422
U_34293484,C_2027893,0.0,辽宁对外经贸学院,2020-10-05 20:06:10,4,E,781,84,0.0416666666666666,0.0,0.0165137614678899,0.0165137614678899,0.0230547550432276,0.0075757575757575,0.0615083179854656
U_7726592,C_1944729,2.0,辽宁对外经贸学院,2020-09-15 15:40:06,4,E,781,79,0.0416666666666666,0.0,0.0165137614678899,0.0165137614678899,0.0144092219020172,0.0037878787878787,0.0617189708010812
U_27879611,C_735283,2.0,辽宁对外经贸学院,2020-04-20 16:01:36,4,E,781,143,0.0416666666666666,0.0,0.0715596330275229,0.0715596330275229,0.0518731988472622,0.0333333333333333,0.063346978919884
U_34499576,C_697076,2.0,辽宁对外经贸学院,2020-11-06 08:10:43,4,E,781,121,0.0416666666666666,0.0,0.073394495412844,0.073394495412844,0.0864553314121037,0.0325757575757575,0.0616734241125065
U_12667644,C_948387,0.0,深圳信息职业技术学院,2020-09-01 20:44:04,4,E,610,169,0.0416666666666666,0.0,0.0770642201834862,0.0770642201834862,0.0547550432276657,0.0143939393939393,0.0989931530561218
U_12604282,C_682392,2.0,昆明理工大学,2020-09-04 10:46:21,0,A,476,108,0.125,0.0,0.1596330275229358,0.2954128440366972,0.239193083573487,0.0492424242424242,0.0566610003873174
U_30476556,C_1829948,0.0,广州中医药大学,2020-06-12 18:07:00,1,B,423,61,0.2222222222222222,0.0,0.3761467889908257,0.3761467889908257,0.5043227665706052,0.1325757575757575,0.0969501639309399
U_4602308,C_735197,0.0,华南理工大学,2020-10-25 15:52:54,4,E,211,141,0.0416666666666666,0.0,0.0458715596330275,0.0458715596330275,0.0345821325648414,0.0257575757575757,0.0577980432335393
U_30387110,C_1829948,2.0,华南理工大学,2020-06-06 21:48:28,3,D,211,61,0.0416666666666666,0.0,0.0440366972477064,0.0440366972477064,0.0576368876080691,0.0151515151515151,0.0504411065615603
U_13325627,C_735385,0.0,华南理工大学,2020-07-08 10:29:02,4,E,211,146,0.0555555555555555,0.0,0.1247706422018348,0.1247706422018348,0.1585014409221901,0.0416666666666666,0.0650309584069885
U_21435248,C_823315,2.0,西安石油大学,2020-06-19 10:47:19,4,E,725,158,0.0416666666666666,0.0,0.0660550458715596,0.0660550458715596,0.0432276657060518,0.0303030303030303,0.0604386170845781
U_30025566,C_677087,2.0,昆明理工大学,2020-05-17 22:18:58,0,A,476,92,0.125,0.0,0.3614678899082569,0.3614678899082569,0.5677233429394812,0.1492424242424242,0.0683483044468458
U_2048087,C_735164,0.0,昆明理工大学,2020-10-10 13:17:53,4,E,476,138,0.0416666666666666,0.0,0.0091743119266055,0.0110091743119266,0.0144092219020172,0.006060606060606,0.0606095521180506
U_12363542,C_697076,0.0,长沙理工大学,2020-09-08 19:24:14,3,D,862,121,0.125,0.0,0.0642201834862385,0.0642201834862385,0.0576368876080691,0.0159090909090909,0.0792965655703404
U_28664726,C_735283,2.0,辽宁对外经贸学院,2020-06-25 17:14:11,4,E,781,143,0.0277777777777777,0.0,0.0018348623853211,0.0018348623853211,0.0,0.0,0.0617184508051804
U_9815915,C_735197,0.0,辽宁对外经贸学院,2020-09-24 17:46:44,4,E,781,141,0.0555555555555555,0.0,0.0110091743119266,0.0110091743119266,0.0172910662824207,0.0492424242424242,0.053418147474517
U_32852965,C_735164,1.0,辽宁对外经贸学院,2020-12-07 19:35:20,4,E,781,138,0.0416666666666666,0.0,0.055045871559633,0.0568807339449541,0.0864553314121037,0.0401515151515151,0.0622406405935233
U_28160408,C_786631,1.0,华南理工大学,2020-03-03 13:54:22,3,D,211,154,0.1527777777777777,0.0,0.1706422018348624,0.2110091743119266,0.1037463976945244,0.1446969696969696,0.0801273902590496
U_28296723,C_735283,0.0,辽宁对外经贸学院,2020-03-04 16:26:32,4,E,781,143,0.0277777777777777,0.0,0.0954128440366972,0.0954128440366972,0.0432276657060518,0.025,0.0675953157159848
U_2621342,C_1828108,1.0,辽宁对外经贸学院,2020-12-05 19:42:01,4,E,781,60,0.0277777777777777,0.0,0.0036697247706422,0.0036697247706422,0.0057636887608069,0.0015151515151515,0.0610821243927662
U_19207493,C_697062,0.0,广州中医药大学,2020-04-27 12:06:06,1,B,423,120,0.2222222222222222,0.0,0.0256880733944954,0.0532110091743119,0.0403458213256484,0.0106060606060606,0.1063739852620605
U_4537382,C_735197,1.0,华南理工大学,2020-09-22 11:50:24,3,D,211,141,0.1666666666666666,0.0,0.2165137614678899,0.2825688073394495,0.1066282420749279,0.1553030303030303,0.0765913884190452
U_30290018,C_676646,0.0,广州中医药大学,2020-05-30 22:48:17,1,B,423,90,0.2222222222222222,0.0,0.0660550458715596,0.0660550458715596,0.0806916426512968,0.0212121212121212,0.1149676455182882
U_7548715,C_697076,0.0,辽宁对外经贸学院,2020-08-31 00:47:57,4,E,781,121,0.0555555555555555,0.0,0.1761467889908257,0.1761467889908257,0.239193083573487,0.0742424242424242,0.004408200946263
U_9054489,C_786631,2.0,昆明理工大学,2020-02-17 18:35:06,0,A,476,154,0.0694444444444444,0.0,0.1761467889908257,0.2660550458715596,0.2190201729106628,0.0598484848484848,0.0680063501900882
U_33220663,C_697076,2.0,辽宁对外经贸,2020-11-19 11:50:30,4,E,777,121,0.0416666666666666,0.0,0.0807339449541284,0.0807339449541284,0.063400576368876,0.0325757575757575,0.0626242935691892
U_33220558,C_697076,2.0,辽宁对外经贸学院,2020-11-22 18:23:19,4,E,781,121,0.0416666666666666,0.0,0.091743119266055,0.091743119266055,0.1181556195965417,0.0363636363636363,0.0639890005254981
U_12167290,C_948387,2.0,深圳信息职业技术学院,2020-09-02 09:35:11,2,C,610,169,0.1666666666666666,0.0,0.1559633027522936,0.1559633027522936,0.1815561959654178,0.0674242424242424,0.0796061958914312
U_12696387,C_948387,1.0,辽宁对外经贸学院,2020-10-20 09:12:37,4,E,781,169,0.0416666666666666,0.0,0.073394495412844,0.073394495412844,0.0461095100864553,0.0121212121212121,0.0637434287470533
U_9472179,C_735164,1.0,商丘工学院,2020-10-20 19:16:18,0,A,281,138,0.0277777777777777,0.0,0.0330275229357798,0.0330275229357798,0.0518731988472622,0.0242424242424242,0.2508827941685578
U_12604056,C_682392,0.0,陕西工业职业技术学院,2020-09-03 09:46:51,0,A,876,108,0.0138888888888888,0.0,0.0073394495412844,0.0073394495412844,0.0115273775216138,0.003030303030303,0.0604048322080469
U_30164971,C_948395,1.0,中国医科大学,2020-05-25 13:39:03,2,C,69,170,0.1388888888888889,0.0,0.091743119266055,0.091743119266055,0.0720461095100864,0.0378787878787878,0.0745938414990289
U_7872852,C_1829948,0.0,北方民族大学,2020-06-17 17:55:16,4,E,190,61,0.0277777777777777,0.0,0.0311926605504587,0.0311926605504587,0.0403458213256484,0.0106060606060606,0.0612136982127135
U_9781650,C_697076,0.0,辽宁生态工程职业学院,2020-09-21 10:33:58,0,A,788,121,0.1111111111111111,0.0,0.2018348623853211,0.2788990825688073,0.2132564841498559,0.0787878787878787,0.0781636183108807
U_19911031,C_948395,2.0,中国医科大学,2020-05-25 20:09:24,2,C,69,170,0.0972222222222222,0.0,0.110091743119266,0.110091743119266,0.1037463976945244,0.0575757575757575,0.0747587445800513
U_32739204,C_735164,2.0,昆明理工大学,2020-09-20 09:39:06,0,A,476,138,0.125,0.0,0.0990825688073394,0.1174311926605504,0.1412103746397694,0.0674242424242424,0.0576849119348764
U_30117003,C_707358,1.0,广州中医药大学,2020-05-22 11:53:45,1,B,423,134,0.2083333333333333,0.0,0.0697247706422018,0.1064220183486238,0.0922190201729106,0.0242424242424242,0.1145117824451874
U_13535102,C_948120,0.0,中国农业大学,2020-10-14 10:42:15,1,B,67,167,0.1527777777777777,0.0,0.0091743119266055,0.0091743119266055,0.0144092219020172,0.0037878787878787,0.1035083621374647
U_8001974,C_1714448,1.0,中国医科大学,2020-03-19 17:31:52,4,E,69,8,0.0138888888888888,0.0,0.0788990825688073,0.0788990825688073,0.0432276657060518,0.025,0.0634124389752913
U_5503167,C_1017355,1.0,广州中医药大学,2020-05-07 21:41:32,4,E,423,0,0.1111111111111111,0.0,0.0642201834862385,0.0642201834862385,0.0720461095100864,0.0234848484848484,0.0630358678485611
U_30594435,C_1829948,0.0,广州中医药大学,2020-06-18 09:47:05,1,B,423,61,0.2638888888888889,0.0,0.1798165137614679,0.1798165137614679,0.1786743515850144,0.0469696969696969,0.0993740777756226
U_29074172,C_674959,1.0,辽宁对外经贸学院,2020-04-06 15:40:10,4,E,781,88,0.0416666666666666,0.0,0.0660550458715596,0.0660550458715596,0.0518731988472622,0.0333333333333333,0.06265673140872
U_33544135,C_697076,1.0,辽宁对外经贸学院,2020-11-17 19:25:25,4,E,781,121,0.0416666666666666,0.0,0.0091743119266055,0.0091743119266055,0.0115273775216138,0.003030303030303,0.0606840551497913
U_6159554,C_735197,0.0,华南理工大学,2020-10-15 09:24:08,3,D,211,141,0.1805555555555555,0.0,0.1834862385321101,0.1944954128440367,0.0979827089337175,0.1666666666666666,0.5592231795976459
U_33748721,C_697076,0.0,辽宁对外经贸学院,2020-11-18 22:24:44,4,E,781,121,0.0416666666666666,0.0,0.073394495412844,0.073394495412844,0.0259365994236311,0.0219696969696969,0.0641245510760016
U_27029444,C_735115,2.0,中国医科大学,2020-02-24 19:42:27,2,C,69,136,0.1666666666666666,0.0,0.1871559633027523,0.2458715596330275,0.201729106628242,0.0507575757575757,0.0657572837289894
U_17911309,C_786631,1.0,北华航天工业学院,2020-04-23 15:52:03,2,C,186,154,0.0416666666666666,0.0,0.1596330275229358,0.1596330275229358,0.1613832853025936,0.0712121212121212,0.0748161669845337
U_30776952,C_1824911,2.0,辽宁对外经贸学院,2020-06-30 15:11:55,4,E,781,57,0.0694444444444444,0.0,0.0862385321100917,0.0862385321100917,0.1354466858789625,0.0356060606060606,0.0627809163345329
U_30272033,C_677087,1.0,辽宁对外经贸学院,2020-08-12 16:53:02,4,E,781,92,0.0416666666666666,0.0,0.036697247706422,0.036697247706422,0.0518731988472622,0.0136363636363636,0.0619419499957185
U_3805372,C_1017355,0.0,广州中医药大学,2020-04-17 17:31:39,0,A,423,0,0.1111111111111111,0.0,0.1926605504587156,0.2678899082568807,0.2103746397694524,0.0651515151515151,0.0652527837059601
U_17632162,C_1829948,0.0,北方民族大学,2020-06-16 14:42:16,4,E,190,61,0.0277777777777777,0.0,0.0220183486238532,0.0220183486238532,0.0230547550432276,0.006060606060606,0.0610406683386117
U_5784233,C_735164,0.0,重庆科技学院,2020-10-26 19:01:16,0,A,845,138,0.125,0.0,0.2146788990825688,0.291743119266055,0.2420749279538904,0.0575757575757575,0.0676516486052462
U_30608225,C_1829948,2.0,广州中医药大学,2020-06-19 00:02:46,1,B,423,61,0.3055555555555555,0.0,0.4697247706422018,0.4697247706422018,0.2881844380403458,0.0757575757575757,0.1025599688517385
U_28952559,C_1017355,0.0,华南理工大学,2020-03-23 13:19:20,3,D,211,0,0.0138888888888888,0.0,0.1688073394495413,0.1853211009174312,0.0951008645533141,0.1348484848484848,0.0825186483611573
U_15385936,C_697367,1.0,辽宁对外经贸学院,2020-07-24 13:02:12,4,E,781,127,0.0416666666666666,0.0,0.0091743119266055,0.0091743119266055,0.0086455331412103,0.0022727272727272,0.0614174276543345
U_5076261,C_735197,1.0,华南理工大学,2020-10-21 15:08:18,4,E,211,141,0.0416666666666666,0.0,0.0678899082568807,0.0678899082568807,0.0518731988472622,0.0295454545454545,0.0737642804939031
U_8488529,C_735197,0.0,华南理工大学,2020-09-08 18:21:18,3,D,211,141,0.1527777777777777,0.0,0.2018348623853211,0.2532110091743119,0.063400576368876,0.1333333333333333,0.0866468363901044
U_31194039,C_735197,0.0,辽宁对外经贸学院,2020-11-05 16:00:26,4,E,781,141,0.0416666666666666,0.0,0.128440366972477,0.128440366972477,0.0835734870317002,0.0219696969696969,0.0652091981447829
U_31035137,C_697076,2.0,中国医科大学,2020-07-21 18:13:30,2,C,69,121,0.2083333333333333,0.0,0.3339449541284404,0.3339449541284404,0.4178674351585014,0.131060606060606,0.0862595731571838
U_33554530,C_697076,1.0,辽宁对外经贸学院,2020-11-23 10:56:32,4,E,781,121,0.0555555555555555,0.0,0.1559633027522936,0.1559633027522936,0.2449567723342939,0.078030303030303,0.0631215037449225
U_5732030,C_1824911,1.0,辽宁对外经贸学院,2020-06-05 11:31:09,4,E,781,57,0.0277777777777777,0.0,0.0935779816513761,0.0935779816513761,0.0489913544668587,0.0257575757575757,0.0650587063787276
U_28354529,C_786631,0.0,辽宁对外经贸学院,2020-03-05 17:13:35,4,E,781,154,0.0416666666666666,0.0,0.0788990825688073,0.0788990825688073,0.0518731988472622,0.0287878787878787,0.0632655772758583
U_16201370,C_735115,1.0,辽宁对外经贸学院,2020-05-27 21:32:20,4,E,781,136,0.0416666666666666,0.0,0.0091743119266055,0.0091743119266055,0.0057636887608069,0.0015151515151515,0.0604869767033595
U_30116295,C_1944729,2.0,辽宁对外经贸学院,2020-11-14 08:18:56,4,E,781,79,0.0416666666666666,0.0,0.0715596330275229,0.0715596330275229,0.0518731988472622,0.031060606060606,0.0624791404277163
U_32099036,C_1992917,2.0,辽宁对外经贸学院,2020-11-12 13:50:07,4,E,781,80,0.0416666666666666,0.0,0.0275229357798165,0.0275229357798165,0.0115273775216138,0.003030303030303,0.0607871034803191
U_13809213,C_696596,0.0,辽宁对外经贸学院,2020-05-21 09:27:12,4,E,781,117,0.0416666666666666,0.0,0.0440366972477064,0.0440366972477064,0.0374639769452449,0.0121212121212121,0.0621045007143322
U_30269972,C_674920,0.0,辽宁对外经贸学院,2020-05-29 13:12:32,4,E,781,87,0.0416666666666666,0.0,0.018348623853211,0.018348623853211,0.0259365994236311,0.0068181818181818,0.0609370306793963
U_31060155,C_735115,1.0,昆明理工大学,2020-07-25 13:51:45,0,A,476,136,0.125,0.0,0.5211009174311927,0.5211009174311927,0.6455331412103746,0.2181818181818181,0.0733302564122435
U_5314370,C_1750793,0.0,内蒙古农业大学职业技术学院,2020-05-20 20:56:43,0,A,142,17,0.0694444444444444,0.0,0.036697247706422,0.036697247706422,0.0489913544668587,0.0257575757575757,0.069968076821047
U_31100257,C_801420,0.0,辽宁对外经贸学院,2020-08-01 09:46:37,4,E,781,155,0.0138888888888888,0.0,0.0055045871559633,0.0055045871559633,0.0,0.0,0.0608159805860144
U_29613985,C_948136,2.0,辽宁对外经贸学院,2020-04-24 14:57:05,4,E,781,168,0.0416666666666666,0.0,0.073394495412844,0.073394495412844,0.0662824207492795,0.0348484848484848,0.0622556362848362
U_19901878,C_948395,2.0,西安美术学院,2020-02-21 13:55:59,2,C,727,170,0.1527777777777777,0.0,0.1926605504587156,0.1926605504587156,0.170028818443804,0.059090909090909,0.0775381672413077
U_17894156,C_786631,2.0,北华航天工业学院,2020-04-22 17:18:04,0,A,186,154,0.0138888888888888,0.0,0.2146788990825688,0.2807339449541284,0.2536023054755043,0.084090909090909,0.0703743124758366
U_642737,C_1771170,1.0,内蒙古民族大学,2020-05-12 11:07:40,4,E,147,40,0.0277777777777777,0.0,0.0036697247706422,0.0036697247706422,0.0028818443804034,0.0007575757575757,0.0612745624948254
U_17110686,C_735195,2.0,南华大学,2020-09-17 07:55:31,4,E,230,140,0.0416666666666666,0.0,0.0513761467889908,0.0513761467889908,0.0576368876080691,0.0166666666666666,0.0020617763588106
U_13933074,C_1736024,1.0,西北工业大学,2020-03-31 18:40:05,4,E,703,14,0.1111111111111111,0.0,0.0844036697247706,0.0844036697247706,0.0662824207492795,0.034090909090909,0.0619781466627614
U_31031998,C_801420,1.0,辽宁对外经贸学院,2020-07-21 09:56:55,4,E,781,155,0.0277777777777777,0.0,0.0055045871559633,0.0055045871559633,0.0028818443804034,0.0007575757575757,0.0613965287714613
U_30623849,C_681411,2.0,广州中医药大学,2020-06-21 17:02:43,1,B,423,103,0.2222222222222222,0.0,0.2311926605504587,0.2311926605504587,0.3256484149855908,0.0856060606060606,0.0906205063990208
U_31632616,C_1992917,0.0,辽宁对外经贸学院,2020-08-29 07:44:53,4,E,781,80,0.0416666666666666,0.0,0.0752293577981651,0.0752293577981651,0.031700288184438,0.0492424242424242,0.0619306487514728
U_31749991,C_735385,0.0,辽宁对外经贸学院,2020-09-01 08:47:37,4,E,781,146,0.0416666666666666,0.0,0.0073394495412844,0.0073394495412844,0.0028818443804034,0.0007575757575757,0.06057380116178
U_4686666,C_682392,0.0,陕西工业职业技术学院,2020-07-30 20:29:49,3,D,876,108,0.1111111111111111,0.0,0.4495412844036697,0.4495412844036697,0.2103746397694524,0.0553030303030303,0.0930598121223694
U_14293475,C_682392,2.0,辽宁对外经贸学院,2020-09-02 09:02:48,4,E,781,108,0.0555555555555555,0.0,0.0844036697247706,0.0844036697247706,0.0691642651296829,0.0333333333333333,0.0615957268202319
U_5256585,C_674920,2.0,西昌民族幼儿师范高等专科学校,2020-06-22 16:30:31,4,E,751,87,0.0138888888888888,0.0,0.0715596330275229,0.0715596330275229,0.0720461095100864,0.0227272727272727,0.0591929297614667
U_24718787,C_674920,2.0,辽宁对外经贸学院,2020-06-22 16:05:45,4,E,781,87,0.0416666666666666,0.0,0.018348623853211,0.018348623853211,0.0115273775216138,0.003030303030303,0.0611070941006921
U_34073526,C_735164,1.0,昆明理工大学,2020-12-01 12:03:04,0,A,476,138,0.1111111111111111,0.0,0.181651376146789,0.2587155963302752,0.1613832853025936,0.0484848484848484,0.070605319416715
U_33126824,C_735164,2.0,昆明理工大学,2020-10-04 16:52:28,0,A,476,138,0.125,0.0,0.1688073394495413,0.2513761467889908,0.2219020172910662,0.0598484848484848,0.0692477537374448
U_34582001,C_1912004,2.0,辽宁对外经贸学院,2020-10-09 20:16:19,4,E,781,74,0.0277777777777777,0.0,0.0055045871559633,0.0055045871559633,0.0028818443804034,0.0007575757575757,0.0618643913690175
U_31184704,C_696575,1.0,辽宁对外经贸学院,2020-08-18 14:02:22,4,E,781,116,0.0416666666666666,0.0,0.0073394495412844,0.0073394495412844,0.0115273775216138,0.003030303030303,0.1024849021040889
U_15408674,C_1829948,1.0,辽宁对外经贸学院,2020-06-17 16:51:35,4,E,781,61,0.0138888888888888,0.0,0.0036697247706422,0.0036697247706422,0.0028818443804034,0.0007575757575757,0.060505983791622
U_5072524,C_735197,0.0,华南理工大学,2020-10-15 10:34:44,3,D,211,141,0.1666666666666666,0.0,0.1834862385321101,0.2513761467889908,0.0778097982708933,0.1545454545454545,0.1007212370658152
U_30626195,C_1829948,0.0,华南理工大学,2020-06-20 12:27:31,3,D,211,61,0.2638888888888889,0.0,0.4770642201834862,0.4770642201834862,0.7233429394812679,0.1901515151515151,0.0709803503651102
U_14413681,C_682392,1.0,陕西工业职业技术学院,2020-09-04 15:45:57,4,E,876,108,0.0277777777777777,0.0,0.0018348623853211,0.0018348623853211,0.0,0.0,0.0600813749483348
U_5108372,C_674920,0.0,辽宁对外经贸学院,2020-06-30 17:59:08,4,E,781,87,0.0277777777777777,0.0,0.0440366972477064,0.0440366972477064,0.0172910662824207,0.0234848484848484,0.0603213109616825
U_8111344,C_1806527,1.0,中国海洋大学,2020-06-23 16:33:30,0,A,74,53,0.0138888888888888,0.0,0.2,0.2311926605504587,0.1959654178674351,0.0871212121212121,0.0832290766656171
U_31073015,C_682392,0.0,中国医科大学,2020-07-30 15:58:18,2,C,69,108,0.1805555555555555,0.0,0.1596330275229358,0.218348623853211,0.1988472622478386,0.0856060606060606,0.0738350684328134
U_12605001,C_682392,2.0,昆明理工大学,2020-09-04 10:47:30,0,A,476,108,0.1111111111111111,0.0,0.1431192660550458,0.2972477064220183,0.2247838616714697,0.0507575757575757,0.0546772556442129
U_967608,C_735164,0.0,昆明理工大学,2020-09-17 10:41:44,4,E,476,138,0.0416666666666666,0.0,0.0844036697247706,0.0844036697247706,0.063400576368876,0.0325757575757575,0.0662131666114579
U_27884741,C_735283,1.0,辽宁对外经贸学院,2020-04-20 12:21:55,4,E,781,143,0.0416666666666666,0.0,0.073394495412844,0.073394495412844,0.0547550432276657,0.0348484848484848,0.063315348312085
U_21720842,C_735115,0.0,哈尔滨工程大学Alevel中心,2020-07-11 14:22:39,4,E,274,136,0.0416666666666666,0.0,0.055045871559633,0.055045871559633,0.0489913544668587,0.0159090909090909,0.0626783830475641
U_32744375,C_735164,0.0,昆明理工大学,2020-09-20 20:33:57,0,A,476,138,0.0972222222222222,0.0,0.0091743119266055,0.0128440366972477,0.0086455331412103,0.0045454545454545,0.0632722926514925
U_30944756,C_682575,2.0,辽宁对外经贸学院,2020-07-13 17:06:43,4,E,781,113,0.0277777777777777,0.0,0.0073394495412844,0.0073394495412844,0.0086455331412103,0.0022727272727272,0.0614633309115271
U_30260003,C_674920,0.0,辽宁对外经贸学院,2020-05-28 18:09:20,4,E,781,87,0.0416666666666666,0.0,0.0018348623853211,0.0018348623853211,0.0,0.0,0.0605643570457517
U_30150743,C_735283,2.0,辽宁对外经贸学院,2020-05-24 14:15:38,4,E,781,143,0.0277777777777777,0.0,0.0036697247706422,0.0036697247706422,0.0028818443804034,0.0007575757575757,0.0617598573359158
U_30854183,C_747056,0.0,辽宁对外经贸学院,2020-07-06 08:39:49,4,E,781,147,0.0416666666666666,0.0,0.0110091743119266,0.0110091743119266,0.0057636887608069,0.003030303030303,0.0616387626714567
U_17197295,C_1736024,0.0,西北工业大学,2020-05-11 09:35:57,4,E,703,14,0.0416666666666666,0.0,0.073394495412844,0.073394495412844,0.031700288184438,0.0257575757575757,0.0644377470832698
U_33896342,C_697076,2.0,辽宁对外经贸学院,2020-10-04 10:45:10,4,E,781,121,0.0416666666666666,0.0,0.0825688073394495,0.0825688073394495,0.0720461095100864,0.0325757575757575,0.0619947072941188
U_29807815,C_735115,2.0,昆明理工大学,2020-06-15 10:15:03,0,A,476,136,0.1388888888888889,0.0,0.5211009174311927,0.5211009174311927,0.7060518731988472,0.2378787878787878,0.072598097231469
U_15832892,C_758928,1.0,辽宁对外经贸学院,2020-05-05 10:33:28,4,E,781,150,0.0416666666666666,0.0,0.073394495412844,0.073394495412844,0.0576368876080691,0.031060606060606,0.0628404831030636
U_34249100,C_697076,2.0,辽宁对外经贸学院,2020-12-07 13:37:43,4,E,781,121,0.0416666666666666,0.0,0.0091743119266055,0.0091743119266055,0.0086455331412103,0.0022727272727272,0.0607180678340505
U_33182669,C_1912004,1.0,哈尔滨工业大学,2020-09-20 19:47:05,4,E,270,74,0.0416666666666666,0.0,0.0055045871559633,0.0055045871559633,0.0086455331412103,0.0022727272727272,0.0612689663484636
U_33317870,C_697076,1.0,辽宁对外经贸学院,2020-09-30 17:58:38,4,E,781,121,0.0416666666666666,0.0,0.0825688073394495,0.0825688073394495,0.0691642651296829,0.031060606060606,0.0611717568290514
U_12201792,C_677087,2.0,昆明理工大学,2020-11-05 11:06:24,0,A,476,92,0.125,0.0,0.3614678899082569,0.3614678899082569,0.5677233429394812,0.1492424242424242,0.0683483044468458
U_29731644,C_747056,2.0,辽宁对外经贸学院,2020-04-29 22:15:31,4,E,781,147,0.0277777777777777,0.0,0.0073394495412844,0.0073394495412844,0.0057636887608069,0.0022727272727272,0.0614915047846707
U_12987240,C_1907852,0.0,合肥工业大学,2020-09-12 20:22:19,4,E,248,71,0.0416666666666666,0.0,0.0954128440366972,0.0954128440366972,0.031700288184438,0.0386363636363636,0.060583770226051
U_30023630,C_948113,2.0,辽宁对外经贸学院,2020-05-17 19:44:47,4,E,781,166,0.0416666666666666,0.0,0.0055045871559633,0.0055045871559633,0.0057636887608069,0.0015151515151515,0.0611570335165438
U_32612146,C_735164,2.0,昆明理工大学,2020-12-01 10:13:30,4,E,476,138,0.0416666666666666,0.0,0.055045871559633,0.0623853211009174,0.0806916426512968,0.0371212121212121,0.0623694113879477
U_13535044,C_948120,1.0,中国农业大学,2020-10-09 20:50:09,0,A,67,167,0.0138888888888888,0.2,0.1211009174311926,0.1211009174311926,0.1585014409221901,0.0492424242424242,0.0772974140915443
U_30708243,C_948436,0.0,辽宁对外经贸学院,2020-06-28 13:14:08,4,E,781,171,0.0416666666666666,0.0,0.018348623853211,0.018348623853211,0.0144092219020172,0.0,0.0617705543944481
U_32753761,C_735164,1.0,昆明理工大学,2020-10-25 13:10:24,0,A,476,138,0.0972222222222222,0.0,0.055045871559633,0.0568807339449541,0.0864553314121037,0.0401515151515151,0.0492479901527099
U_20431958,C_948113,2.0,昆明理工大学,2020-02-27 18:24:23,0,A,476,166,0.0555555555555555,0.0,0.1981651376146789,0.2752293577981651,0.2103746397694524,0.0507575757575757,0.0695544869385164
U_14500964,C_770766,2.0,辽宁对外经贸学院,2020-06-05 10:36:49,4,E,781,152,0.0833333333333333,0.0,0.0073394495412844,0.0073394495412844,0.0115273775216138,0.003030303030303,0.0574484970366289
U_32079829,C_697076,0.0,辽宁对外经贸学院,2020-09-06 19:56:17,4,E,781,121,0.0416666666666666,0.0,0.073394495412844,0.073394495412844,0.0691642651296829,0.0204545454545454,0.0626328016925959
U_33219882,C_697076,2.0,辽宁对外经贸学院,2020-09-21 10:34:29,2,C,781,121,0.1527777777777777,0.0,0.0275229357798165,0.0275229357798165,0.0374639769452449,0.0113636363636363,0.0739056690191265
U_31034239,C_696596,1.0,昆明理工大学,2020-07-25 18:52:32,0,A,476,117,0.1527777777777777,0.0,0.6513761467889909,0.6513761467889909,1.0,0.3462121212121212,0.0771948659475497
U_30945174,C_801420,0.0,辽宁对外经贸学院,2020-07-13 18:36:50,4,E,781,155,0.0277777777777777,0.0,0.0036697247706422,0.0036697247706422,0.0057636887608069,0.0015151515151515,0.0612870968722075
U_22295954,C_707358,1.0,湖北文理学院理工学院,2020-05-14 16:10:57,0,A,626,134,0.0138888888888888,0.0,0.018348623853211,0.0220183486238532,0.0288184438040345,0.0075757575757575,0.0755567451465605
U_29071298,C_676646,1.0,昆明理工大学,2020-08-11 13:41:19,0,A,476,90,0.125,0.0,0.1761467889908257,0.2532110091743119,0.1585014409221901,0.0863636363636363,0.0885166624121818
U_31060924,C_735115,2.0,辽宁对外经贸学院,2020-07-25 16:01:50,4,E,781,136,0.0555555555555555,0.0,0.5211009174311927,0.5211009174311927,0.3256484149855908,0.0992424242424242,0.0774719494775876
U_30680177,C_682575,2.0,中国医科大学,2020-06-24 20:03:13,2,C,69,113,0.125,0.0,0.1174311926605504,0.1174311926605504,0.1556195965417867,0.0409090909090909,0.0803697083488576
U_30111869,C_1750793,2.0,昆明理工大学,2020-05-21 21:56:25,0,A,476,17,0.0555555555555555,0.0,0.036697247706422,0.036697247706422,0.0461095100864553,0.0242424242424242,0.0698615469941543
U_6758789,C_1824911,0.0,重庆三峡医药高等专科学校,2020-06-02 10:23:58,0,A,822,57,0.125,0.0,0.181651376146789,0.2623853211009174,0.2074927953890489,0.0719696969696969,0.0784569801887869
U_32577797,C_735164,2.0,昆明理工大学,2020-09-16 13:46:55,2,C,476,138,0.0138888888888888,0.0,0.0091743119266055,0.0110091743119266,0.0144092219020172,0.006060606060606,0.0661396936668351
U_30574407,C_1829948,2.0,北方民族大学,2020-06-17 09:08:10,4,E,190,61,0.3472222222222222,0.0,0.0825688073394495,0.0825688073394495,0.1123919308357348,0.0295454545454545,0.0655181054239544
U_32498034,C_1472684,2.0,重庆医药高等专科学校,2020-11-24 23:36:15,4,E,834,3,0.0416666666666666,0.0,0.0458715596330275,0.0458715596330275,0.0403458213256484,0.0106060606060606,0.0623944949997376
U_31099674,C_682392,0.0,昆明理工大学,2020-08-14 11:13:00,0,A,476,108,0.0277777777777777,0.0,0.4495412844036697,0.4495412844036697,0.6916426512968299,0.2393939393939393,0.0619632302089191
U_12653252,C_1750793,0.0,北京体育大学,2020-06-10 18:53:37,0,A,159,17,0.0833333333333333,0.0,0.036697247706422,0.036697247706422,0.0547550432276657,0.0287878787878787,0.06995741938125
U_6099701,C_1017355,2.0,广州中医药大学,2020-04-12 20:25:16,0,A,423,0,0.125,0.0,0.1669724770642202,0.2605504587155963,0.2103746397694524,0.078030303030303,0.0653444862211649
U_30352757,C_1829948,1.0,中国医科大学,2020-06-04 15:05:25,2,C,69,61,0.2083333333333333,0.0,0.1908256880733945,0.2091743119266055,0.0835734870317002,0.0606060606060606,0.0658144337546666
U_32882193,C_735164,2.0,昆明理工大学,2020-11-06 16:40:13,0,A,476,138,0.0138888888888888,0.0,0.0018348623853211,0.0018348623853211,0.0028818443804034,0.0007575757575757,0.060081815706765
U_33329523,C_697076,2.0,辽宁对外经贸学院,2020-11-30 17:36:01,4,E,781,121,0.0416666666666666,0.0,0.055045871559633,0.055045871559633,0.0489913544668587,0.0136363636363636,0.0650712704701612
U_4378894,C_801420,2.0,北京服装学院,2020-07-18 20:52:21,4,E,172,155,0.0416666666666666,0.0,0.0165137614678899,0.0165137614678899,0.0115273775216138,0.003030303030303,0.059924984943061
U_32237167,C_697076,1.0,长沙理工大学,2020-09-08 19:24:25,4,E,862,121,0.0416666666666666,0.0,0.0678899082568807,0.0678899082568807,0.0288184438040345,0.0242424242424242,0.0634115277443793
U_11065125,C_676646,2.0,天津商业大学,2020-08-15 13:45:17,4,E,316,90,0.0277777777777777,0.0,0.0036697247706422,0.0036697247706422,0.0028818443804034,0.0007575757575757,0.0615829646351218
U_30443104,C_1824911,2.0,辽宁对外经贸学院,2020-06-10 20:52:04,4,E,781,57,0.0416666666666666,0.0,0.0623853211009174,0.0623853211009174,0.0806916426512968,0.0212121212121212,0.062182074198059
U_31066603,C_682392,2.0,昆明理工大学,2020-08-07 14:26:25,0,A,476,108,0.0972222222222222,0.0,0.1082568807339449,0.2532110091743119,0.170028818443804,0.0424242424242424,0.0434282685103872
U_963368,C_735115,1.0,西北农林科技大学,2020-05-28 18:31:08,2,C,702,136,0.1388888888888889,0.0,0.055045871559633,0.055045871559633,0.063400576368876,0.0204545454545454,0.0685882998882965
U_7364575,C_697076,2.0,辽宁对外经贸学院,2020-09-30 06:58:12,4,E,781,121,0.0138888888888888,0.0,0.1027522935779816,0.1027522935779816,0.0691642651296829,0.031060606060606,0.0568945874983326
U_2329966,C_735164,0.0,山东华宇工学院,2020-11-28 13:42:58,4,E,366,138,0.0416666666666666,0.0,0.0091743119266055,0.0091743119266055,0.0144092219020172,0.006060606060606,0.0613088673672575
U_5281671,C_674920,0.0,辽宁对外经贸学院,2020-06-19 18:56:27,4,E,781,87,0.0138888888888888,0.0,0.0825688073394495,0.0825688073394495,0.0461095100864553,0.0196969696969696,0.0607126549243395
U_32415811,C_735197,1.0,辽宁对外经贸学院,2020-09-11 09:14:48,4,E,781,141,0.0277777777777777,0.0,0.0091743119266055,0.0091743119266055,0.0115273775216138,0.003030303030303,0.0645826526076471
U_30618267,C_936971,1.0,中国医科大学,2020-08-01 08:19:44,2,C,69,162,0.0972222222222222,0.0,0.0623853211009174,0.0623853211009174,0.0979827089337175,0.034090909090909,0.0773804846747946
U_34171781,C_735164,0.0,中国医科大学,2020-10-01 12:33:04,2,C,69,138,0.1388888888888889,0.0,0.1651376146788991,0.2660550458715596,0.1095100864553314,0.034090909090909,0.0807933861518651
U_1038012,C_735164,0.0,昆明理工大学,2020-09-23 08:48:04,0,A,476,138,0.0138888888888888,0.0,0.1889908256880734,0.2642201834862385,0.2132564841498559,0.0583333333333333,0.0682240930684309
U_16412257,C_801420,1.0,辽宁对外经贸学院,2020-07-21 08:43:09,4,E,781,155,0.0277777777777777,0.0,0.0036697247706422,0.0036697247706422,0.0,0.0,0.0613551222407258
U_26593758,C_747056,1.0,辽宁对外经贸学院,2020-04-16 10:48:02,4,E,781,147,0.0416666666666666,0.0,0.073394495412844,0.073394495412844,0.0432276657060518,0.0303030303030303,0.0627384797166795
U_206390,C_677087,2.0,无,2020-09-24 11:20:14,4,E,467,92,0.0416666666666666,0.0,0.0055045871559633,0.0055045871559633,0.0057636887608069,0.0015151515151515,0.0612951840465516
U_30553467,C_735197,0.0,辽宁对外经贸学院,2020-10-23 13:35:11,4,E,781,141,0.0555555555555555,0.0,0.1779816513761468,0.1779816513761468,0.0893371757925072,0.0287878787878787,0.0671524822544573
U_29706016,C_676635,2.0,辽宁对外经贸学院,2020-04-28 14:36:23,4,E,781,89,0.0416666666666666,0.0,0.0697247706422018,0.0697247706422018,0.0662824207492795,0.0325757575757575,0.0621850257938392
U_12695975,C_948387,2.0,深圳信息职业技术学院,2020-10-20 09:05:05,4,E,610,169,0.0416666666666666,0.0,0.073394495412844,0.073394495412844,0.0461095100864553,0.0121212121212121,0.0635233664818028
U_30975558,C_674920,1.0,辽宁对外经贸学院,2020-07-16 18:04:23,4,E,781,87,0.0416666666666666,0.0,0.055045871559633,0.055045871559633,0.0691642651296829,0.0181818181818181,0.0619352643341359
U_29822778,C_756642,2.0,辽宁对外经贸学院,2020-05-07 22:13:50,4,E,781,149,0.0416666666666666,0.0,0.0660550458715596,0.0660550458715596,0.0489913544668587,0.031060606060606,0.0628657499515043
U_7129253,C_747056,1.0,天津科技大学,2020-04-23 14:29:40,4,E,325,147,0.0416666666666666,0.0,0.0587155963302752,0.0587155963302752,0.0576368876080691,0.031060606060606,0.060530314647441
U_33200382,C_697076,2.0,辽宁对外经贸学,2020-11-23 08:59:18,4,E,779,121,0.0416666666666666,0.0,0.018348623853211,0.018348623853211,0.0230547550432276,0.0068181818181818,0.061538844221018
U_29786921,C_747056,0.0,辽宁对外经贸学院,2020-05-06 00:38:51,4,E,781,147,0.0277777777777777,0.0,0.0055045871559633,0.0055045871559633,0.0057636887608069,0.0015151515151515,0.0614196611605373
U_22323229,C_1829948,0.0,北方民族大学,2020-06-17 11:17:58,4,E,190,61,0.0972222222222222,0.0,0.0807339449541284,0.0807339449541284,0.0489913544668587,0.0128787878787878,0.0638095326069093
U_33007334,C_735164,1.0,昆明理工大学,2020-09-17 10:14:28,0,A,476,138,0.0138888888888888,0.0,0.0990825688073394,0.1027522935779816,0.1527377521613832,0.0727272727272727,0.0639366047480576
U_31060160,C_735115,1.0,辽宁对外经贸学院,2020-07-25 16:17:24,4,E,781,136,0.0555555555555555,0.0,0.0568807339449541,0.0568807339449541,0.0461095100864553,0.0136363636363636,0.0619645871506033
U_5095009,C_674920,0.0,西昌民族幼儿师范高等专科学校。,2020-06-30 07:47:53,4,E,752,87,0.1388888888888889,0.0,0.073394495412844,0.073394495412844,0.1152737752161383,0.031060606060606,0.0666870661138062
U_30445241,C_674920,0.0,辽宁对外经贸学院,2020-06-11 07:51:13,4,E,781,87,0.0416666666666666,0.0,0.018348623853211,0.018348623853211,0.0288184438040345,0.0075757575757575,0.0612457448172331
U_11588512,C_735164,0.0,昆明理工大学,2020-10-22 11:19:22,0,A,476,138,0.0138888888888888,0.0,0.1724770642201835,0.1834862385321101,0.2651296829971181,0.1106060606060606,0.075583643731353
U_30457081,C_1829948,1.0,辽宁对外经贸学院,2020-06-11 16:22:06,4,E,781,61,0.0972222222222222,0.0,0.0311926605504587,0.0311926605504587,0.0403458213256484,0.0106060606060606,0.0619889477204739
U_12043788,C_1771167,1.0,延安大学,2020-08-31 16:01:08,4,E,444,39,0.0277777777777777,0.0,0.0018348623853211,0.0018348623853211,0.0028818443804034,0.0007575757575757,0.0612276638169084
U_13399920,C_674920,2.0,辽宁对外经贸学院,2020-06-03 14:38:31,4,E,781,87,0.0416666666666666,0.0,0.0770642201834862,0.0770642201834862,0.0605187319884726,0.0333333333333333,0.0617624325537106
U_12181237,C_735197,1.0,华南理工大学,2020-11-14 23:32:12,4,E,211,141,0.0555555555555555,0.0,0.1889908256880734,0.1889908256880734,0.0951008645533141,0.025,0.0680648571574495
U_31057798,C_735115,2.0,辽宁对外经贸学院,2020-07-24 23:47:06,4,E,781,136,0.0416666666666666,0.0,0.055045871559633,0.055045871559633,0.0345821325648414,0.0098484848484848,0.0620287942635067
U_30404042,C_1829948,2.0,华南理工大学,2020-06-08 15:04:23,3,D,211,61,0.2083333333333333,0.0,0.1596330275229358,0.3779816513761468,0.0662824207492795,0.1454545454545454,0.0614595027512282
U_15422421,C_674959,2.0,辽宁对外经贸学院,2020-06-16 20:09:28,4,E,781,88,0.0416666666666666,0.0,0.0073394495412844,0.0073394495412844,0.0115273775216138,0.0045454545454545,0.0616417836000237
U_29902989,C_1907855,1.0,辽宁对外经贸学院,2020-08-16 21:05:26,4,E,781,72,0.0416666666666666,0.0,0.0330275229357798,0.0330275229357798,0.0432276657060518,0.0174242424242424,0.0619267314490196
U_32879388,C_735164,2.0,昆明理工大学,2020-11-08 08:07:23,0,A,476,138,0.0972222222222222,0.0,0.1743119266055046,0.2587155963302752,0.1930835734870317,0.0568181818181818,0.064493871974171
U_28412816,C_1736024,2.0,广州中医药大学,2020-05-15 16:49:38,4,E,423,14,0.0416666666666666,0.0,0.0091743119266055,0.0128440366972477,0.0144092219020172,0.006060606060606,0.0614046704215664
U_11534180,C_735197,2.0,辽宁石油化工大学,2020-09-09 10:37:29,4,E,790,141,0.0555555555555555,0.0,0.0844036697247706,0.0844036697247706,0.0720461095100864,0.0356060606060606,0.0613129084782586
U_28774856,C_1750795,1.0,辽宁对外经贸学院,2020-06-13 14:31:32,4,E,781,18,0.0416666666666666,0.0,0.0055045871559633,0.0055045871559633,0.0057636887608069,0.003030303030303,0.0612535497080882
U_13143205,C_1992929,0.0,北京体育大学,2020-12-02 16:19:59,3,D,159,81,0.1527777777777777,0.0,0.1669724770642202,0.1669724770642202,0.0922190201729106,0.0242424242424242,0.0808696819313783
U_5489741,C_674959,0.0,辽宁对外经贸学院,2020-04-16 12:10:25,4,E,781,88,0.0416666666666666,0.0,0.0697247706422018,0.0697247706422018,0.0461095100864553,0.0333333333333333,0.0628087385914007
U_29934715,C_735115,0.0,辽宁对外经贸学院,2020-05-12 08:50:42,4,E,781,136,0.0555555555555555,0.0,0.055045871559633,0.055045871559633,0.0778097982708933,0.0265151515151515,0.0614935550542227
U_11064809,C_676646,1.0,天津商业大学,2020-08-27 15:06:40,4,E,316,90,0.0277777777777777,0.0,0.0073394495412844,0.0073394495412844,0.0115273775216138,0.003030303030303,0.0616317699646754
U_29938889,C_697062,2.0,昆明理工大学,2020-05-12 11:10:12,0,A,476,120,0.1111111111111111,0.0,0.1889908256880734,0.1889908256880734,0.2190201729106628,0.0598484848484848,0.0677701086238076
U_19906954,C_948436,2.0,西安美术学院,2020-05-24 10:34:35,4,E,727,171,0.0416666666666666,0.0,0.0036697247706422,0.0036697247706422,0.0057636887608069,0.0,0.0615191784712811
U_14786120,C_1714448,2.0,辽宁对外经贸学院,2020-05-09 08:47:33,4,E,781,8,0.0416666666666666,0.0,0.0330275229357798,0.0330275229357798,0.0345821325648414,0.009090909090909,0.0626811117879582
U_32878406,C_735164,1.0,昆明理工大学,2020-09-16 12:01:05,0,A,476,138,0.125,0.0,0.1871559633027523,0.2990825688073394,0.2161383285302593,0.081060606060606,0.0893979305304458
U_20335900,C_948395,2.0,西安美术学院,2020-05-23 18:30:04,1,B,727,170,0.1111111111111111,0.0,0.110091743119266,0.110091743119266,0.1239193083573487,0.0681818181818181,0.1120391177467122
U_33523559,C_1992945,0.0,辽宁对外经贸学院,2020-10-03 17:07:30,4,E,781,82,0.0277777777777777,0.0,0.0055045871559633,0.0110091743119266,0.0,0.0,0.0616562890094871
U_29916943,C_735115,0.0,辽宁对外经贸学院,2020-05-11 09:04:40,4,E,781,136,0.0555555555555555,0.0,0.128440366972477,0.128440366972477,0.201729106628242,0.0681818181818181,0.0630049058069204
U_4033295,C_735164,1.0,济南大学,2020-11-29 00:01:25,0,A,592,138,0.0972222222222222,0.0,0.0256880733944954,0.0256880733944954,0.0403458213256484,0.0196969696969696,0.0703234667814148
U_30201606,C_680821,1.0,辽宁对外经贸学院,2020-05-27 11:35:43,4,E,781,97,0.0277777777777777,0.0,0.0018348623853211,0.0018348623853211,0.0,0.0,0.0612358500380907
U_9814069,C_735197,1.0,华南理工大学,2020-09-24 11:27:16,3,D,211,141,0.0972222222222222,0.0,0.0458715596330275,0.0458715596330275,0.063400576368876,0.0219696969696969,0.0861101114782465
U_32578744,C_735164,1.0,昆明理工大学,2020-11-20 11:41:51,0,A,476,138,0.0833333333333333,0.0,0.0091743119266055,0.0091743119266055,0.0144092219020172,0.006060606060606,0.0609500701956534
U_30560585,C_1829948,2.0,辽宁对外经贸学院,2020-06-18 08:44:05,4,E,781,61,0.2361111111111111,0.0,0.0073394495412844,0.0073394495412844,0.0057636887608069,0.0015151515151515,0.0627396336123453
U_12133340,C_1829948,0.0,北方民族大学,2020-06-19 09:01:47,4,E,190,61,0.0416666666666666,0.0,0.0220183486238532,0.0220183486238532,0.0230547550432276,0.006060606060606,0.0611729701528201
U_5277647,C_674920,0.0,西昌民族幼儿师范高等专科学校,2020-06-12 15:27:59,4,E,751,87,0.0555555555555555,0.0,0.018348623853211,0.018348623853211,0.0288184438040345,0.0075757575757575,0.059557753933179
U_17896030,C_786631,1.0,北华航天工业学院,2020-04-22 15:53:04,0,A,186,154,0.0277777777777777,0.0,0.1853211009174312,0.2605504587155963,0.2074927953890489,0.0765151515151515,0.069798365016027
U_7749444,C_1017355,2.0,广州中医药大学,2020-05-05 16:21:32,0,A,423,0,0.0833333333333333,0.0,0.0807339449541284,0.0807339449541284,0.1066282420749279,0.0348484848484848,0.0676470924506862
U_30594238,C_1829948,2.0,华南理工大学,2020-06-18 09:30:01,3,D,211,61,0.3611111111111111,0.0,0.2770642201834862,0.2770642201834862,0.3429394812680115,0.0901515151515151,0.0681752101922991
U_31071614,C_682392,0.0,昆明理工大学,2020-08-01 12:30:14,0,A,476,108,0.0694444444444444,0.0,0.4495412844036697,0.4495412844036697,0.6714697406340058,0.231060606060606,0.0559885813070406
U_7469768,C_1017355,0.0,广州中医药大学,2020-03-07 11:29:56,1,B,423,0,0.2083333333333333,0.0,0.0385321100917431,0.0532110091743119,0.0605187319884726,0.0242424242424242,0.1124542725692873
U_25299483,C_948395,2.0,西安美术学院,2020-05-25 11:27:09,1,B,727,170,0.1388888888888889,0.0,0.110091743119266,0.110091743119266,0.1239193083573487,0.0681818181818181,0.1123037213751291
U_33009823,C_735164,1.0,昆明理工大学,2020-09-17 10:51:30,0,A,476,138,0.0277777777777777,0.0,0.0990825688073394,0.1192660550458715,0.1354466858789625,0.0643939393939393,0.0469111820594684
U_21053384,C_1844112,2.0,内蒙古大学,2020-08-19 07:58:38,0,A,145,63,0.1666666666666666,0.0,0.3577981651376147,0.3596330275229358,0.5504322766570605,0.571969696969697,0.0427683963534253
U_31173320,C_697076,2.0,辽宁对外经贸学院,2020-08-11 17:55:32,4,E,781,121,0.0555555555555555,0.0,0.0256880733944954,0.0256880733944954,0.031700288184438,0.009090909090909,0.0572863474577102
U_33650664,C_697076,2.0,辽宁对外经贸学院,2020-10-13 10:17:58,4,E,781,121,0.0138888888888888,0.0,0.073394495412844,0.073394495412844,0.0922190201729106,0.0272727272727272,0.0639846969403757
U_30537520,C_697367,0.0,广州中医药大学,2020-06-15 15:15:25,1,B,423,127,0.2083333333333333,0.0,0.0642201834862385,0.0642201834862385,0.0835734870317002,0.0219696969696969,0.1094505880568382
U_29890878,C_1017355,0.0,昆明理工大学,2020-05-09 10:28:16,0,A,476,0,0.1111111111111111,0.0,0.0825688073394495,0.0825688073394495,0.1123919308357348,0.0386363636363636,0.0684693248261762
U_15323137,C_801420,1.0,辽宁对外经贸学院,2020-07-07 22:04:07,4,E,781,155,0.0277777777777777,0.0,0.0073394495412844,0.0073394495412844,0.0028818443804034,0.0007575757575757,0.0614719479864558
U_29601443,C_756642,2.0,中国医科大学,2020-04-23 21:15:28,2,C,69,149,0.1527777777777777,0.0,0.1798165137614679,0.1798165137614679,0.1642651296829971,0.0666666666666666,0.0814508392548805
U_11382710,C_676635,1.0,山东理工大学,2020-06-03 17:09:24,4,E,376,89,0.0416666666666666,0.0,0.0275229357798165,0.0275229357798165,0.0259365994236311,0.0068181818181818,0.0619310498911678
U_23948517,C_823315,1.0,辽宁对外经贸学院,2020-06-13 23:48:31,4,E,781,158,0.0416666666666666,0.0,0.0697247706422018,0.0697247706422018,0.0461095100864553,0.0303030303030303,0.0619418757105898
U_33344087,C_697076,2.0,辽宁对外经贸学院,2020-11-16 22:21:29,0,A,781,121,0.1388888888888889,0.0,0.3926605504587156,0.3926605504587156,0.5907780979827089,0.1969696969696969,0.0735022413422017
U_30975467,C_1750795,1.0,辽宁对外经贸学院,2020-07-17 17:56:53,4,E,781,18,0.0694444444444444,0.0,0.1724770642201835,0.1724770642201835,0.2276657060518732,0.1212121212121212,0.0637463704381497
U_30645037,C_1824911,2.0,辽宁对外经贸学院,2020-06-22 11:49:44,4,E,781,57,0.0694444444444444,0.0,0.0587155963302752,0.0587155963302752,0.0893371757925072,0.0234848484848484,0.0615317970384757
U_24865249,C_808528,0.0,中国医科大学,2020-02-19 20:37:05,2,C,69,156,0.0138888888888888,0.0,0.1798165137614679,0.1798165137614679,0.1642651296829971,0.0553030303030303,0.0708152244287018
U_29957201,C_747056,0.0,辽宁对外经贸学院,2020-05-13 10:50:51,4,E,781,147,0.0416666666666666,0.0,0.0146788990825688,0.0146788990825688,0.0201729106628242,0.0053030303030303,0.0616267037188983
U_4096725,C_786631,0.0,西昌学院,2020-03-03 10:36:13,2,C,736,154,0.0555555555555555,0.0,0.1871559633027523,0.1871559633027523,0.1671469740634005,0.0621212121212121,0.0732741909494453
U_31639613,C_801420,2.0,辽宁对外经贸学院,2020-08-29 16:08:15,4,E,781,155,0.0277777777777777,0.0,0.0110091743119266,0.0110091743119266,0.0,0.0,0.0616568040530461
U_29909036,C_948078,0.0,辽宁对外经贸学院,2020-05-27 14:00:23,4,E,781,164,0.0972222222222222,0.0,0.0018348623853211,0.0018348623853211,0.0,0.0,0.0611599009225115
U_17678769,C_1829948,0.0,北方民族大学,2020-06-04 18:26:16,2,C,190,61,0.2361111111111111,0.0,0.1137614678899082,0.218348623853211,0.1786743515850144,0.0621212121212121,0.0530501835180318
U_31092558,C_735385,1.0,辽宁对外经贸学院,2020-08-17 17:43:59,4,E,781,146,0.0416666666666666,0.0,0.0844036697247706,0.0844036697247706,0.0979827089337175,0.0257575757575757,0.0634272365729276
U_30565904,C_1750793,0.0,昆明理工大学,2020-06-16 19:05:25,0,A,476,17,0.0694444444444444,0.0,0.036697247706422,0.036697247706422,0.0547550432276657,0.0287878787878787,0.0698810740783177
U_31418073,C_1912004,1.0,辽宁对外经贸学院,2020-09-23 17:05:07,4,E,781,74,0.0416666666666666,0.0,0.0091743119266055,0.0091743119266055,0.0057636887608069,0.0015151515151515,0.0098511366696157
U_29901564,C_1017355,0.0,华南理工大学,2020-05-09 20:40:46,3,D,211,0,0.1388888888888889,0.0,0.0568807339449541,0.0568807339449541,0.0172910662824207,0.0053030303030303,0.0805083392560309
U_11267564,C_1786221,1.0,北京体育大学,2020-11-26 14:54:56,3,D,159,51,0.1388888888888889,0.0,0.0458715596330275,0.0458715596330275,0.0288184438040345,0.0196969696969696,0.0798820660977004
U_11449005,C_735306,1.0,重庆三峡医药高等专科学院,2020-10-26 11:47:36,0,A,823,144,0.8194444444444444,0.2,0.1247706422018348,0.2036697247706422,0.0979827089337175,0.1515151515151515,0.0187771665961457
U_9810301,C_735197,0.0,华南理工大学,2020-09-16 20:22:50,3,D,211,141,0.1527777777777777,0.0,0.1559633027522936,0.2954128440366972,0.0489913544668587,0.1727272727272727,0.0179578412893795
U_8934443,C_735197,0.0,辽宁对外经贸学院,2020-10-14 10:14:35,4,E,781,141,0.0555555555555555,0.0,0.0311926605504587,0.0311926605504587,0.0489913544668587,0.0424242424242424,0.0583343917674118
U_11847916,C_674920,2.0,北京第二外国语学院,2020-06-09 15:21:40,4,E,179,87,0.0555555555555555,0.0,0.1651376146788991,0.1651376146788991,0.0979827089337175,0.0257575757575757,0.066390509975366
U_31015728,C_674920,1.0,辽宁对外经贸学院,2020-07-19 14:15:53,4,E,781,87,0.0416666666666666,0.0,0.036697247706422,0.036697247706422,0.0518731988472622,0.0136363636363636,0.0605404174249438
U_25898562,C_948436,0.0,西安美术学院,2020-06-27 20:05:06,4,E,727,171,0.0416666666666666,0.0,0.0440366972477064,0.0440366972477064,0.0432276657060518,0.0007575757575757,0.0627596262166485
U_30003242,C_1778562,0.0,辽宁对外经贸学院,2020-05-15 21:47:42,4,E,781,49,0.0277777777777777,0.0,0.0036697247706422,0.0036697247706422,0.0028818443804034,0.0007575757575757,0.0614012533056464
U_29915802,C_676676,2.0,辽宁对外经贸学院,2020-05-11 08:18:38,4,E,781,91,0.0416666666666666,0.0,0.0220183486238532,0.0220183486238532,0.0259365994236311,0.0068181818181818,0.0617957172437086
U_11540858,C_948120,0.0,中国农业大学,2020-10-08 22:21:52,2,C,67,167,0.0277777777777777,0.0,0.0091743119266055,0.0091743119266055,0.0144092219020172,0.0037878787878787,0.0765511308316336
U_6758766,C_1824911,2.0,重庆三峡医药高等专科学校,2020-06-10 18:01:43,4,E,822,57,0.125,0.0,0.0623853211009174,0.0623853211009174,0.0547550432276657,0.0143939393939393,0.0636321941953432
U_15052547,C_786631,2.0,汇华学院,2020-06-05 16:22:14,2,C,515,154,0.1805555555555555,0.0,0.255045871559633,0.255045871559633,0.3861671469740634,0.1356060606060606,0.0672082406720569
U_30989368,C_676646,0.0,辽宁对外经贸学院,2020-07-31 14:23:26,4,E,781,90,0.0416666666666666,0.0,0.0715596330275229,0.0715596330275229,0.0605187319884726,0.0325757575757575,0.0613181579606865
U_30904793,C_735197,1.0,昆明理工大学,2020-09-14 14:33:32,0,A,476,141,0.0555555555555555,0.0,0.2036697247706422,0.2532110091743119,0.2074927953890489,0.0545454545454545,0.0665717954034369
U_10272733,C_1918363,0.0,新乡医学院三全学院,2020-11-14 16:58:28,2,C,461,76,0.0138888888888888,0.0,0.0605504587155963,0.0605504587155963,0.0720461095100864,0.0492424242424242,0.0747540943309949
U_34040736,C_735164,1.0,昆明理工大学,2020-11-08 18:45:16,0,A,476,138,0.1111111111111111,0.0,0.181651376146789,0.2678899082568807,0.2305475504322766,0.0666666666666666,0.0619792064639308
U_4690967,C_682392,0.0,陕西工业职业技术学院,2020-07-30 15:29:55,3,D,876,108,0.125,0.0,0.4495412844036697,0.4495412844036697,0.2420749279538904,0.0734848484848484,0.0873886873040028
U_31106386,C_1912002,2.0,辽宁对外经贸学院,2020-07-30 23:34:14,4,E,781,73,0.0416666666666666,0.0,0.0110091743119266,0.0110091743119266,0.0115273775216138,0.0121212121212121,0.0615099572106389
U_3976207,C_707079,0.0,哈尔滨工业大学,2020-07-17 14:26:52,4,E,270,132,0.1111111111111111,0.0,0.3431192660550459,0.3431192660550459,0.3861671469740634,0.1484848484848485,0.0729722070442684
U_10239111,C_735195,0.0,中国人民解放军陆军军医大学,2020-05-30 20:00:54,0,A,62,140,0.0833333333333333,0.0,0.0238532110091743,0.0238532110091743,0.0345821325648414,0.009090909090909,0.0703236747797752
U_13685365,C_735130,1.0,辽宁对外经贸学院,2020-11-19 14:22:10,4,E,781,137,0.0416666666666666,0.0,0.0091743119266055,0.0091743119266055,0.0028818443804034,0.0007575757575757,0.0613658589179934
U_33443264,C_697076,2.0,辽宁对外经贸学院,2020-11-28 14:20:43,4,E,781,121,0.0416666666666666,0.0,0.036697247706422,0.036697247706422,0.0201729106628242,0.0053030303030303,0.0656923337647991
U_9478658,C_756642,2.0,辽宁对外经贸学院,2020-05-11 16:28:09,4,E,781,149,0.0416666666666666,0.0,0.0091743119266055,0.0091743119266055,0.0057636887608069,0.0015151515151515,0.0619621902171174
U_31066248,C_682392,0.0,昆明理工大学,2020-09-15 20:52:29,0,A,476,108,0.1111111111111111,0.0,0.1211009174311926,0.2697247706422018,0.1873198847262247,0.0446969696969697,0.0527796222222934
U_15807533,C_1864063,2.0,辽宁对外经贸学院,2020-08-11 15:45:41,4,E,781,66,0.0416666666666666,0.0,0.0110091743119266,0.0110091743119266,0.0086455331412103,0.0022727272727272,0.061838604524676
U_22322187,C_948113,2.0,中国医科大学,2020-06-03 14:16:57,2,C,69,166,0.1666666666666666,0.0,0.2642201834862385,0.2642201834862385,0.3429394812680115,0.1022727272727272,0.0759843749184147
U_16088907,C_786631,0.0,北华航天工业学院,2020-03-30 13:17:32,0,A,186,154,0.0277777777777777,0.0,0.2091743119266055,0.2678899082568807,0.2046109510086455,0.0689393939393939,0.0740567897326048
U_5256525,C_674920,0.0,西昌民族幼儿师范高等专科学校,2020-06-12 13:52:01,4,E,751,87,0.0555555555555555,0.0,0.0862385321100917,0.0862385321100917,0.0922190201729106,0.031060606060606,0.0601412438097222
U_33305678,C_2027893,1.0,辽宁对外经贸学院,2020-09-21 19:11:06,4,E,781,84,0.0416666666666666,0.0,0.0165137614678899,0.0165137614678899,0.0259365994236311,0.0083333333333333,0.0614743102535484
U_7157757,C_735197,0.0,华南理工大学,2020-09-10 07:31:13,4,E,211,141,0.0416666666666666,0.0,0.0660550458715596,0.0660550458715596,0.0518731988472622,0.028030303030303,0.0624149976952578
U_31066084,C_682392,0.0,昆明理工大学,2020-08-06 16:24:10,0,A,476,108,0.1111111111111111,0.0,0.4495412844036697,0.4495412844036697,0.6916426512968299,0.2409090909090909,0.0627498800077635
U_33555032,C_697076,2.0,辽宁对外经贸学院,2020-11-07 09:28:09,4,E,781,121,0.0277777777777777,0.0,0.0275229357798165,0.0275229357798165,0.0259365994236311,0.0068181818181818,0.0613401909298578
U_33459869,C_2027893,1.0,北京石油化工学院,2020-09-23 10:45:13,4,E,176,84,0.0416666666666666,0.0,0.0165137614678899,0.0165137614678899,0.0144092219020172,0.0045454545454545,0.0420109820363888
U_4096740,C_786631,0.0,西昌学院,2020-03-01 13:20:23,2,C,736,154,0.0694444444444444,0.0,0.1853211009174312,0.1853211009174312,0.170028818443804,0.0636363636363636,0.0737632248086801
U_17124541,C_735283,1.0,辽宁对外经贸学院,2020-06-17 22:22:18,4,E,781,143,0.0277777777777777,0.0,0.0036697247706422,0.0036697247706422,0.0028818443804034,0.0007575757575757,0.0617598573359158
U_7767180,C_1829948,0.0,北方民族大学,2020-06-05 14:29:46,1,B,190,61,0.0277777777777777,0.0,0.0073394495412844,0.0073394495412844,0.0028818443804034,0.0007575757575757,0.0928328859112274
U_29490920,C_681411,2.0,辽宁对外经贸学院,2020-05-30 13:51:29,4,E,781,103,0.0416666666666666,0.0,0.0660550458715596,0.0660550458715596,0.0922190201729106,0.0242424242424242,0.0630769871434656
U_29804577,C_1017355,0.0,华南理工大学,2020-05-06 22:12:56,3,D,211,0,0.1388888888888889,0.0,0.0697247706422018,0.0697247706422018,0.031700288184438,0.0106060606060606,0.0808608519057473
U_30693505,C_674920,1.0,辽宁对外经贸学院,2020-06-27 11:59:12,4,E,781,87,0.0416666666666666,0.0,0.0146788990825688,0.0146788990825688,0.0201729106628242,0.0053030303030303,0.0608542126655835
U_32059670,C_1912004,1.0,辽宁对外经贸学院,2020-10-18 18:58:58,4,E,781,74,0.0416666666666666,0.0,0.0697247706422018,0.0697247706422018,0.0605187319884726,0.0325757575757575,0.0623592590870259
U_33384296,C_735164,2.0,昆明理工大学,2020-10-26 14:42:41,4,E,476,138,0.0416666666666666,0.0,0.1137614678899082,0.1137614678899082,0.1786743515850144,0.0704545454545454,0.0652180083610463
U_5643136,C_1824911,0.0,重庆三峡医药高等专科学校,2020-06-03 19:59:28,4,E,822,57,0.0555555555555555,0.0,0.0587155963302752,0.0587155963302752,0.0547550432276657,0.034090909090909,0.065975058012276
U_30593477,C_1829948,0.0,辽宁对外经贸学院,2020-06-18 08:48:08,4,E,781,61,0.5833333333333333,0.0,0.0825688073394495,0.0825688073394495,0.1095100864553314,0.0287878787878787,0.0679149794817915
U_32549870,C_677087,1.0,辽宁对外经贸学院,2020-09-16 11:42:41,4,E,781,92,0.0416666666666666,0.0,0.0238532110091743,0.0238532110091743,0.0172910662824207,0.0045454545454545,0.0618221528448407
U_6758204,C_1824911,2.0,重庆三峡医药高等专科学校,2020-06-02 09:51:33,2,C,822,57,0.1111111111111111,0.0,0.0623853211009174,0.0623853211009174,0.0806916426512968,0.0212121212121212,0.0819829832504688
U_28188473,C_786631,0.0,昆明理工大学,2020-03-03 21:31:00,0,A,476,154,0.0138888888888888,0.0,0.1889908256880734,0.273394495412844,0.2074927953890489,0.056060606060606,0.0687334332204018
U_30895380,C_674959,0.0,辽宁对外经贸学院,2020-07-09 09:40:51,4,E,781,88,0.0277777777777777,0.0,0.0073394495412844,0.0073394495412844,0.0086455331412103,0.0022727272727272,0.0616829524183473
U_33234390,C_1992945,2.0,辽宁对外经贸学院,2020-09-22 15:37:14,4,E,781,82,0.0416666666666666,0.0,0.0128440366972477,0.0128440366972477,0.0086455331412103,0.0022727272727272,0.060614321223313
U_12207205,C_674920,1.0,西昌民族幼儿师范高等专科学校,2020-06-11 10:40:33,4,E,751,87,0.0972222222222222,0.0,0.018348623853211,0.018348623853211,0.0259365994236311,0.0068181818181818,0.0523338322126439
U_25277378,C_948395,2.0,西安美术学院,2020-05-25 14:16:03,0,A,727,170,0.1388888888888889,0.0,0.110091743119266,0.110091743119266,0.1729106628242074,0.1,0.0683069028684523
U_29325260,C_1732845,1.0,中国医科大学,2020-04-12 18:00:00,2,C,69,13,0.1527777777777777,0.0,0.1798165137614679,0.1798165137614679,0.1757925072046109,0.0598484848484848,0.075997350054227
U_8715649,C_1017355,1.0,广州中医药大学,2020-05-03 13:04:42,0,A,423,0,0.1527777777777777,0.0,0.0825688073394495,0.0825688073394495,0.0979827089337175,0.0287878787878787,0.0685039565531745
U_1332907,C_1731884,0.0,保山学院,2020-05-27 09:41:19,4,E,127,11,0.0277777777777777,0.0,0.0110091743119266,0.0110091743119266,0.0144092219020172,0.0037878787878787,0.0609270021870222
U_31071754,C_674920,1.0,辽宁对外经贸学院,2020-07-27 14:45:25,4,E,781,87,0.0416666666666666,0.0,0.018348623853211,0.018348623853211,0.0115273775216138,0.003030303030303,0.0611070941006921
U_22111887,C_1844112,2.0,内蒙古大学,2020-08-19 08:04:20,0,A,145,63,0.1805555555555555,0.0,0.3541284403669725,0.3577981651376147,0.5504322766570605,0.571969696969697,0.0567719352232949
U_3486689,C_682157,1.0,辽宁对外经贸学院,2020-08-11 18:45:58,4,E,781,105,0.0277777777777777,0.0,0.0055045871559633,0.0055045871559633,0.0057636887608069,0.0015151515151515,0.0615804587501138
U_33259782,C_1912004,2.0,辽宁对外经贸学院,2020-09-21 14:33:05,4,E,781,74,0.0416666666666666,0.0,0.0678899082568807,0.0678899082568807,0.0518731988472622,0.0318181818181818,0.0633641932603739
U_33305808,C_2027893,1.0,辽宁对外经贸学院,2020-09-21 19:09:12,4,E,781,84,0.0277777777777777,0.0,0.0110091743119266,0.0110091743119266,0.0172910662824207,0.006060606060606,0.0029272608377889
U_15201668,C_735197,0.0,辽宁石油化工大学,2020-09-22 20:57:04,4,E,790,141,0.0555555555555555,0.0,0.1229357798165137,0.1229357798165137,0.1210374639769452,0.0318181818181818,0.0640063535315617
U_22744901,C_735197,1.0,辽宁对外经贸学院,2020-09-13 19:03:44,4,E,781,141,0.0416666666666666,0.0,0.0091743119266055,0.0091743119266055,0.0057636887608069,0.0015151515151515,0.0612251727889261
U_6758157,C_1824911,2.0,重庆三峡医药高等专科学校,2020-06-10 18:20:58,4,E,822,57,0.25,0.0,0.0862385321100917,0.0862385321100917,0.132564841498559,0.0348484848484848,0.0667867171377815
U_1904419,C_1017355,2.0,云南中医学院,2020-05-04 10:29:03,4,E,103,0,0.0277777777777777,0.0,0.018348623853211,0.018348623853211,0.0172910662824207,0.0053030303030303,0.0619292521910534
U_14911735,C_674920,0.0,西昌民族幼儿师范高等专科学校,2020-06-04 20:45:40,4,E,751,87,0.0416666666666666,0.0,0.018348623853211,0.018348623853211,0.0288184438040345,0.0075757575757575,0.0593091067504061
U_15489162,C_735197,0.0,辽宁对外经贸学院,2020-11-08 11:56:51,4,E,781,141,0.0555555555555555,0.0,0.2348623853211009,0.2348623853211009,0.2305475504322766,0.0659090909090909,0.0678239257233772
U_19911234,C_948395,2.0,中国医科大学,2020-05-20 17:59:57,2,C,69,170,0.1388888888888889,0.0,0.1834862385321101,0.1834862385321101,0.170028818443804,0.059090909090909,0.0759537199219726
U_22285030,C_1829948,0.0,北方民族大学,2020-06-11 21:03:31,3,D,190,61,0.2361111111111111,0.0,0.4770642201834862,0.4770642201834862,0.7492795389048991,0.1969696969696969,0.0731421020859392
U_33008692,C_735164,1.0,昆明理工大学,2020-09-20 08:57:26,0,A,476,138,0.0138888888888888,0.0,0.0256880733944954,0.0330275229357798,0.0345821325648414,0.0166666666666666,0.0835986639035273
U_27567917,C_735283,1.0,辽宁对外经贸学院,2020-05-01 20:28:44,4,E,781,143,0.0277777777777777,0.0,0.0091743119266055,0.0091743119266055,0.0057636887608069,0.0015151515151515,0.0619521122013242
U_11534261,C_735197,2.0,辽宁石油化工大学,2020-09-12 21:14:26,4,E,790,141,0.0416666666666666,0.0,0.0165137614678899,0.0165137614678899,0.0201729106628242,0.0053030303030303,0.0600872929969209
U_30353872,C_1829948,1.0,华南理工大学,2020-06-04 15:55:21,3,D,211,61,0.3472222222222222,0.0,0.4770642201834862,0.4770642201834862,0.5965417867435158,0.1568181818181818,0.0732706995483966
U_29014726,C_1732845,2.0,铜仁学院,2020-03-25 21:10:53,0,A,850,13,0.0138888888888888,0.0,0.1908256880733945,0.2715596330275229,0.2074927953890489,0.0537878787878787,0.0672855219676108
U_33525647,C_1912004,1.0,辽宁对外经贸学院,2020-09-23 21:59:43,4,E,781,74,0.0416666666666666,0.0,0.055045871559633,0.055045871559633,0.0547550432276657,0.0295454545454545,0.0636051544084976
U_31060067,C_735115,1.0,辽宁对外经贸学院,2020-07-25 13:12:44,4,E,781,136,0.0833333333333333,0.0,0.5211009174311927,0.5211009174311927,0.2190201729106628,0.0621212121212121,0.0789910110266441
U_30112514,C_677087,1.0,辽宁对外经贸学院,2020-05-22 00:10:43,4,E,781,92,0.0416666666666666,0.0,0.036697247706422,0.036697247706422,0.031700288184438,0.0083333333333333,0.0621800338331908
U_30950270,C_707358,1.0,辽宁对外经贸学院,2020-07-16 09:52:16,4,E,781,134,0.0416666666666666,0.0,0.0018348623853211,0.0036697247706422,0.0028818443804034,0.0007575757575757,0.0611219808404829
U_3306207,C_697076,2.0,辽宁金融,2020-10-03 14:13:25,0,A,797,121,0.0694444444444444,0.0,0.0275229357798165,0.0275229357798165,0.0432276657060518,0.0136363636363636,0.0737478477870399
U_12981397,C_1829948,0.0,北方民族大学,2020-06-17 14:29:50,4,E,190,61,0.25,0.0,0.0825688073394495,0.0825688073394495,0.0489913544668587,0.0128787878787878,0.0653402717781969
U_22335745,C_707358,1.0,湖北文理学院理工学院,2020-05-15 18:47:58,1,B,626,134,0.0277777777777777,0.0,0.018348623853211,0.0238532110091743,0.0288184438040345,0.0075757575757575,0.1164598059460727
U_16071194,C_1829948,1.0,辽宁对外经贸学院,2020-06-17 11:14:14,4,E,781,61,0.0416666666666666,0.0,0.0440366972477064,0.0440366972477064,0.0547550432276657,0.0143939393939393,0.0621675836456213
U_2438590,C_680979,2.0,西安交通大学,2020-06-29 11:01:05,4,E,715,100,0.0416666666666666,0.0,0.0807339449541284,0.0807339449541284,0.0691642651296829,0.034090909090909,0.0619885911518561
U_12156144,C_682392,2.0,陕西工业职业技术学院,2020-09-02 09:03:05,4,E,876,108,0.0277777777777777,0.0,0.0752293577981651,0.0752293577981651,0.0547550432276657,0.0227272727272727,0.0646255002698792
U_10407985,C_676646,0.0,天津商业大学,2020-08-11 06:21:07,4,E,316,90,0.0416666666666666,0.0,0.0091743119266055,0.0091743119266055,0.0115273775216138,0.003030303030303,0.0621239980844441
U_33200360,C_697076,2.0,辽宁对外经贸学院,2020-11-28 17:52:36,4,E,781,121,0.0555555555555555,0.0,0.1376146788990825,0.1376146788990825,0.1383285302593659,0.0446969696969697,0.0644275997346899
U_9107448,C_1017355,2.0,广州中医药大学,2020-05-09 20:15:38,0,A,423,0,0.0555555555555555,0.0,0.0697247706422018,0.0697247706422018,0.100864553314121,0.0318181818181818,0.0670051500825426
U_2483596,C_735164,0.0,昆明理工大学,2020-11-06 16:11:41,0,A,476,138,0.0138888888888888,0.0,0.2,0.2715596330275229,0.1902017291066282,0.0439393939393939,0.0671346983946474
U_19789450,C_1914506,1.0,辽宁对外经贸学院,2020-07-30 17:23:49,4,E,781,75,0.0416666666666666,0.0,0.0146788990825688,0.0146788990825688,0.0086455331412103,0.0037878787878787,0.0610913456534084
U_31646154,C_801420,0.0,辽宁对外经贸学院,2020-08-30 11:31:30,4,E,781,155,0.0277777777777777,0.0,0.0018348623853211,0.0018348623853211,0.0,0.0,0.0612796980733893
U_29754760,C_758928,1.0,辽宁对外经贸学院,2020-05-02 00:31:31,4,E,781,150,0.0416666666666666,0.0,0.0036697247706422,0.0036697247706422,0.0057636887608069,0.0015151515151515,0.0612426941746147
U_30280738,C_756642,2.0,辽宁对外经贸学院,2020-05-30 05:18:41,4,E,781,149,0.0416666666666666,0.0,0.0660550458715596,0.0660550458715596,0.0576368876080691,0.0318181818181818,0.0616480730742533
U_30593500,C_1829948,2.0,华南理工大学,2020-06-18 08:49:59,3,D,211,61,0.3333333333333333,0.0,0.4770642201834862,0.4770642201834862,0.5129682997118156,0.1348484848484848,0.0741247606253621
U_15260416,C_766175,2.0,湖北省旅游学校,2020-06-08 17:37:57,4,E,632,151,0.0416666666666666,0.0,0.0110091743119266,0.0110091743119266,0.0144092219020172,0.0037878787878787,0.0613655518727948
U_33841969,C_735164,1.0,昆明理工大学,2020-12-01 09:06:59,0,A,476,138,0.125,0.0,0.2862385321100917,0.3119266055045872,0.446685878962536,0.1628787878787878,0.0699306767349193
U_29350886,C_735385,1.0,辽宁对外经贸学院,2020-07-20 21:13:22,4,E,781,146,0.0277777777777777,0.0,0.0091743119266055,0.0091743119266055,0.0115273775216138,0.003030303030303,0.0613553500484538
U_33329601,C_697076,2.0,辽宁对外经贸学院,2020-11-04 07:31:10,4,E,781,121,0.0833333333333333,0.0,0.2972477064220183,0.2972477064220183,0.4034582132564841,0.128030303030303,0.0678426010047315
U_15360186,C_766175,1.0,辽宁对外经贸学院,2020-05-26 07:29:19,4,E,781,151,0.0277777777777777,0.0,0.0055045871559633,0.0055045871559633,0.0086455331412103,0.0022727272727272,0.0612941985305109
U_30301513,C_1714448,2.0,辽宁对外经贸学院,2020-07-23 09:05:39,4,E,781,8,0.0277777777777777,0.0,0.0073394495412844,0.0073394495412844,0.0057636887608069,0.0015151515151515,0.0619653399065741
U_33244766,C_1912004,2.0,辽宁对外经贸学院,2020-09-21 12:50:16,4,E,781,74,0.0277777777777777,0.0,0.0330275229357798,0.0330275229357798,0.0403458213256484,0.0295454545454545,0.0223256529599569
U_30988812,C_676635,2.0,昆明理工大学,2020-08-01 15:13:40,0,A,476,89,0.0833333333333333,0.0,0.0642201834862385,0.0642201834862385,0.0806916426512968,0.0212121212121212,0.0701548197299061
U_15826746,C_735283,1.0,清华大学,2020-05-25 23:11:33,4,E,612,143,0.0416666666666666,0.0,0.0091743119266055,0.0091743119266055,0.0086455331412103,0.0022727272727272,0.0635949476318147
U_33343379,C_697076,1.0,辽宁对外经贸学院,2020-11-16 21:33:10,4,E,781,121,0.0416666666666666,0.0,0.0715596330275229,0.0715596330275229,0.0230547550432276,0.0196969696969696,0.0639616933121893
U_33399338,C_1778562,2.0,南开大学,2020-10-11 20:25:32,3,D,231,49,0.125,0.0,0.2385321100917431,0.2385321100917431,0.170028818443804,0.0924242424242424,0.0824580465531667
U_33343385,C_697076,2.0,辽宁对外经贸学院,2020-11-23 14:54:35,4,E,781,121,0.0416666666666666,0.0,0.0091743119266055,0.0091743119266055,0.0144092219020172,0.0045454545454545,0.0599440316500588
U_33748857,C_697076,2.0,辽宁对外经贸学院,2020-11-17 14:53:42,4,E,781,121,0.0416666666666666,0.0,0.0091743119266055,0.0091743119266055,0.0115273775216138,0.003030303030303,0.0605496188762183
U_33459895,C_2027893,0.0,辽宁对外经贸学院,2020-09-23 10:45:32,4,E,781,84,0.0416666666666666,0.0,0.0110091743119266,0.0110091743119266,0.0172910662824207,0.006060606060606,0.0613500807566583
U_6107741,C_1017355,2.0,广州中医药大学,2020-04-20 08:38:48,2,C,423,0,0.1388888888888889,0.0,0.181651376146789,0.181651376146789,0.170028818443804,0.0659090909090909,0.076148257817003
U_4096799,C_786631,0.0,西昌学院,2020-03-01 14:58:31,4,E,736,154,0.0694444444444444,0.0,0.0825688073394495,0.0825688073394495,0.0576368876080691,0.0333333333333333,0.0649643989316765
U_22786396,C_1829948,1.0,北方民族大学,2020-06-04 16:30:49,4,E,190,61,0.0138888888888888,0.0,0.0073394495412844,0.0073394495412844,0.0086455331412103,0.0022727272727272,0.0604750663210585
U_19911745,C_948395,2.0,西安美术学院,2020-03-18 12:52:56,1,B,727,170,0.0694444444444444,0.0,0.036697247706422,0.055045871559633,0.0576368876080691,0.0234848484848484,0.1161024548583073
U_3061896,C_1912004,1.0,辽宁对外经贸学院,2020-11-11 00:41:33,4,E,781,74,0.0416666666666666,0.0,0.0073394495412844,0.0073394495412844,0.0057636887608069,0.0015151515151515,0.0623114590828806
U_4516923,C_735197,0.0,华南理工大学,2020-10-20 22:17:58,3,D,211,141,0.0833333333333333,0.0,0.1761467889908257,0.2348623853211009,0.0893371757925072,0.1537878787878787,0.13036985036735
U_23871729,C_747056,1.0,辽宁对外经贸学院,2020-07-02 09:59:17,4,E,781,147,0.0416666666666666,0.0,0.0073394495412844,0.0073394495412844,0.0115273775216138,0.006060606060606,0.0614127377865428
U_18508687,C_735164,1.0,昆明理工大学,2020-10-26 18:21:13,0,A,476,138,0.0972222222222222,0.0,0.1743119266055046,0.2605504587155963,0.1556195965417867,0.0409090909090909,0.0095684117398161
U_33454482,C_697076,2.0,辽宁对外经贸学院,2020-11-18 11:43:14,4,E,781,121,0.0416666666666666,0.0,0.0807339449541284,0.0807339449541284,0.0691642651296829,0.034090909090909,0.0616581312806788
U_14934445,C_682392,0.0,辽宁对外经贸学院,2020-11-23 15:20:53,4,E,781,108,0.0416666666666666,0.0,0.0018348623853211,0.0018348623853211,0.0028818443804034,0.0007575757575757,0.0602889870260157
U_33366275,C_697076,1.0,辽宁对外经贸学院,2020-10-01 22:11:49,4,E,781,121,0.0416666666666666,0.0,0.110091743119266,0.110091743119266,0.132564841498559,0.0393939393939393,0.0057202369504173
U_29273864,C_735115,1.0,辽宁对外经贸学院,2020-05-01 17:33:30,4,E,781,136,0.0416666666666666,0.0,0.055045871559633,0.055045871559633,0.0230547550432276,0.006060606060606,0.0621684255437465
U_33200496,C_697076,2.0,辽宁对外经贸学院,2020-11-17 14:29:54,4,E,781,121,0.0138888888888888,0.0,0.0532110091743119,0.0532110091743119,0.0835734870317002,0.0356060606060606,0.060513788682477
U_29821266,C_756642,2.0,辽宁对外经贸学院,2020-05-07 21:09:24,4,E,781,149,0.0416666666666666,0.0,0.0091743119266055,0.0091743119266055,0.0057636887608069,0.0015151515151515,0.0612638901980027
U_31017704,C_936971,1.0,辽宁对外经贸学院,2020-07-20 03:41:03,4,E,781,162,0.0555555555555555,0.0,0.0403669724770642,0.0403669724770642,0.0432276657060518,0.0416666666666666,0.0571639107085926
U_31126792,C_682392,0.0,昆明理工大学,2020-08-15 18:55:05,0,A,476,108,0.1111111111111111,0.0,0.1394495412844036,0.2477064220183486,0.1642651296829971,0.0333333333333333,0.2229045659114512
U_2198763,C_735164,2.0,昆明理工大学,2020-10-24 09:47:55,0,A,476,138,0.1111111111111111,0.0,0.1871559633027523,0.2697247706422018,0.2276657060518732,0.0674242424242424,0.0662233931975084
U_12156502,C_682392,2.0,陕西工业职业技术学院,2020-09-09 08:24:06,4,E,876,108,0.0416666666666666,0.0,0.0825688073394495,0.0825688073394495,0.0547550432276657,0.031060606060606,0.0654333064733764
U_25373802,C_735197,0.0,辽宁石油化工大学,2020-11-19 19:27:31,4,E,790,141,0.0416666666666666,0.0,0.0605504587155963,0.0605504587155963,0.0374639769452449,0.0272727272727272,0.0607708003707412
U_33245627,C_2059281,2.0,辽宁对外经贸学院,2020-09-21 13:10:50,4,E,781,85,0.0416666666666666,0.0,0.0165137614678899,0.0165137614678899,0.0172910662824207,0.0068181818181818,0.0620297748272054
U_30563726,C_1829948,0.0,辽宁对外经贸学院,2020-06-16 17:21:08,4,E,781,61,0.0138888888888888,0.0,0.0073394495412844,0.0073394495412844,0.0086455331412103,0.0022727272727272,0.0605888018054348
U_33224678,C_697076,2.0,辽宁对外经贸学院,2020-09-27 16:23:38,0,A,781,121,0.1111111111111111,0.0,0.0275229357798165,0.0275229357798165,0.0432276657060518,0.0136363636363636,0.0641048853262647
U_34303673,C_1992917,1.0,辽宁对外经贸学院,2020-10-06 08:50:52,4,E,781,80,0.0416666666666666,0.0,0.0770642201834862,0.0770642201834862,0.0576368876080691,0.0325757575757575,0.0635217470659972
U_5790605,C_735050,2.0,广西医科大学,2020-09-17 08:44:32,4,E,434,135,0.0277777777777777,0.0,0.0018348623853211,0.0018348623853211,0.0,0.0,0.0610093596330371
U_12918141,C_1829948,0.0,北方民族大学,2020-06-18 09:06:46,0,A,190,61,0.0694444444444444,0.0,0.0532110091743119,0.0532110091743119,0.0374639769452449,0.0098484848484848,0.0657177442311552
U_31066365,C_682392,0.0,昆明理工大学,2020-08-08 23:21:16,0,A,476,108,0.0972222222222222,0.0,0.1266055045871559,0.255045871559633,0.1354466858789625,0.0219696969696969,0.0589319561996721
U_33224681,C_697076,2.0,辽宁对外经贸学院,2020-09-24 15:12:38,0,A,781,121,0.1111111111111111,0.0,0.0275229357798165,0.0275229357798165,0.0432276657060518,0.0136363636363636,0.0635209002155301
U_13535187,C_948120,2.0,中国农业大学,2020-09-24 07:37:03,0,A,67,167,0.0972222222222222,0.0,0.0385321100917431,0.0385321100917431,0.0576368876080691,0.0151515151515151,0.0710799568180084
U_12676624,C_735164,2.0,昆明理工大学,2020-09-16 09:07:26,0,A,476,138,0.125,0.0,0.2513761467889908,0.3211009174311927,0.2190201729106628,0.0606060606060606,0.0603829874278683
U_5643135,C_1824911,2.0,重庆三峡医药高等专科学校,2020-06-03 19:59:53,4,E,822,57,0.1666666666666666,0.0,0.0623853211009174,0.0623853211009174,0.0691642651296829,0.0181818181818181,0.0703625655208187
U_30247029,C_674920,2.0,辽宁对外经贸学院,2020-05-28 08:22:56,4,E,781,87,0.0555555555555555,0.0,0.2201834862385321,0.2201834862385321,0.3458213256484149,0.0931818181818181,0.0654472225541522
U_33554421,C_697076,1.0,辽宁对外经贸学院,2020-11-19 11:48:36,4,E,781,121,0.0416666666666666,0.0,0.0715596330275229,0.0715596330275229,0.0230547550432276,0.0204545454545454,0.0639815571556028
U_3976207,C_801420,0.0,哈尔滨工业大学,2020-07-17 13:44:06,4,E,270,155,0.0972222222222222,0.0,0.0330275229357798,0.0330275229357798,0.0345821325648414,0.0098484848484848,0.0673885554411128
U_33230293,C_697076,2.0,辽宁对外经贸学院,2020-11-03 10:43:03,4,E,781,121,0.0416666666666666,0.0,0.0825688073394495,0.0825688073394495,0.0691642651296829,0.0348484848484848,0.0616916140643533
U_30838093,C_823315,1.0,辽宁对外经贸学院,2020-07-04 08:02:06,4,E,781,158,0.1111111111111111,0.0,0.091743119266055,0.091743119266055,0.1210374639769452,0.0348484848484848,0.063506602804427
U_31060996,C_735115,1.0,华南理工大学,2020-07-25 16:14:47,3,D,211,136,0.2083333333333333,0.0,0.5211009174311927,0.5211009174311927,0.2276657060518732,0.0628787878787878,0.0836444394865526
U_30593955,C_1829948,0.0,辽宁对外经贸学院,2020-06-18 09:15:11,4,E,781,61,0.3055555555555555,0.0,0.2605504587155963,0.2605504587155963,0.3429394812680115,0.0901515151515151,0.0698297777207818
U_31085365,C_682392,0.0,华南理工大学,2020-08-02 14:29:02,3,D,211,108,0.0833333333333333,0.0,0.0311926605504587,0.2220183486238532,0.0489913544668587,0.1636363636363636,0.0664784289013492
U_30576926,C_1829948,0.0,辽宁对外经贸学院,2020-06-17 10:44:00,4,E,781,61,0.0416666666666666,0.0,0.0073394495412844,0.0073394495412844,0.0086455331412103,0.0022727272727272,0.0612033626751408
U_4990744,C_1017355,2.0,广州中医药大学,2020-05-07 09:23:05,4,E,423,0,0.0416666666666666,0.0,0.018348623853211,0.018348623853211,0.0259365994236311,0.0106060606060606,0.0613865745642159
U_29655660,C_1714448,2.0,辽宁对外经贸学院,2020-04-26 15:44:16,4,E,781,8,0.0416666666666666,0.0,0.0660550458715596,0.0660550458715596,0.0518731988472622,0.0318181818181818,0.0634123894518722
U_16092093,C_786631,0.0,北华航天工业学院,2020-03-30 10:34:19,0,A,186,154,0.0138888888888888,0.0,0.2,0.2642201834862385,0.201729106628242,0.0712121212121212,0.0716826716858583
U_6802165,C_756642,2.0,华南理工大学,2020-05-11 17:25:24,3,D,211,149,0.125,0.0,0.0091743119266055,0.0091743119266055,0.0028818443804034,0.0007575757575757,0.0774732024200917
U_4839079,C_707079,0.0,河南理工大学,2020-05-27 14:39:36,4,E,576,132,0.0416666666666666,0.0,0.0642201834862385,0.0642201834862385,0.063400576368876,0.0227272727272727,0.0627980811516037
U_22284191,C_676635,2.0,中国矿业大学,2020-04-29 15:21:46,3,D,83,89,0.1388888888888889,0.0,0.018348623853211,0.018348623853211,0.0288184438040345,0.0075757575757575,0.0712885940304654
U_30562243,C_756642,0.0,辽宁对外经贸学院,2020-06-16 16:20:34,4,E,781,149,0.0277777777777777,0.0,0.0091743119266055,0.0091743119266055,0.0144092219020172,0.0053030303030303,0.0616423135006084
U_29906507,C_758928,0.0,辽宁对外经贸学院,2020-05-10 11:43:14,4,E,781,150,0.0416666666666666,0.0,0.1559633027522936,0.1559633027522936,0.0864553314121037,0.0227272727272727,0.0665502824301663
U_28351669,C_1750795,1.0,安徽工商职业学院,2020-06-13 07:56:19,4,E,345,18,0.0416666666666666,0.0,0.0055045871559633,0.0055045871559633,0.0086455331412103,0.0045454545454545,0.0612757659139103
U_24716260,C_676635,1.0,辽宁对外经贸学院,2020-04-17 01:47:46,4,E,781,89,0.0416666666666666,0.0,0.0678899082568807,0.0678899082568807,0.0547550432276657,0.031060606060606,0.0632489968351333
U_30142322,C_854832,2.0,辽宁对外经贸学院,2020-06-27 08:55:53,4,E,781,161,0.0416666666666666,0.0,0.0073394495412844,0.0073394495412844,0.0086455331412103,0.003030303030303,0.0612406141910112
U_5314158,C_1750793,0.0,内蒙古农业大学职业技术学院,2020-05-20 20:38:26,2,C,142,17,0.0416666666666666,0.0,0.036697247706422,0.036697247706422,0.0489913544668587,0.0257575757575757,0.075980541805774
U_30348577,C_1829948,2.0,华南理工大学,2020-06-04 10:34:58,3,D,211,61,0.2361111111111111,0.0,0.4770642201834862,0.4770642201834862,0.7319884726224783,0.1924242424242424,0.0706137136362578
U_1570943,C_1750793,0.0,北京体育大学,2020-06-17 10:05:39,0,A,159,17,0.0972222222222222,0.0,0.036697247706422,0.036697247706422,0.0547550432276657,0.0287878787878787,0.0700897211954585
U_14749824,C_1918363,0.0,新乡医学院三全学院,2020-10-31 10:29:21,4,E,461,76,0.0416666666666666,0.0,0.0752293577981651,0.0752293577981651,0.0605187319884726,0.034090909090909,0.062347799367839
U_32612190,C_735164,2.0,昆明理工大学,2020-11-30 13:38:49,0,A,476,138,0.125,0.0,0.2862385321100917,0.3045871559633027,0.4380403458213256,0.1583333333333333,0.0698065859036027
U_34203695,C_682392,1.0,昆明理工大学,2020-10-03 15:01:07,0,A,476,108,0.0138888888888888,0.0,0.1614678899082569,0.2935779816513761,0.2536023054755043,0.056060606060606,0.0554967048035477
U_29987256,C_801420,1.0,辽宁对外经贸学院,2020-07-22 09:27:38,4,E,781,155,0.0138888888888888,0.0,0.0055045871559633,0.0055045871559633,0.0,0.0,0.0608159805860144
U_23636250,C_1918363,0.0,中国医科大学,2020-12-05 14:49:10,2,C,69,76,0.1111111111111111,0.0,0.0605504587155963,0.0605504587155963,0.0778097982708933,0.0515151515151515,0.0778702118618972
U_7160004,C_735197,1.0,华南理工大学,2020-09-09 12:48:48,4,E,211,141,0.0416666666666666,0.0,0.055045871559633,0.055045871559633,0.0518731988472622,0.0242424242424242,0.0625762360432645
U_4723774,C_682392,2.0,陕西工业职业技术学院,2019-11-01 17:17:21,1,B,876,108,0.4583333333333333,0.0,0.0477064220183486,0.0972477064220183,0.0749279538904899,0.0348484848484848,0.1035875203706037
U_31032463,C_676635,2.0,辽宁对外经贸学院,2020-08-11 10:19:25,4,E,781,89,0.0416666666666666,0.0,0.0091743119266055,0.0091743119266055,0.0086455331412103,0.0022727272727272,0.061832107052086
U_20228911,C_948120,2.0,中国农业大学,2020-09-23 09:59:13,1,B,67,167,0.1666666666666666,0.0,0.0587155963302752,0.0623853211009174,0.0922190201729106,0.0234848484848484,0.0145160980113089
U_5199935,C_674920,0.0,西昌民族幼儿师范高等专科学校,2020-06-04 09:14:05,4,E,751,87,0.0277777777777777,0.0,0.018348623853211,0.018348623853211,0.0144092219020172,0.0037878787878787,0.0585067332659876
U_31060167,C_735115,2.0,昆明理工大学,2020-07-25 13:47:40,0,A,476,136,0.125,0.0,0.5192660550458716,0.5192660550458716,0.6628242074927954,0.2227272727272727,0.073050756139352
U_33329554,C_697076,2.0,辽宁对外经贸学院,2020-11-03 21:31:02,3,D,781,121,0.1527777777777777,0.0,0.1834862385321101,0.2238532110091743,0.1268011527377521,0.1416666666666666,0.0811187797772653
U_7148587,C_674920,0.0,北京第二外国语学院,2020-05-01 18:25:38,4,E,179,87,0.0416666666666666,0.0,0.036697247706422,0.036697247706422,0.0547550432276657,0.0143939393939393,0.0619707528162851
U_7584022,C_735164,0.0,楚雄师范学院,2020-10-23 09:10:42,0,A,501,138,0.1111111111111111,0.0,0.181651376146789,0.2532110091743119,0.1440922190201729,0.0409090909090909,0.0689109301069092
U_30594055,C_1829948,0.0,辽宁对外经贸学院,2020-06-18 09:18:03,4,E,781,61,0.0277777777777777,0.0,0.0422018348623853,0.0422018348623853,0.0230547550432276,0.006060606060606,0.061984039949638
U_4827827,C_1992945,0.0,北京交通大学,2020-09-22 15:36:41,4,E,157,82,0.0416666666666666,0.0,0.0697247706422018,0.0697247706422018,0.0547550432276657,0.031060606060606,0.0633649063976094
U_12755195,C_674920,0.0,重庆大学,2020-07-29 08:17:58,4,E,835,87,0.0416666666666666,0.0,0.018348623853211,0.018348623853211,0.0230547550432276,0.006060606060606,0.0615373486137602
U_1580752,C_1750793,0.0,北京体育大学,2020-06-12 14:14:31,0,A,159,17,0.0833333333333333,0.0,0.036697247706422,0.036697247706422,0.0518731988472622,0.0272727272727272,0.0699950076563704
U_29839541,C_756642,0.0,辽宁对外经贸学院,2020-05-08 10:44:47,4,E,781,149,0.0416666666666666,0.0,0.0660550458715596,0.0660550458715596,0.0547550432276657,0.0318181818181818,0.0631064189114552
U_25034431,C_948395,2.0,昆明理工大学,2020-05-28 14:30:46,0,A,476,170,0.0694444444444444,0.0,0.110091743119266,0.110091743119266,0.1671469740634005,0.0954545454545454,0.0688113632727463
U_28295543,C_1750795,0.0,辽宁对外经贸学院,2020-06-13 09:53:19,4,E,781,18,0.0416666666666666,0.0,0.0055045871559633,0.0055045871559633,0.0086455331412103,0.0045454545454545,0.0612159564806258
U_14513333,C_1750793,0.0,北京体育大学,2020-06-05 22:39:40,0,A,159,17,0.0694444444444444,0.0,0.036697247706422,0.036697247706422,0.0547550432276657,0.0287878787878787,0.0698251175670416
U_29804736,C_735115,2.0,辽宁对外经贸学院,2020-05-13 14:03:55,4,E,781,136,0.0416666666666666,0.0,0.055045871559633,0.055045871559633,0.0345821325648414,0.0098484848484848,0.0620287942635067
U_16196869,C_1741505,2.0,辽宁对外经贸学院,2020-04-25 13:44:00,4,E,781,16,0.0416666666666666,0.0,0.0715596330275229,0.0715596330275229,0.0547550432276657,0.0318181818181818,0.0617928151713475
U_15904298,C_697076,1.0,华南理工大学,2020-11-10 18:47:33,3,D,211,121,0.1944444444444444,0.0,0.5541284403669725,0.5541284403669725,0.2680115273775216,0.0712121212121212,0.0971981078811611
U_27028952,C_801420,1.0,辽宁对外经贸学院,2020-08-24 17:21:31,4,E,781,155,0.0277777777777777,0.0,0.0220183486238532,0.0220183486238532,0.0230547550432276,0.006060606060606,0.0003308074008539
U_5199950,C_674920,0.0,西昌民族幼儿师范高等专科学校,2020-06-07 10:03:48,4,E,751,87,0.0555555555555555,0.0,0.0880733944954128,0.0880733944954128,0.0893371757925072,0.0265151515151515,0.0596479014130231
U_12049434,C_1714448,2.0,中国医科大学,2020-05-20 17:15:41,0,A,69,8,0.0138888888888888,0.0,0.1449541284403669,0.1449541284403669,0.2247838616714697,0.059090909090909,0.06632929902932
U_14262024,C_697076,2.0,辽宁对外经贸学院,2020-09-15 22:48:36,4,E,781,121,0.0555555555555555,0.0,0.1834862385321101,0.1834862385321101,0.2593659942363112,0.0803030303030303,0.1336702311805208
U_13510698,C_697107,2.0,辽宁对外经贸学院,2020-07-13 22:40:05,4,E,781,122,0.0416666666666666,0.0,0.0642201834862385,0.0642201834862385,0.0778097982708933,0.0219696969696969,0.0628795719377837
U_34031989,C_1918363,1.0,辽宁对外经贸学院,2020-09-29 11:32:48,4,E,781,76,0.0416666666666666,0.0,0.0018348623853211,0.0018348623853211,0.0,0.0,0.0644057896209046
U_2911651,C_756642,2.0,昆明理工大学,2020-05-11 18:38:53,0,A,476,149,0.0833333333333333,0.0,0.0091743119266055,0.0091743119266055,0.0057636887608069,0.0022727272727272,0.0738808132150647
U_9818670,C_786631,0.0,哈尔滨工业大学（威海）,2020-06-10 10:20:07,4,E,271,154,0.0416666666666666,0.0,0.0146788990825688,0.0146788990825688,0.0172910662824207,0.006060606060606,0.0614716756076506
U_30934662,C_948113,0.0,辽宁对外经贸学院,2020-07-11 20:52:28,4,E,781,166,0.0416666666666666,0.0,0.0110091743119266,0.0110091743119266,0.0115273775216138,0.003030303030303,0.0613152707453511
U_22254991,C_823315,2.0,西安石油大学,2020-05-17 18:48:33,4,E,725,158,0.0277777777777777,0.0,0.0330275229357798,0.0330275229357798,0.0489913544668587,0.0136363636363636,0.0613329704153485
U_11066208,C_676646,1.0,天津商业大学,2020-08-17 16:53:49,4,E,316,90,0.0416666666666666,0.0,0.0678899082568807,0.0678899082568807,0.0576368876080691,0.034090909090909,0.0616884643748966
U_15084962,C_1736024,0.0,西北工业大学,2020-04-14 10:17:12,4,E,703,14,0.0277777777777777,0.0,0.0899082568807339,0.0899082568807339,0.0749279538904899,0.0325757575757575,0.0573094600374186
U_12597494,C_1750793,1.0,北京体育大学,2020-06-12 15:29:29,0,A,159,17,0.0694444444444444,0.0,0.036697247706422,0.036697247706422,0.0547550432276657,0.0287878787878787,0.0698251175670416
U_6001848,C_1714448,0.0,辽宁对外经贸学院,2020-04-28 11:00:54,4,E,781,8,0.0416666666666666,0.0,0.0770642201834862,0.0770642201834862,0.063400576368876,0.0348484848484848,0.0623899933209385
U_10275684,C_735197,0.0,辽宁对外经贸学院,2020-09-20 11:34:13,4,E,781,141,0.0694444444444444,0.0,0.0715596330275229,0.0715596330275229,0.0518731988472622,0.0295454545454545,0.0621170350917143
U_13011870,C_1864063,2.0,辽宁对外经贸学院,2020-07-28 14:36:07,4,E,781,66,0.0277777777777777,0.0,0.0403669724770642,0.0403669724770642,0.0374639769452449,0.0121212121212121,0.0644546939972964
U_30773050,C_735164,2.0,辽宁对外经贸学院,2020-10-22 16:09:56,4,E,781,138,0.0138888888888888,0.0,0.073394495412844,0.073394495412844,0.0518731988472622,0.0295454545454545,0.061960615372389
U_12506294,C_735164,0.0,河北地质大学,2020-12-06 11:17:27,0,A,550,138,0.125,0.0,0.2862385321100917,0.2899082568807339,0.4495677233429394,0.1636363636363636,0.0668129249311857
U_33333702,C_697076,2.0,辽宁对外经贸学院,2020-09-28 14:19:26,4,E,781,121,0.0416666666666666,0.0,0.091743119266055,0.091743119266055,0.0893371757925072,0.0242424242424242,0.0382893987767819
U_6139846,C_735197,0.0,华南理工大学,2020-10-14 17:03:38,3,D,211,141,0.4861111111111111,0.0,0.1724770642201835,0.2623853211009174,0.0403458213256484,0.1409090909090909,0.0916513363682325
U_6765402,C_1824911,2.0,重庆三峡医药高等专科学校,2020-06-04 22:49:41,4,E,822,57,0.0277777777777777,0.0,0.0880733944954128,0.0880733944954128,0.0461095100864553,0.0212121212121212,0.0656290576921754
U_30561015,C_1829948,0.0,辽宁对外经贸学院,2020-06-16 15:30:47,4,E,781,61,0.0972222222222222,0.0,0.3412844036697248,0.3412844036697248,0.2680115273775216,0.0704545454545454,0.072048100043284
U_33090247,C_735164,2.0,昆明理工大学,2020-10-18 21:20:48,0,A,476,138,0.125,0.0,0.2036697247706422,0.2715596330275229,0.2564841498559078,0.0734848484848484,0.0626404084897744
U_13172443,C_747056,0.0,青岛科技大学,2020-03-13 13:35:24,4,E,889,147,0.0138888888888888,0.0,0.0715596330275229,0.0715596330275229,0.0489913544668587,0.0303030303030303,0.061561580422741
U_30458745,C_674920,2.0,辽宁对外经贸学院,2020-06-11 18:03:11,4,E,781,87,0.0416666666666666,0.0,0.055045871559633,0.055045871559633,0.0864553314121037,0.0227272727272727,0.0647798895290201
U_12156107,C_682392,1.0,陕西工业职业技术学院,2020-09-02 09:03:00,4,E,876,108,0.0138888888888888,0.0,0.0862385321100917,0.0862385321100917,0.0259365994236311,0.0272727272727272,0.0626188162790333
U_1270807,C_747056,0.0,四川大学,2020-02-25 14:33:42,4,E,285,147,0.0416666666666666,0.0,0.0715596330275229,0.0715596330275229,0.0489913544668587,0.031060606060606,0.0643022113897921
U_30045873,C_1736024,0.0,辽宁对外经贸学院,2020-05-18 23:09:38,4,E,781,14,0.0416666666666666,0.0,0.0128440366972477,0.0238532110091743,0.0172910662824207,0.006060606060606,0.0616625041985881
U_18440531,C_697062,0.0,湖北科技学院,2020-04-27 08:12:44,4,E,633,120,0.0416666666666666,0.0,0.0788990825688073,0.0788990825688073,0.0547550432276657,0.0303030303030303,0.0621335957230717
U_10878269,C_735385,2.0,宁夏大学,2020-05-28 23:30:00,4,E,334,146,0.0416666666666666,0.0,0.036697247706422,0.036697247706422,0.0489913544668587,0.0128787878787878,0.0611053063052615
U_6107723,C_1017355,2.0,广州中医药大学,2020-04-11 11:50:37,4,E,423,0,0.0416666666666666,0.0,0.073394495412844,0.073394495412844,0.0605187319884726,0.0318181818181818,0.0626708208214628
U_29914031,C_674920,1.0,辽宁对外经贸学院,2020-05-10 23:11:02,4,E,781,87,0.0416666666666666,0.0,0.055045871559633,0.055045871559633,0.0576368876080691,0.0151515151515151,0.0620713150711725
U_30318412,C_676635,2.0,辽宁对外经贸学院,2020-06-02 10:33:42,4,E,781,89,0.0416666666666666,0.0,0.036697247706422,0.036697247706422,0.0547550432276657,0.0143939393939393,0.0615379676564994
U_34079937,C_1912004,0.0,辽宁对外经贸学院,2020-09-30 00:05:55,4,E,781,74,0.0277777777777777,0.0,0.0055045871559633,0.0055045871559633,0.0057636887608069,0.0015151515151515,0.0313266915413316
U_8214986,C_735164,1.0,四川轻化工大学,2020-12-03 22:30:54,0,A,292,138,0.1111111111111111,0.0,0.1614678899082569,0.2403669724770642,0.1239193083573487,0.0507575757575757,0.0735518935222224
U_5331184,C_801420,0.0,深圳职业技术学院,2020-07-18 20:52:01,4,E,611,155,0.0416666666666666,0.0,0.0422018348623853,0.0422018348623853,0.0374639769452449,0.0075757575757575,0.0622764361208712
U_31106427,C_801420,2.0,辽宁对外经贸学院,2020-08-19 18:51:59,4,E,781,155,0.0277777777777777,0.0,0.0036697247706422,0.0036697247706422,0.0,0.0,0.0613551222407258
U_20326637,C_735385,1.0,燕山大学,2020-07-03 13:08:03,4,E,655,146,0.0416666666666666,0.0,0.036697247706422,0.036697247706422,0.0403458213256484,0.0106060606060606,0.062014526566455
U_32853281,C_697076,1.0,辽宁对外经贸学院,2020-09-15 22:32:32,4,E,781,121,0.0555555555555555,0.0,0.1504587155963302,0.1504587155963302,0.0662824207492795,0.0363636363636363,0.055746357311729
U_29015753,C_1732845,2.0,铜仁学院,2020-03-25 22:07:36,2,C,850,13,0.0277777777777777,0.0,0.146788990825688,0.146788990825688,0.1268011527377521,0.0772727272727272,0.0772919962294914
U_29270484,C_735115,1.0,华南理工大学,2020-07-29 11:55:58,3,D,211,136,0.2083333333333333,0.0,0.4110091743119266,0.4110091743119266,0.340057636887608,0.1075757575757575,0.0777211166562614
U_8291878,C_1824911,2.0,重庆三峡医药高等专科学校,2020-06-10 18:20:11,4,E,822,57,0.0555555555555555,0.0,0.0642201834862385,0.0642201834862385,0.063400576368876,0.0295454545454545,0.0586367817646256
U_29682516,C_747056,2.0,华南理工大学,2020-04-27 16:50:20,3,D,211,147,0.1944444444444444,0.0,0.1834862385321101,0.2825688073394495,0.132564841498559,0.1583333333333333,0.0794140054064676
U_31642162,C_1992917,2.0,辽宁对外经贸学院,2020-08-29 20:07:28,4,E,781,80,0.0416666666666666,0.0,0.0715596330275229,0.0715596330275229,0.0374639769452449,0.0454545454545454,0.061386113996418
U_1288465,C_707013,0.0,哈尔滨工业大学,2020-08-27 18:43:17,0,A,270,129,0.1111111111111111,0.0,0.1247706422018348,0.2018348623853211,0.1585014409221901,0.0469696969696969,0.0718788289966943
U_32904350,C_735164,1.0,昆明理工大学,2020-09-19 14:19:23,0,A,476,138,0.0138888888888888,0.0,0.1889908256880734,0.2642201834862385,0.2132564841498559,0.0583333333333333,0.0660269288414738
U_12182418,C_948488,1.0,合肥工业大学,2020-03-06 14:35:37,0,A,248,172,0.1111111111111111,0.0,0.1908256880733945,0.2752293577981651,0.2161383285302593,0.0598484848484848,0.0675102988623626
U_30486795,C_1750795,0.0,辽宁对外经贸学院,2020-06-13 10:06:13,4,E,781,18,0.0416666666666666,0.0,0.0055045871559633,0.0055045871559633,0.0086455331412103,0.0045454545454545,0.0612159564806258
U_33459864,C_2027893,1.0,辽宁对外经贸学院,2020-09-23 10:45:26,4,E,781,84,0.0416666666666666,0.0,0.0165137614678899,0.0165137614678899,0.0230547550432276,0.0075757575757575,0.0615083179854656
U_9046801,C_786631,1.0,中国传媒大学,2020-03-12 15:30:37,4,E,66,154,0.0416666666666666,0.0,0.0807339449541284,0.0807339449541284,0.0518731988472622,0.0303030303030303,0.0611809780896936
U_1938345,C_948387,0.0,青岛工学院,2020-08-21 20:32:27,4,E,887,169,0.0416666666666666,0.0,0.0091743119266055,0.0091743119266055,0.0115273775216138,0.003030303030303,0.0613364122929781
U_11786923,C_948109,1.0,西京学院,2020-08-26 21:13:10,3,D,701,165,0.1666666666666666,0.0,0.1834862385321101,0.218348623853211,0.1239193083573487,0.1545454545454545,0.0838100953235458
U_3699263,C_1017355,2.0,广州中医药大学,2020-05-06 01:08:14,0,A,423,0,0.0972222222222222,0.0,0.0807339449541284,0.0807339449541284,0.0951008645533141,0.028030303030303,0.0677522752405785
U_11616936,C_948120,1.0,中国农业大学,2020-10-30 21:41:34,4,E,67,167,0.0416666666666666,0.0,0.0275229357798165,0.0275229357798165,0.0172910662824207,0.0045454545454545,0.061851252805922
U_20313051,C_823315,1.0,西安石油大学,2020-06-14 12:30:53,4,E,725,158,0.0277777777777777,0.0,0.091743119266055,0.091743119266055,0.1210374639769452,0.0348484848484848,0.0628853958918735
U_19902149,C_735385,2.0,辽宁对外经贸学院,2020-08-17 10:35:01,4,E,781,146,0.0416666666666666,0.0,0.0715596330275229,0.0715596330275229,0.0605187319884726,0.0318181818181818,0.0612269952507501
U_29508419,C_948488,2.0,华南理工大学,2020-04-21 18:57:55,3,D,211,172,0.1527777777777777,0.0,0.1724770642201835,0.2165137614678899,0.1152737752161383,0.1439393939393939,0.0835980756615621
U_30360801,C_735283,2.0,辽宁对外经贸学院,2020-06-10 16:56:21,4,E,781,143,0.0277777777777777,0.0,0.0018348623853211,0.0018348623853211,0.0,0.0,0.0617184508051804
U_13784238,C_682392,1.0,昆明理工大学,2019-11-01 13:00:04,0,A,476,108,0.0138888888888888,0.0,0.1541284403669724,0.2825688073394495,0.2276657060518732,0.0462121212121212,0.0556048243321945
U_32612138,C_735164,1.0,昆明理工大学,2020-11-30 09:52:44,0,A,476,138,0.125,0.0,0.2862385321100917,0.2954128440366972,0.440922190201729,0.1606060606060606,0.0694693264669788
U_14046960,C_1829948,0.0,北方民族大学,2020-06-04 18:03:15,4,E,190,61,0.1944444444444444,0.0,0.073394495412844,0.073394495412844,0.0662824207492795,0.0174242424242424,0.0636345515100938
U_33334943,C_1992950,2.0,辽宁对外经贸学院,2020-09-22 08:35:39,4,E,781,83,0.0555555555555555,0.0,0.1027522935779816,0.1027522935779816,0.1037463976945244,0.0469696969696969,0.0589956977924356
U_32538777,C_735164,1.0,昆明理工大学,2020-11-26 21:19:10,0,A,476,138,0.1111111111111111,0.0,0.1798165137614679,0.2568807339449541,0.1613832853025936,0.0469696969696969,0.0702175807589709
U_33748858,C_697076,2.0,辽宁对外经贸学院,2020-11-17 14:58:24,4,E,781,121,0.0416666666666666,0.0,0.0458715596330275,0.0458715596330275,0.0720461095100864,0.0227272727272727,0.0628939436340155
U_1672750,C_735164,0.0,北方工业大学,2020-11-12 20:48:44,3,D,189,138,0.125,0.0,0.0091743119266055,0.0146788990825688,0.0086455331412103,0.003030303030303,0.0713002320339612
U_32384843,C_735195,2.0,辽宁对外经贸学院,2020-11-05 20:11:26,4,E,781,140,0.0277777777777777,0.0,0.0091743119266055,0.0091743119266055,0.0086455331412103,0.0022727272727272,0.0614602158884637
U_24632730,C_676646,2.0,天津财经大学,2020-06-10 08:58:35,4,E,327,90,0.0416666666666666,0.0,0.0091743119266055,0.0091743119266055,0.0086455331412103,0.0022727272727272,0.0613539534880343
U_7504082,C_1778562,0.0,河北旅游职业学院,2020-07-04 23:13:58,4,E,559,49,0.0277777777777777,0.0,0.0036697247706422,0.0036697247706422,0.0028818443804034,0.0007575757575757,0.0612745624948254
U_30440293,C_1824911,0.0,辽宁对外经贸学院,2020-06-10 18:11:10,4,E,781,57,0.2083333333333333,0.0,0.0623853211009174,0.0623853211009174,0.0979827089337175,0.0257575757575757,0.0647264141410425
U_34264403,C_697076,2.0,辽宁对外经贸学院,2020-11-19 14:22:32,4,E,781,121,0.0277777777777777,0.0,0.0587155963302752,0.0587155963302752,0.0403458213256484,0.0287878787878787,0.0601729932737271
U_16105965,C_786631,1.0,北华航天工业学院,2020-05-14 10:26:13,4,E,186,154,0.0416666666666666,0.0,0.0256880733944954,0.0256880733944954,0.0288184438040345,0.0151515151515151,0.0615180592420087
U_23914600,C_948120,0.0,中国农业大学,2020-10-11 08:33:20,4,E,67,167,0.0416666666666666,0.0,0.0935779816513761,0.0935779816513761,0.0893371757925072,0.0265151515151515,0.0208366157633573
U_33003693,C_735164,1.0,昆明理工大学,2020-11-28 11:21:41,0,A,476,138,0.1111111111111111,0.0,0.1798165137614679,0.2568807339449541,0.1642651296829971,0.0462121212121212,0.0697698494312914
U_20487202,C_674920,1.0,西安美术学院,2020-05-21 10:17:58,4,E,727,87,0.0694444444444444,0.0,0.2201834862385321,0.2201834862385321,0.3458213256484149,0.0931818181818181,0.0646923420286804
U_18625729,C_2027893,0.0,北京石油化工学院,2020-09-23 10:45:05,4,E,176,84,0.0416666666666666,0.0,0.0165137614678899,0.0165137614678899,0.0201729106628242,0.006060606060606,0.0620181813947869
U_17647660,C_735197,0.0,辽宁对外经贸学院,2020-09-23 13:58:00,4,E,781,141,0.0416666666666666,0.0,0.0642201834862385,0.0642201834862385,0.0172910662824207,0.0265151515151515,0.0652709290867297
U_31068395,C_735115,1.0,华南理工大学,2020-07-27 08:07:15,3,D,211,136,0.2083333333333333,0.0,0.5211009174311927,0.5211009174311927,0.2449567723342939,0.0643939393939393,0.0834546855538103
U_30316186,C_749807,1.0,辽宁对外经贸学院,2020-06-03 07:31:23,4,E,781,148,0.0416666666666666,0.0,0.0238532110091743,0.0238532110091743,0.0259365994236311,0.0068181818181818,0.0618905347819767
U_34223519,C_1912004,1.0,辽宁对外经贸学院,2020-10-04 22:17:27,4,E,781,74,0.0277777777777777,0.0,0.0091743119266055,0.0091743119266055,0.0115273775216138,0.003030303030303,0.0619131966985711
U_33239848,C_1912004,2.0,辽宁对外经贸学院,2020-09-21 11:06:34,4,E,781,74,0.0416666666666666,0.0,0.0055045871559633,0.0055045871559633,0.0057636887608069,0.0015151515151515,0.0623317983511177
U_19329792,C_948113,0.0,西安思源学院,2020-05-11 08:30:54,0,A,721,166,0.0972222222222222,0.0,0.1706422018348624,0.2697247706422018,0.1815561959654178,0.056060606060606,0.0666646815283589
U_33095397,C_2027893,1.0,辽宁对外经贸学院,2020-09-18 11:06:03,4,E,781,84,0.0416666666666666,0.0,0.0715596330275229,0.0715596330275229,0.0576368876080691,0.031060606060606,0.0612214882465428
U_31060753,C_735115,1.0,华南理工大学,2020-07-25 16:06:37,3,D,211,136,0.2083333333333333,0.0,0.5211009174311927,0.5211009174311927,0.2910662824207493,0.0939393939393939,0.0828281598260422
U_33748585,C_735164,1.0,昆明理工大学,2020-10-22 19:37:21,0,A,476,138,0.1111111111111111,0.0,0.0587155963302752,0.0642201834862385,0.0893371757925072,0.0409090909090909,0.0054429357233526
U_25701198,C_1829948,1.0,北方民族大学,2020-06-04 22:06:22,4,E,190,61,0.0555555555555555,0.0,0.0642201834862385,0.0642201834862385,0.0662824207492795,0.034090909090909,0.0597066559974801
U_29843491,C_786631,0.0,华南理工大学,2020-05-08 14:13:38,3,D,211,154,0.1388888888888889,0.0,0.1412844036697247,0.1412844036697247,0.1152737752161383,0.0446969696969697,0.0830718100958247
U_4652970,C_682392,2.0,陕西工业职业技术学院,2019-11-01 08:37:52,2,C,876,108,0.5833333333333333,0.0,0.1853211009174312,0.2605504587155963,0.239193083573487,0.0666666666666666,0.0706340826185463
U_33343307,C_697076,2.0,辽宁对外经贸学院,2020-11-18 12:27:05,4,E,781,121,0.0416666666666666,0.0,0.018348623853211,0.018348623853211,0.0144092219020172,0.0053030303030303,0.0626487383288723
U_33329207,C_697076,1.0,辽宁对外经贸学院,2020-11-16 13:21:40,4,E,781,121,0.0416666666666666,0.0,0.055045871559633,0.055045871559633,0.0778097982708933,0.0242424242424242,0.0633209939818659
U_15393104,C_735283,1.0,辽宁对外经贸学院,2020-05-29 12:34:09,4,E,781,143,0.0277777777777777,0.0,0.0073394495412844,0.0073394495412844,0.0028818443804034,0.0007575757575757,0.0619107007182469
U_15280697,C_735164,0.0,湖北工业大学,2020-09-15 15:33:08,0,A,622,138,0.125,0.0,0.1834862385321101,0.2605504587155963,0.1988472622478386,0.056060606060606,0.0761563301343213
U_7497098,C_682556,0.0,山西轻工职业技术学院,2020-06-12 10:10:39,4,E,388,112,0.0416666666666666,0.0,0.0110091743119266,0.0110091743119266,0.0086455331412103,0.0022727272727272,0.0614192154497652
U_12198835,C_1714448,2.0,中国医科大学,2020-03-20 18:01:26,0,A,69,8,0.1111111111111111,0.0,0.1981651376146789,0.2715596330275229,0.2074927953890489,0.0606060606060606,0.0669845879589194
U_33224907,C_697076,2.0,辽宁对外经贸学院,2020-10-27 18:11:24,0,A,781,121,0.125,0.0,0.1853211009174312,0.2752293577981651,0.2190201729106628,0.0689393939393939,0.0681999719018646
U_32904187,C_735164,2.0,昆明理工大学,2020-09-17 18:34:28,4,E,476,138,0.0416666666666666,0.0,0.018348623853211,0.0220183486238532,0.0259365994236311,0.0128787878787878,0.0614353254180085
U_29943225,C_1714448,2.0,昆明理工大学,2020-05-12 13:07:36,0,A,476,8,0.0972222222222222,0.0,0.1853211009174312,0.2770642201834862,0.1959654178674351,0.0621212121212121,0.069652072835914
U_18486757,C_948488,1.0,昆明理工大学,2020-03-06 14:19:17,0,A,476,172,0.0138888888888888,0.0,0.1688073394495413,0.2293577981651376,0.1642651296829971,0.0787878787878787,0.0636714761713979
U_9046774,C_786631,2.0,中国传媒大学,2020-03-12 10:33:26,4,E,66,154,0.0555555555555555,0.0,0.0844036697247706,0.0844036697247706,0.0547550432276657,0.0303030303030303,0.0627666833038746
U_30963500,C_697076,2.0,辽宁对外经贸学院,2020-07-15 09:44:24,4,E,781,121,0.0416666666666666,0.0,0.0165137614678899,0.0165137614678899,0.0230547550432276,0.0068181818181818,0.0622601181542675
U_8488508,C_735197,1.0,华南理工大学,2020-10-16 17:30:17,3,D,211,141,0.1944444444444444,0.0,0.1541284403669724,0.1541284403669724,0.2420749279538904,0.0704545454545454,0.0371312074470131
U_6007447,C_697062,1.0,辽宁对外经贸学院,2020-06-01 23:55:27,4,E,781,120,0.0416666666666666,0.0,0.0770642201834862,0.0770642201834862,0.063400576368876,0.0318181818181818,0.0622067913365473
U_30762589,C_735283,0.0,辽宁对外经贸学院,2020-07-02 13:53:02,4,E,781,143,0.0277777777777777,0.0,0.0018348623853211,0.0018348623853211,0.0028818443804034,0.0007575757575757,0.0616844381209212
U_10272851,C_1918363,0.0,新乡医学院三全学院,2020-11-02 08:54:30,2,C,461,76,0.125,0.0,0.1908256880733945,0.1908256880733945,0.1786743515850144,0.0583333333333333,0.0782031726657406
U_29074067,C_1714448,0.0,辽宁对外经贸学院,2020-05-23 16:09:06,4,E,781,8,0.0416666666666666,0.0,0.1449541284403669,0.1449541284403669,0.0432276657060518,0.0113636363636363,0.0671797498490308
U_29936292,C_697062,2.0,昆明理工大学,2020-05-12 09:58:24,0,A,476,120,0.1111111111111111,0.0,0.1889908256880734,0.1889908256880734,0.2881844380403458,0.0825757575757575,0.0669323308470524
U_30113110,C_854832,1.0,华南理工大学,2020-05-22 12:10:44,3,D,211,161,0.1388888888888889,0.0,0.0880733944954128,0.0880733944954128,0.0259365994236311,0.0068181818181818,0.0829388199060904
U_10434149,C_1786221,2.0,北京体育大学,2020-06-02 15:43:16,3,D,159,51,0.1388888888888889,0.0,0.0458715596330275,0.0458715596330275,0.0403458213256484,0.0265151515151515,0.0797281225493317
U_33329810,C_697076,2.0,辽宁对外经贸学院,2020-11-03 10:04:44,4,E,781,121,0.0277777777777777,0.0,0.0825688073394495,0.0825688073394495,0.063400576368876,0.0242424242424242,0.0618544322094302
U_29942553,C_697062,1.0,辽宁对外经贸学院,2020-05-12 12:13:07,4,E,781,120,0.0555555555555555,0.0,0.1889908256880734,0.1889908256880734,0.2190201729106628,0.0606060606060606,0.0657512220624878
U_14654614,C_786631,0.0,北华航天工业学院,2020-05-07 09:46:20,0,A,186,154,0.0138888888888888,0.0,0.0605504587155963,0.0605504587155963,0.0749279538904899,0.025,0.0587675731145506
U_4622360,C_674920,0.0,辽宁对外经贸学院,2020-05-09 16:33:03,4,E,781,87,0.0555555555555555,0.0,0.2201834862385321,0.2201834862385321,0.1037463976945244,0.0272727272727272,0.0683149949951383
U_33546681,C_697076,2.0,辽宁对外经贸学院,2020-11-19 22:01:50,4,E,781,121,0.0416666666666666,0.0,0.0715596330275229,0.0715596330275229,0.0230547550432276,0.0196969696969696,0.0639533535684077
U_32718232,C_735164,1.0,昆明理工大学,2020-09-16 15:26:32,0,A,476,138,0.0972222222222222,0.0,0.1889908256880734,0.2660550458715596,0.2132564841498559,0.059090909090909,0.066205921335239
U_15196564,C_677087,1.0,昆明理工大学,2020-08-14 11:22:33,0,A,476,92,0.0972222222222222,0.0,0.1045871559633027,0.1045871559633027,0.132564841498559,0.0348484848484848,0.0124475901065507
U_29576437,C_676635,1.0,辽宁对外经贸学院,2020-07-13 21:29:30,4,E,781,89,0.0277777777777777,0.0,0.0055045871559633,0.0055045871559633,0.0057636887608069,0.0015151515151515,0.061715281306356
U_30424947,C_1829948,2.0,广州中医药大学,2020-06-09 19:36:59,1,B,423,61,0.3055555555555555,0.0,0.4770642201834862,0.4770642201834862,0.446685878962536,0.1174242424242424,0.1025723794205727
U_32578718,C_735164,1.0,昆明理工大学,2020-11-17 13:07:05,0,A,476,138,0.0972222222222222,0.0,0.1724770642201835,0.2568807339449541,0.1959654178674351,0.0583333333333333,0.06444183771769
U_25879576,C_1724289,2.0,广西科技大学,2020-07-01 21:15:46,2,C,439,10,0.1527777777777777,0.0,0.0238532110091743,0.0275229357798165,0.0259365994236311,0.1757575757575757,0.07114540201639
U_6758734,C_1824911,2.0,重庆三峡医药高等专科学校,2020-06-10 18:22:28,4,E,822,57,0.1527777777777777,0.0,0.0862385321100917,0.0862385321100917,0.1354466858789625,0.0356060606060606,0.0675345257190015
U_32134259,C_697076,2.0,中国医科大学,2020-09-07 19:35:16,2,C,69,121,0.1944444444444444,0.0,0.110091743119266,0.1174311926605504,0.1383285302593659,0.0787878787878787,0.0836175977933836
U_33329122,C_697076,2.0,辽宁对外经贸学院,2020-11-17 15:00:20,4,E,781,121,0.0416666666666666,0.0,0.0844036697247706,0.0844036697247706,0.0576368876080691,0.0257575757575757,0.06208000643123
U_24865312,C_808528,2.0,东北师范大学,2020-02-19 20:38:53,0,A,47,156,0.0277777777777777,0.0,0.1926605504587156,0.2697247706422018,0.2132564841498559,0.0598484848484848,0.070125308724446
U_14441909,C_676676,1.0,辽宁对外经贸学院,2020-06-03 22:44:50,4,E,781,91,0.0416666666666666,0.0,0.0899082568807339,0.0899082568807339,0.0951008645533141,0.025,0.0644329284545884
U_30111719,C_1750793,2.0,昆明理工大学,2020-05-21 21:39:53,0,A,476,17,0.0555555555555555,0.0,0.036697247706422,0.036697247706422,0.0489913544668587,0.0257575757575757,0.0698239587190339
U_16391256,C_1992929,1.0,广州中医药大学,2020-11-18 11:33:45,1,B,423,81,0.2222222222222222,0.0,0.1669724770642202,0.1669724770642202,0.239193083573487,0.0628787878787878,0.1125878966587866
U_5732087,C_1824911,2.0,重庆三峡医药高等专科学校,2020-06-05 11:34:02,4,E,822,57,0.0694444444444444,0.0,0.0238532110091743,0.0238532110091743,0.0374639769452449,0.031060606060606,0.0580124944954022
U_5837766,C_1774985,2.0,侨港,2020-07-08 16:12:03,4,E,125,46,0.0416666666666666,0.0,0.0091743119266055,0.0091743119266055,0.0086455331412103,0.0022727272727272,0.0613626299910661
U_30352758,C_677087,0.0,昆明理工大学,2020-06-04 15:05:35,0,A,476,92,0.125,0.0,0.3614678899082569,0.3614678899082569,0.5677233429394812,0.1492424242424242,0.0683483044468458
U_7750933,C_1017355,0.0,广州中医药大学,2020-04-27 16:12:43,4,E,423,0,0.0416666666666666,0.0,0.0091743119266055,0.0091743119266055,0.0144092219020172,0.0037878787878787,0.0611634170852697
U_33343407,C_697076,0.0,辽宁对外经贸学院,2020-11-16 22:17:20,4,E,781,121,0.0416666666666666,0.0,0.073394495412844,0.073394495412844,0.0259365994236311,0.0219696969696969,0.06411621133222
U_8882282,C_735164,0.0,临沂大学,2020-09-16 13:48:44,0,A,94,138,0.1111111111111111,0.0,0.2018348623853211,0.2770642201834862,0.2046109510086455,0.0681818181818181,0.0673016566975637
U_29701117,C_676635,2.0,辽宁对外经贸学院,2020-04-28 10:33:00,4,E,781,89,0.0416666666666666,0.0,0.073394495412844,0.073394495412844,0.0691642651296829,0.0363636363636363,0.0621763492908074
U_7459437,C_707013,0.0,哈尔滨工业大学（深圳）,2020-08-30 20:37:02,4,E,272,129,0.0416666666666666,0.0,0.0073394495412844,0.0073394495412844,0.0086455331412103,0.0022727272727272,0.0591635573335384
U_30734568,C_948436,0.0,辽宁对外经贸学院,2020-06-29 12:15:53,4,E,781,171,0.0416666666666666,0.0,0.018348623853211,0.018348623853211,0.0201729106628242,0.0007575757575757,0.0617061095691329
U_12408184,C_735197,0.0,华南理工大学,2020-09-14 10:43:38,3,D,211,141,0.0555555555555555,0.0,0.0165137614678899,0.0165137614678899,0.0201729106628242,0.0098484848484848,0.0828397185920673
U_30385013,C_1829948,0.0,辽宁对外经贸学院,2020-06-06 16:44:51,4,E,781,61,0.0416666666666666,0.0,0.0752293577981651,0.0752293577981651,0.0345821325648414,0.0287878787878787,0.0585024593949166
U_5121137,C_674920,0.0,西昌民族幼专,2020-06-29 10:21:40,4,E,745,87,0.1111111111111111,0.0,0.0275229357798165,0.0275229357798165,0.0432276657060518,0.0257575757575757,0.0541964426725539
U_29813547,C_1766171,2.0,辽宁对外经贸学院,2020-05-07 14:36:54,4,E,781,34,0.0277777777777777,0.0,0.0110091743119266,0.0110091743119266,0.0144092219020172,0.0037878787878787,0.0616026303848587
U_33543445,C_697076,2.0,辽宁对外经贸学院,2020-11-12 22:20:42,4,E,781,121,0.0277777777777777,0.0,0.0091743119266055,0.0091743119266055,0.0144092219020172,0.0045454545454545,0.0585898533726571
U_31632826,C_1992917,2.0,辽宁对外经贸学院,2020-08-29 08:31:10,4,E,781,80,0.0277777777777777,0.0,0.0954128440366972,0.0954128440366972,0.0345821325648414,0.0431818181818181,0.0674162241753813
U_19970172,C_948436,2.0,西安美术学院,2020-05-25 17:07:52,4,E,727,171,0.0416666666666666,0.0,0.0532110091743119,0.0532110091743119,0.0662824207492795,0.0113636363636363,0.0628431573676967
U_18241748,C_948113,2.0,西安思源学院,2020-02-26 19:16:53,4,E,721,166,0.0277777777777777,0.0,0.073394495412844,0.073394495412844,0.0518731988472622,0.0303030303030303,0.0617126862791935
U_30463574,C_676646,0.0,辽宁对外经贸学院,2020-06-13 13:43:44,4,E,781,90,0.0277777777777777,0.0,0.0091743119266055,0.0091743119266055,0.0057636887608069,0.0015151515151515,0.0613318165196828
U_13476379,C_676646,1.0,河北地质大学,2020-08-14 08:11:38,4,E,550,90,0.0416666666666666,0.0,0.0422018348623853,0.0422018348623853,0.0576368876080691,0.0151515151515151,0.0620896882596701
U_2586736,C_735164,0.0,云南农业大学,2020-11-10 09:39:06,0,A,105,138,0.0277777777777777,0.0,0.1614678899082569,0.2568807339449541,0.1959654178674351,0.0492424242424242,0.0606073483258993
U_14529453,C_2059281,0.0,石油大学,2020-09-21 11:39:49,4,E,675,85,0.0416666666666666,0.0,0.0623853211009174,0.0623853211009174,0.0576368876080691,0.031060606060606,0.0604071944751395
U_12175407,C_948488,2.0,昆明理工大学,2020-03-06 14:56:05,0,A,476,172,0.1111111111111111,0.0,0.1963302752293578,0.2880733944954128,0.2103746397694524,0.0628787878787878,0.0677976733588959
U_30939611,C_735385,1.0,辽宁对外经贸学院,2020-07-12 20:18:01,4,E,781,146,0.0277777777777777,0.0,0.1155963302752293,0.1155963302752293,0.0144092219020172,0.0303030303030303,0.0604176142025246
U_5581732,C_1824911,2.0,重庆三峡医药高等专科学校,2020-06-02 09:55:29,4,E,822,57,0.0555555555555555,0.0,0.0568807339449541,0.0568807339449541,0.0518731988472622,0.0265151515151515,0.0598090258571658
U_33344842,C_697076,0.0,辽宁对外经贸学院,2020-10-15 10:46:38,4,E,781,121,0.0416666666666666,0.0,0.0825688073394495,0.0825688073394495,0.0691642651296829,0.0348484848484848,0.0617427370899222
U_14654751,C_786631,1.0,北华航天工业学院,2020-05-08 08:12:06,2,C,186,154,0.0555555555555555,0.0,0.0880733944954128,0.0880733944954128,0.100864553314121,0.031060606060606,0.0743769685419705
U_31060928,C_735115,1.0,中国医科大学,2020-07-25 16:05:47,2,C,69,136,0.2083333333333333,0.0,0.5211009174311927,0.5211009174311927,0.2074927953890489,0.0545454545454545,0.0769475856111449
U_30609221,C_674920,2.0,辽宁对外经贸学院,2020-06-19 08:35:20,4,E,781,87,0.0138888888888888,0.0,0.018348623853211,0.018348623853211,0.0144092219020172,0.0037878787878787,0.0604585205467268
U_12476731,C_801420,0.0,普洱学院,2020-08-24 09:28:34,4,E,486,155,0.0277777777777777,0.0,0.0018348623853211,0.0018348623853211,0.0028818443804034,0.0007575757575757,0.0612276638169084
U_7310492,C_1017355,2.0,广州中医药大学,2020-04-20 23:40:07,0,A,423,0,0.1111111111111111,0.0,0.2018348623853211,0.2752293577981651,0.2190201729106628,0.0712121212121212,0.0684434686490479
U_30840264,C_1992917,2.0,辽宁农业职业技术学院,2020-09-07 09:45:20,4,E,772,80,0.0416666666666666,0.0,0.0990825688073394,0.0990825688073394,0.0489913544668587,0.0318181818181818,0.0586038883096388
U_30010449,C_674920,0.0,辽宁对外经贸学院,2020-05-16 12:29:14,4,E,781,87,0.0138888888888888,0.0,0.036697247706422,0.036697247706422,0.0461095100864553,0.0121212121212121,0.0600304252547328
U_32263796,C_697367,2.0,辽宁对外经贸学院,2020-09-09 13:39:01,4,E,781,127,0.0277777777777777,0.0,0.0018348623853211,0.0018348623853211,0.0,0.0,0.0612177789424499
U_33343351,C_697076,1.0,辽宁对外经贸学院,2020-11-16 22:24:28,4,E,781,121,0.0416666666666666,0.0,0.0715596330275229,0.0715596330275229,0.0230547550432276,0.0204545454545454,0.0640149210830713
U_9046733,C_786631,0.0,辽宁对外经贸学院,2020-03-12 15:31:55,4,E,781,154,0.0277777777777777,0.0,0.0844036697247706,0.0844036697247706,0.0489913544668587,0.0242424242424242,0.0635810315510389
U_33459873,C_2027893,1.0,辽宁对外经贸学院,2020-09-23 10:45:15,4,E,781,84,0.0416666666666666,0.0,0.0110091743119266,0.0110091743119266,0.0144092219020172,0.0045454545454545,0.0613876739841206
U_18154923,C_948488,1.0,中国医科大学,2020-03-06 10:29:12,2,C,69,172,0.0277777777777777,0.0,0.1926605504587156,0.1926605504587156,0.1613832853025936,0.0575757575757575,0.0763316975138061
U_4196165,C_1875539,2.0,云南大学,2020-08-06 18:45:50,3,D,106,69,0.1527777777777777,0.0,0.1009174311926605,0.1009174311926605,0.100864553314121,0.2537878787878788,0.0708408428934182
U_7461625,C_1017355,0.0,广州中医药大学,2020-05-08 13:54:46,3,D,423,0,0.1388888888888889,0.0,0.0825688073394495,0.0825688073394495,0.0605187319884726,0.0181818181818181,0.0807519697164459
U_6159364,C_735197,0.0,华南理工大学,2020-10-17 15:10:46,4,E,211,141,0.4583333333333333,0.0,0.091743119266055,0.091743119266055,0.0835734870317002,0.034090909090909,0.0664956135277877
U_30580259,C_676646,0.0,昆明理工大学,2020-06-19 22:18:01,0,A,476,90,0.0972222222222222,0.0,0.0091743119266055,0.0091743119266055,0.0086455331412103,0.0022727272727272,0.0850843527071539
U_5635829,C_1824911,0.0,重庆三峡医药高等专科学校,2020-06-10 18:13:36,4,E,822,57,0.0694444444444444,0.0,0.0385321100917431,0.0385321100917431,0.0461095100864553,0.0257575757575757,0.0456105922595232
U_5643132,C_1824911,2.0,重庆三峡医药高等专科学校,2020-06-04 12:38:25,3,D,822,57,0.1388888888888889,0.0,0.0623853211009174,0.0623853211009174,0.0403458213256484,0.0106060606060606,0.0764635536172424
U_4376997,C_1761368,2.0,西安电子科技大学,2020-09-11 20:26:25,4,E,724,31,0.0416666666666666,0.0,0.0073394495412844,0.0073394495412844,0.0086455331412103,0.0037878787878787,0.0613203320387863
U_31929925,C_735385,1.0,辽宁对外经贸学院,2020-09-13 14:13:31,4,E,781,146,0.0277777777777777,0.0,0.0091743119266055,0.0091743119266055,0.0057636887608069,0.0015151515151515,0.0614233754169722
U_21111185,C_1844112,1.0,内蒙古大学,2020-08-19 08:14:31,0,A,145,63,0.0416666666666666,0.0,0.0458715596330275,0.0458715596330275,0.0720461095100864,0.0757575757575757,0.0954902135349582
U_31125959,C_801420,2.0,辽宁对外经贸学院,2020-08-03 18:43:55,4,E,781,155,0.0416666666666666,0.0,0.0715596330275229,0.0715596330275229,0.0518731988472622,0.031060606060606,0.0627561843390189
U_30558366,C_1829948,1.0,辽宁对外经贸学院,2020-06-16 14:01:44,4,E,781,61,0.0416666666666666,0.0,0.0220183486238532,0.0220183486238532,0.0144092219020172,0.0037878787878787,0.0613887486423158
U_2325355,C_948136,0.0,四川理工学院,2020-06-24 14:27:44,4,E,291,168,0.0555555555555555,0.0,0.1779816513761468,0.1779816513761468,0.1729106628242074,0.0454545454545454,0.0651975155702099
U_32612129,C_735164,1.0,昆明理工大学,2020-11-28 15:49:47,0,A,476,138,0.125,0.0,0.2862385321100917,0.291743119266055,0.4495677233429394,0.1636363636363636,0.0692452775664882
U_11271732,C_948120,2.0,北京农学院,2020-09-29 22:13:16,0,A,160,167,0.0277777777777777,0.0,0.0091743119266055,0.0091743119266055,0.0144092219020172,0.0037878787878787,0.0732351021147252
U_34583460,C_735306,0.0,辽宁对外经贸学院,2020-10-14 18:44:55,4,E,781,144,0.125,0.0,0.055045871559633,0.0678899082568807,0.0835734870317002,0.1477272727272727,0.0597552434239895
U_24717982,C_948395,2.0,西安美术学院,2020-05-12 15:50:09,0,A,727,170,0.1805555555555555,0.0,0.110091743119266,0.110091743119266,0.1296829971181556,0.0712121212121212,0.0692963164022446
U_6101770,C_1017355,2.0,广中医,2020-04-14 10:05:54,1,B,420,0,0.2638888888888889,0.0,0.0091743119266055,0.0293577981651376,0.0144092219020172,0.025,0.1073539744891922
U_11534606,C_735197,0.0,辽宁石油化工大学,2020-11-15 20:38:13,4,E,790,141,0.0416666666666666,0.0,0.0715596330275229,0.0715596330275229,0.0172910662824207,0.0196969696969696,0.0639587516210929
U_28979791,C_948436,2.0,辽宁对外经贸学院,2020-05-18 10:00:42,4,E,781,171,0.0416666666666666,0.0,0.0697247706422018,0.0697247706422018,0.0489913544668587,0.031060606060606,0.0620903122547512
U_6693583,C_1755895,0.0,湖北经济学院,2020-06-30 06:41:51,0,A,634,20,0.0972222222222222,0.0,0.1889908256880734,0.2238532110091743,0.2132564841498559,0.0931818181818181,0.0858835220263545
U_30609669,C_1829948,1.0,辽宁对外经贸学院,2020-06-19 09:17:37,4,E,781,61,0.0138888888888888,0.0,0.0220183486238532,0.0220183486238532,0.0115273775216138,0.003030303030303,0.0611581576981581
U_33224699,C_697076,2.0,辽宁对外经贸学院,2020-09-27 18:21:16,4,E,781,121,0.0416666666666666,0.0,0.0844036697247706,0.0844036697247706,0.0806916426512968,0.0333333333333333,0.0604826136901341
U_11036904,C_735385,0.0,北京交通大学海滨学院,2020-11-08 00:44:10,4,E,158,146,0.0416666666666666,0.0,0.0201834862385321,0.0201834862385321,0.0230547550432276,0.006060606060606,0.0616012883002003
U_8927240,C_1808487,2.0,辽宁对外经贸学院,2020-07-21 10:09:16,4,E,781,55,0.0277777777777777,0.0,0.0073394495412844,0.0073394495412844,0.0028818443804034,0.0015151515151515,0.0614337802873316
U_15338316,C_756642,2.0,辽宁对外经贸学院,2020-05-07 21:12:20,4,E,781,149,0.0277777777777777,0.0,0.0091743119266055,0.0091743119266055,0.0028818443804034,0.0007575757575757,0.0617855203717095
U_11425155,C_801420,1.0,大连大学,2020-07-09 09:35:22,4,E,306,155,0.0277777777777777,0.0,0.0036697247706422,0.0036697247706422,0.0,0.0,0.0616348998447645
U_7255221,C_697076,1.0,辽宁对外经贸学院,2020-09-10 15:42:49,4,E,781,121,0.0555555555555555,0.0,0.1155963302752293,0.1155963302752293,0.0749279538904899,0.0363636363636363,0.0564126949161365
U_20571605,C_1714448,0.0,昆明理工大学,2020-05-14 19:12:05,0,A,476,8,0.25,0.0,0.1449541284403669,0.1449541284403669,0.2247838616714697,0.059090909090909,0.0704037491961681
U_22748670,C_773985,2.0,辽宁对外经贸学院,2020-07-19 05:46:00,4,E,781,153,0.0416666666666666,0.0,0.0036697247706422,0.0036697247706422,0.0057636887608069,0.0015151515151515,0.0611241796802923
U_6139298,C_1017355,0.0,广州中医药大学,2020-05-10 22:00:37,4,E,423,0,0.0416666666666666,0.0,0.0348623853211009,0.0348623853211009,0.0172910662824207,0.006060606060606,0.0621799248816687
U_32262856,C_1774985,1.0,辽宁对外经贸学院,2020-09-09 13:37:22,4,E,781,46,0.0277777777777777,0.0,0.0018348623853211,0.0018348623853211,0.0,0.0,0.0611571226586982
U_16210224,C_735115,1.0,辽宁对外经贸学院,2020-05-26 15:19:16,4,E,781,136,0.0416666666666666,0.0,0.0311926605504587,0.0311926605504587,0.0115273775216138,0.0037878787878787,0.0613204211809407
U_30627164,C_1829948,1.0,辽宁对外经贸学院,2020-06-20 14:35:24,4,E,781,61,0.0694444444444444,0.0,0.0220183486238532,0.0220183486238532,0.0201729106628242,0.0053030303030303,0.0615853269022143
U_14446476,C_696917,0.0,长江大学,2020-05-27 22:27:39,4,E,858,119,0.0416666666666666,0.0,0.0091743119266055,0.0091743119266055,0.0115273775216138,0.003030303030303,0.0599950704858152
U_12156229,C_682392,0.0,陕西工业职业技术学院,2020-08-31 16:22:38,4,E,876,108,0.0555555555555555,0.0,0.0311926605504587,0.0311926605504587,0.031700288184438,0.009090909090909,0.0713582336423433
U_10407963,C_676646,0.0,天津商业大学,2020-08-11 00:28:22,4,E,316,90,0.0416666666666666,0.0,0.018348623853211,0.018348623853211,0.0230547550432276,0.006060606060606,0.0623649542802259
U_33554566,C_697076,2.0,辽宁对外经贸学院,2020-11-11 10:06:13,4,E,781,121,0.0416666666666666,0.0,0.036697247706422,0.036697247706422,0.0201729106628242,0.0053030303030303,0.0607207024799482
U_34486072,C_948120,1.0,中国医科大学,2020-10-08 20:17:38,2,C,69,167,0.1111111111111111,0.0,0.0513761467889908,0.0513761467889908,0.063400576368876,0.0227272727272727,0.0792483248077649
U_23160989,C_948120,2.0,中国农业大学,2020-10-13 17:00:13,4,E,67,167,0.0416666666666666,0.0,0.0385321100917431,0.0385321100917431,0.0374639769452449,0.0098484848484848,0.0620656892107592
U_31067403,C_682392,1.0,广州中医药大学,2020-07-30 21:10:02,1,B,423,108,0.1805555555555555,0.0,0.018348623853211,0.018348623853211,0.0057636887608069,0.0015151515151515,0.0967329046912122
U_22824478,C_1738818,2.0,安徽工业大学,2020-06-15 19:30:29,4,E,344,15,0.0694444444444444,0.0,0.0440366972477064,0.0440366972477064,0.0345821325648414,0.0166666666666666,0.0624457765002477
U_30563812,C_1829948,0.0,辽宁对外经贸学院,2020-06-16 17:24:55,4,E,781,61,0.0416666666666666,0.0,0.0128440366972477,0.0128440366972477,0.0057636887608069,0.0015151515151515,0.0614636379567257
U_33220058,C_697076,2.0,辽宁对外经贸学院,2020-09-30 18:11:00,0,A,781,121,0.125,0.0,0.2018348623853211,0.2642201834862385,0.270893371757925,0.0636363636363636,0.0678315919486587
U_30264289,C_674920,1.0,辽宁对外经贸学院,2020-05-29 23:03:46,4,E,781,87,0.0416666666666666,0.0,0.0788990825688073,0.0788990825688073,0.0662824207492795,0.034090909090909,0.0615517549763854
U_30367281,C_756642,0.0,昆明理工大学,2020-06-05 12:34:34,0,A,476,149,0.0833333333333333,0.0,0.2091743119266055,0.2513761467889908,0.1844380403458213,0.0886363636363636,0.0779769992105693
U_31089636,C_697076,0.0,辽宁对外经贸学院,2020-07-29 08:38:09,4,E,781,121,0.0416666666666666,0.0,0.055045871559633,0.055045871559633,0.0432276657060518,0.0136363636363636,0.0621847038916148
U_30087736,C_948436,0.0,辽宁对外经贸学院,2020-05-21 10:52:14,4,E,781,171,0.0416666666666666,0.0,0.0678899082568807,0.0678899082568807,0.0461095100864553,0.031060606060606,0.0625173081268405
U_33225974,C_697076,1.0,辽宁对外经贸学院,2020-12-04 08:43:05,4,E,781,121,0.0416666666666666,0.0,0.0752293577981651,0.0752293577981651,0.0374639769452449,0.0257575757575757,0.0637559581720934
U_7157402,C_735197,0.0,华南理工大学,2020-09-08 19:39:27,4,E,211,141,0.0833333333333333,0.0,0.0256880733944954,0.0256880733944954,0.0345821325648414,0.0136363636363636,0.0608576297815035
U_33220470,C_697076,2.0,辽宁对外经贸学院,2020-11-19 11:01:13,4,E,781,121,0.0277777777777777,0.0,0.0935779816513761,0.0935779816513761,0.0345821325648414,0.0295454545454545,0.0607682003912368
U_32872424,C_735164,1.0,昆明理工大学,2020-09-16 08:32:47,0,A,476,138,0.0277777777777777,0.0,0.0990825688073394,0.1174311926605504,0.1498559077809798,0.0712121212121212,0.0657941242004809
U_31521219,C_676646,1.0,辽宁对外经贸学院,2020-08-27 23:36:36,4,E,781,90,0.0416666666666666,0.0,0.0165137614678899,0.0165137614678899,0.0201729106628242,0.0053030303030303,0.0614634398630491
U_31030477,C_674920,1.0,辽宁对外经贸学院,2020-07-20 23:37:29,4,E,781,87,0.0416666666666666,0.0,0.0788990825688073,0.0788990825688073,0.0662824207492795,0.0356060606060606,0.0621364433196717
U_32106164,C_1806527,1.0,辽宁对外经贸学院,2020-09-07 10:43:11,4,E,781,53,0.0416666666666666,0.0,0.0018348623853211,0.0018348623853211,0.0,0.0,0.0627491817275537
U_30470078,C_1829948,2.0,华南理工大学,2020-06-12 12:20:29,3,D,211,61,0.125,0.0,0.4770642201834862,0.4770642201834862,0.547550432276657,0.1439393939393939,0.0717320911058092
U_33220080,C_697076,2.0,辽宁对外经贸学院,2020-09-30 13:57:58,0,A,781,121,0.125,0.0,0.236697247706422,0.3211009174311927,0.2305475504322766,0.0674242424242424,0.061846523319395
U_30355767,C_756642,1.0,昆明理工大学,2020-06-04 17:28:18,0,A,476,149,0.0694444444444444,0.0,0.0623853211009174,0.0623853211009174,0.063400576368876,0.0189393939393939,0.0758705651489098
U_5797498,C_1824911,2.0,重庆三峡医药高等专科学校,2020-06-10 18:13:25,0,A,822,57,0.0416666666666666,0.0,0.0678899082568807,0.0678899082568807,0.0749279538904899,0.0196969696969696,0.0679818162882507
U_32536281,C_707013,1.0,辽宁对外经贸学院,2020-09-13 12:35:58,4,E,781,129,0.0416666666666666,0.0,0.0110091743119266,0.0110091743119266,0.0115273775216138,0.003030303030303,0.0612796733116798
U_30978822,C_801420,2.0,辽宁对外经贸学院,2020-07-16 23:00:57,4,E,781,155,0.0277777777777777,0.0,0.018348623853211,0.018348623853211,0.0086455331412103,0.0022727272727272,0.0618564478125889
U_6758749,C_1824911,2.0,重庆三峡医药高等专科学校,2020-06-10 22:20:39,4,E,822,57,0.0138888888888888,0.0,0.0623853211009174,0.0623853211009174,0.0461095100864553,0.031060606060606,0.0612422732255521
U_29820994,C_756642,2.0,辽宁对外经贸学院,2020-05-07 20:58:30,4,E,781,149,0.0416666666666666,0.0,0.0660550458715596,0.0660550458715596,0.0461095100864553,0.0325757575757575,0.0627889836995093
U_5611453,C_696575,0.0,郑州大学,2020-11-14 10:16:07,4,E,807,116,0.0694444444444444,0.0,0.1651376146788991,0.1651376146788991,0.2363112391930835,0.0621212121212121,0.0634694305260272
U_33633365,C_735197,0.0,辽宁对外经贸学院,2020-09-24 18:37:55,4,E,781,141,0.0416666666666666,0.0,0.0697247706422018,0.0697247706422018,0.063400576368876,0.0325757575757575,0.0623634339112586
U_33226377,C_697076,0.0,辽宁对外经贸学院,2020-10-21 16:58:35,2,C,781,121,0.1388888888888889,0.0,0.1614678899082569,0.1614678899082569,0.1239193083573487,0.0363636363636363,0.0791914323038672
U_30318595,C_676635,0.0,广州中医药大学,2020-06-02 10:50:43,1,B,423,89,0.2083333333333333,0.0,0.0091743119266055,0.0091743119266055,0.0115273775216138,0.003030303030303,0.1141994184313606
U_22326017,C_1829948,2.0,北方民族大学,2020-06-20 07:34:38,4,E,190,61,0.0972222222222222,0.0,0.0220183486238532,0.0220183486238532,0.0172910662824207,0.0045454545454545,0.0617702027781723
U_33009369,C_735164,2.0,昆明理工大学,2020-09-22 20:53:22,0,A,476,138,0.0138888888888888,0.0,0.0091743119266055,0.0091743119266055,0.0144092219020172,0.006060606060606,0.0204908258645228
U_14892452,C_674920,2.0,西昌民族幼儿师范高等专科,2020-06-29 15:54:52,4,E,750,87,0.5416666666666666,0.0,0.2201834862385321,0.2201834862385321,0.340057636887608,0.0916666666666666,0.0725967700038363
U_32061469,C_1472684,1.0,辽宁对外经贸学院,2020-09-10 01:56:13,4,E,781,3,0.0277777777777777,0.0,0.0091743119266055,0.0091743119266055,0.0028818443804034,0.0007575757575757,0.0614831006604441
U_22297533,C_707358,1.0,湖北文理学院理工学院,2020-05-15 15:31:54,0,A,626,134,0.0138888888888888,0.0,0.0458715596330275,0.0587155963302752,0.0691642651296829,0.0181818181818181,0.0774247883255492
U_2942515,C_948436,2.0,西安美术学院,2020-06-05 23:07:32,4,E,727,171,0.0277777777777777,0.0,0.0128440366972477,0.0128440366972477,0.0172910662824207,0.003030303030303,0.0617406323446091
U_32538758,C_735164,1.0,昆明理工大学,2020-11-29 14:32:49,0,A,476,138,0.125,0.0,0.2862385321100917,0.2862385321100917,0.4495677233429394,0.1636363636363636,0.0690676271573815
U_4479623,C_735164,0.0,武汉理工大学,2020-11-29 16:04:52,0,A,508,138,0.125,0.0,0.2862385321100917,0.291743119266055,0.446685878962536,0.1628787878787878,0.0668939848636193
U_9722920,C_674920,0.0,辽宁对外经贸学院,2020-06-09 15:13:13,4,E,781,87,0.0416666666666666,0.0,0.018348623853211,0.018348623853211,0.0115273775216138,0.003030303030303,0.0611070941006921
U_13099825,C_697076,0.0,长沙理工大学,2020-09-10 19:33:24,0,A,862,121,0.125,0.0,0.018348623853211,0.018348623853211,0.0288184438040345,0.009090909090909,0.059018181424721
U_7384428,C_697076,0.0,长沙理工大学,2020-09-08 19:23:49,0,A,862,121,0.1111111111111111,0.0,0.2,0.2752293577981651,0.201729106628242,0.0621212121212121,0.0692015335303698
U_33217955,C_697076,2.0,辽宁对外经贸学院,2020-09-30 13:54:00,3,D,781,121,0.1527777777777777,0.0,0.1908256880733945,0.2422018348623853,0.1383285302593659,0.1537878787878787,0.0801108098183246
U_7157541,C_735197,2.0,华南理工大学,2020-09-09 19:34:18,4,E,211,141,0.0555555555555555,0.0,0.1045871559633027,0.1045871559633027,0.0518731988472622,0.028030303030303,0.0576351458509917
U_6435013,C_1824911,2.0,重庆三峡医药高等专科学校,2020-06-02 10:26:52,4,E,822,57,0.0555555555555555,0.0,0.0660550458715596,0.0660550458715596,0.0605187319884726,0.0303030303030303,0.058199485021357
U_29768924,C_697062,2.0,辽宁对外经贸学院,2020-05-03 13:06:57,4,E,781,120,0.0555555555555555,0.0,0.1651376146788991,0.1651376146788991,0.132564841498559,0.0348484848484848,0.0658054403017524
U_30563608,C_1829948,0.0,辽宁对外经贸学院,2020-06-16 17:16:17,4,E,781,61,0.0138888888888888,0.0,0.0311926605504587,0.0311926605504587,0.0432276657060518,0.0113636363636363,0.061161124150964
U_15490766,C_735197,0.0,广州中医药大学,2020-11-02 01:03:22,1,B,423,141,0.2222222222222222,0.0,0.0348623853211009,0.0513761467889908,0.0547550432276657,0.025,0.1091037161245608
U_32872368,C_735164,2.0,昆明理工大学,2020-09-16 08:25:21,0,A,476,138,0.0972222222222222,0.0,0.055045871559633,0.055045871559633,0.0864553314121037,0.0401515151515151,0.0638976050554919
U_33219914,C_697076,1.0,辽宁对外经贸学院,2020-09-21 10:33:30,0,A,781,121,0.0277777777777777,0.0,0.0275229357798165,0.0275229357798165,0.0432276657060518,0.0136363636363636,0.0643504075812904
U_7002980,C_756642,1.0,辽宁对外经贸学院,2020-05-12 10:50:56,4,E,781,149,0.0138888888888888,0.0,0.0256880733944954,0.0256880733944954,0.0172910662824207,0.0045454545454545,0.0610023718785977
U_32880666,C_735164,2.0,昆明理工大学,2020-11-25 13:17:03,0,A,476,138,0.0972222222222222,0.0,0.0954128440366972,0.1412844036697247,0.1095100864553314,0.031060606060606,0.0669217625494098
U_16194141,C_1778562,0.0,辽宁对外经贸学院,2020-09-19 17:20:56,4,E,781,49,0.0277777777777777,0.0,0.0036697247706422,0.0036697247706422,0.0057636887608069,0.0015151515151515,0.0654354260757152
U_16114992,C_786631,2.0,北华航天工业学院,2020-03-31 21:02:49,0,A,186,154,0.0972222222222222,0.0,0.1981651376146789,0.2697247706422018,0.2103746397694524,0.075,0.0733147060586364
U_4516980,C_735197,0.0,华南理工大学,2020-10-22 23:43:47,4,E,211,141,0.25,0.0,0.110091743119266,0.110091743119266,0.1729106628242074,0.0522727272727272,0.0063891987537023
U_8488470,C_735197,1.0,华南理工大学,2020-09-07 10:24:36,3,D,211,141,0.1527777777777777,0.0,0.1761467889908257,0.2275229357798165,0.0979827089337175,0.1469696969696969,0.0849189841059917
U_15170327,C_1557390,1.0,辽宁对外经贸学院,2020-05-07 18:12:23,4,E,781,4,0.0416666666666666,0.0,0.0587155963302752,0.0587155963302752,0.0576368876080691,0.0318181818181818,0.0604602637710803
U_24237294,C_749807,2.0,中国医科大学,2020-03-18 13:40:43,2,C,69,148,0.0138888888888888,0.0,0.1779816513761468,0.1779816513761468,0.1613832853025936,0.0598484848484848,0.0718192077524025
U_19963047,C_948395,1.0,西安美术学院,2020-02-21 23:38:25,0,A,727,170,0.1111111111111111,0.0,0.1944954128440367,0.2788990825688073,0.2046109510086455,0.0628787878787878,0.0707448764118262
U_5581832,C_1824911,1.0,重庆三峡医药高等专科学校,2020-06-02 09:50:32,4,E,822,57,0.0555555555555555,0.0,0.0311926605504587,0.0311926605504587,0.0461095100864553,0.025,0.0502094112451559
U_30365656,C_1829948,2.0,华南理工大学,2020-06-05 10:52:21,3,D,211,61,0.3055555555555555,0.0,0.4770642201834862,0.4770642201834862,0.5965417867435158,0.1568181818181818,0.0728737990581132
U_20304476,C_801420,2.0,南京邮电大学通达学院,2020-09-04 14:07:54,4,E,229,155,0.0277777777777777,0.0,0.0036697247706422,0.0036697247706422,0.0028818443804034,0.0007575757575757,0.0612704371940118
U_9199881,C_697076,2.0,长沙理工大学城南学院,2020-09-09 19:33:29,3,D,863,121,0.1666666666666666,0.0,0.1724770642201835,0.2055045871559633,0.1268011527377521,0.1484848484848485,0.0868313606497865
U_31034239,C_680719,1.0,昆明理工大学,2020-07-25 10:08:18,0,A,476,94,0.0972222222222222,0.0,0.0825688073394495,0.0825688073394495,0.1268011527377521,0.034090909090909,0.0684790710350612
U_31742367,C_1912004,1.0,辽宁对外经贸学院,2020-08-31 22:00:47,4,E,781,74,0.0277777777777777,0.0,0.0055045871559633,0.0055045871559633,0.0028818443804034,0.0007575757575757,0.0510193483863522
U_33220177,C_697076,2.0,辽宁对外经贸学院,2020-10-11 11:52:27,0,A,781,121,0.0972222222222222,0.0,0.110091743119266,0.110091743119266,0.1729106628242074,0.056060606060606,0.0689749886495551
U_29732180,C_1687717,1.0,辽宁对外经贸学院,2020-04-29 23:35:02,4,E,781,7,0.0277777777777777,0.0,0.0018348623853211,0.0018348623853211,0.0,0.0,0.0611380561423328
U_30372376,C_1714448,0.0,辽宁对外经贸学院,2020-06-05 17:15:34,4,E,781,8,0.0277777777777777,0.0,0.0036697247706422,0.0036697247706422,0.0,0.0,0.0618825218927613
U_33231499,C_735197,0.0,辽宁对外经贸学院,2020-09-21 10:44:26,4,E,781,141,0.0416666666666666,0.0,0.0256880733944954,0.0256880733944954,0.0288184438040345,0.0075757575757575,0.0616318640591717
U_2037228,C_1628052,0.0,中国医科大学,2020-06-18 16:46:57,2,C,69,5,0.1388888888888889,0.0,0.018348623853211,0.018348623853211,0.0288184438040345,0.0113636363636363,0.0765717721927274
U_5643125,C_1824911,1.0,重庆三峡医药高等专科学校,2020-06-03 19:59:32,4,E,822,57,0.0416666666666666,0.0,0.0697247706422018,0.0697247706422018,0.063400576368876,0.0303030303030303,0.0623082697746886
U_31050094,C_1907842,0.0,辽宁对外经贸学院,2020-07-23 16:11:01,4,E,781,70,0.0416666666666666,0.0,0.0036697247706422,0.0036697247706422,0.0057636887608069,0.0045454545454545,0.062721924037664
U_30187438,C_766175,2.0,昆明理工大学,2020-05-28 12:03:46,0,A,476,151,0.0555555555555555,0.0,0.1834862385321101,0.1834862385321101,0.2853025936599423,0.0772727272727272,0.0670077748237566
U_6509944,C_1824911,2.0,重庆三峡医药高等专科学校,2020-06-05 11:33:04,4,E,822,57,0.0416666666666666,0.0,0.0844036697247706,0.0844036697247706,0.0461095100864553,0.0219696969696969,0.0651722437694273
U_2459005,C_681031,2.0,暨南大学,2020-05-26 16:22:45,4,E,487,101,0.0277777777777777,0.0,0.0018348623853211,0.0018348623853211,0.0028818443804034,0.0015151515151515,0.061140552122657
U_28918374,C_1806527,1.0,用友金融,2020-07-26 11:35:25,0,A,665,53,0.1111111111111111,0.0,0.1908256880733945,0.2770642201834862,0.2161383285302593,0.0598484848484848,0.0672391482379366
U_30315100,C_676646,2.0,辽宁对外经贸学院,2020-08-19 11:12:55,4,E,781,90,0.0277777777777777,0.0,0.0091743119266055,0.0091743119266055,0.0115273775216138,0.003030303030303,0.0612637961035064
U_30682956,C_801420,1.0,清华大学,2020-08-24 20:42:07,4,E,612,155,0.0416666666666666,0.0,0.0715596330275229,0.0715596330275229,0.0461095100864553,0.0371212121212121,0.0642145450332464
U_5545718,C_948387,2.0,龙岗二职,2020-10-20 09:06:06,4,E,913,169,0.0416666666666666,0.0,0.073394495412844,0.073394495412844,0.0489913544668587,0.0128787878787878,0.0634054165544585
U_31465079,C_801420,0.0,辽宁对外经贸学院,2020-08-26 19:10:07,4,E,781,155,0.0277777777777777,0.0,0.0018348623853211,0.0018348623853211,0.0,0.0,0.0612796980733893
U_30176864,C_948488,1.0,中国医科大学,2020-05-25 18:25:33,2,C,69,172,0.1388888888888889,0.0,0.1834862385321101,0.1834862385321101,0.0864553314121037,0.0227272727272727,0.0775250881063152
U_29826895,C_756642,1.0,辽宁对外经贸学院,2020-05-08 09:52:03,4,E,781,149,0.0277777777777777,0.0,0.0091743119266055,0.0091743119266055,0.0115273775216138,0.0045454545454545,0.0616763261848675
U_20269908,C_823315,1.0,西安石油大学,2020-07-04 17:09:14,4,E,725,158,0.0416666666666666,0.0,0.091743119266055,0.091743119266055,0.1152737752161383,0.0318181818181818,0.0634428364499539
U_33454972,C_697076,2.0,辽宁对外经贸学院,2020-11-23 11:44:09,4,E,781,121,0.0416666666666666,0.0,0.0807339449541284,0.0807339449541284,0.0489913544668587,0.0393939393939393,0.0658043904052668
U_29209836,C_735164,0.0,江西理工大学,2020-12-01 09:43:36,0,A,529,138,0.0833333333333333,0.0,0.0091743119266055,0.0091743119266055,0.0144092219020172,0.006060606060606,0.0724351305161346
U_29739554,C_1714448,2.0,辽宁对外经贸学院,2020-04-30 13:36:51,4,E,781,8,0.0416666666666666,0.0,0.0055045871559633,0.0055045871559633,0.0057636887608069,0.0015151515151515,0.0614786138386709
U_16106073,C_786631,0.0,北华航天工业学院,2020-04-12 13:59:21,2,C,186,154,0.1388888888888889,0.0,0.2055045871559633,0.2055045871559633,0.1613832853025936,0.0621212121212121,0.0812350360036753
U_12408426,C_735197,0.0,华南理工大学,2020-09-09 22:39:26,3,D,211,141,0.0277777777777777,0.0,0.0256880733944954,0.0256880733944954,0.0374639769452449,0.0143939393939393,0.0847969980199882
U_34073120,C_735164,1.0,昆明理工大学,2020-10-31 15:39:00,0,A,476,138,0.1111111111111111,0.0,0.1889908256880734,0.2697247706422018,0.2190201729106628,0.0606060606060606,0.0670623248699293
U_33146792,C_735164,1.0,昆明理工大学,2020-09-19 18:04:11,0,A,476,138,0.0972222222222222,0.0,0.1614678899082569,0.2440366972477064,0.2449567723342939,0.0643939393939393,0.0749954417617879
U_30349341,C_1829948,1.0,中国医科大学,2020-06-04 11:21:08,2,C,69,61,0.2638888888888889,0.0,0.4770642201834862,0.4770642201834862,0.3515850144092218,0.0924242424242424,0.077316406322781
U_5581746,C_1824911,2.0,重庆三峡医药高等专科学校,2020-06-02 09:50:47,4,E,822,57,0.0416666666666666,0.0,0.0825688073394495,0.0825688073394495,0.0605187319884726,0.0234848484848484,0.0608409255322306
U_4537632,C_735197,1.0,0,2020-09-18 17:01:20,4,E,1,141,0.0277777777777777,0.0,0.0036697247706422,0.0036697247706422,0.0028818443804034,0.0007575757575757,0.0612745624948254
U_30472142,C_674920,2.0,辽宁对外经贸学院,2020-06-15 07:29:07,4,E,781,87,0.0138888888888888,0.0,0.0770642201834862,0.0770642201834862,0.0691642651296829,0.0356060606060606,0.0612243407954847
U_7733905,C_735164,0.0,安徽科技学院,2020-10-30 17:43:32,2,C,350,138,0.1388888888888889,0.0,0.1339449541284403,0.1798165137614679,0.170028818443804,0.0515151515151515,0.0571461961815695
U_33450083,C_735164,1.0,昆明理工大学,2020-10-09 20:47:36,0,A,476,138,0.0138888888888888,0.0,0.181651376146789,0.2587155963302752,0.2132564841498559,0.0575757575757575,0.0671891246322723
U_901696,C_1755893,2.0,清华大学,2020-05-29 15:24:00,4,E,612,19,0.0416666666666666,0.0,0.0678899082568807,0.0678899082568807,0.0547550432276657,0.0333333333333333,0.0637139325986189
U_30318463,C_676635,2.0,广州中医药大学,2020-06-02 10:37:41,1,B,423,89,0.2222222222222222,0.0,0.0275229357798165,0.0275229357798165,0.031700288184438,0.0083333333333333,0.1139115883193713
U_32065086,C_1992929,1.0,辽宁对外经贸学院,2020-09-06 10:34:02,4,E,781,81,0.0416666666666666,0.0,0.0697247706422018,0.0697247706422018,0.0518731988472622,0.0303030303030303,0.0629385889963621
U_27957155,C_801420,0.0,辽宁对外经贸学院,2020-07-14 23:13:17,4,E,781,155,0.0277777777777777,0.0,0.0110091743119266,0.0110091743119266,0.0172910662824207,0.0053030303030303,0.0614491523566299
U_984466,C_1760323,0.0,燕山大学,2020-06-12 20:11:52,4,E,655,30,0.0416666666666666,0.0,0.0660550458715596,0.0660550458715596,0.0547550432276657,0.0318181818181818,0.0618101632250691
U_29261835,C_674959,2.0,辽宁对外经贸学院,2020-04-26 07:55:39,4,E,781,88,0.0416666666666666,0.0,0.0715596330275229,0.0715596330275229,0.0576368876080691,0.031060606060606,0.0632201543958314
U_13535131,C_948120,2.0,中国农业大学,2020-09-23 22:32:00,4,E,67,167,0.0277777777777777,0.0,0.0091743119266055,0.0091743119266055,0.0144092219020172,0.0037878787878787,0.0606575601205562
U_29931088,C_756642,2.0,辽宁对外经贸学院,2020-05-11 20:27:35,4,E,781,149,0.0416666666666666,0.0,0.0678899082568807,0.0678899082568807,0.0576368876080691,0.0325757575757575,0.0617378441761121
U_29922676,C_1714448,2.0,辽宁对外经贸学院,2020-05-13 19:24:07,4,E,781,8,0.0416666666666666,0.0,0.073394495412844,0.073394495412844,0.0720461095100864,0.0189393939393939,0.0638982092412053
U_33442554,C_697076,2.0,辽宁对外经贸学院,2020-11-09 15:24:38,4,E,781,121,0.0416666666666666,0.0,0.0899082568807339,0.0899082568807339,0.0662824207492795,0.0265151515151515,0.0622413091596816
U_6405091,C_1824911,2.0,重庆三峡医药高等专科学校,2020-06-11 08:22:36,4,E,822,57,0.0416666666666666,0.0,0.0256880733944954,0.0256880733944954,0.0374639769452449,0.0098484848484848,0.0618839976906515
U_28138481,C_786631,2.0,辽宁对外经贸学院,2020-03-03 08:27:11,4,E,781,154,0.0416666666666666,0.0,0.0807339449541284,0.0807339449541284,0.0518731988472622,0.0318181818181818,0.0651433617113901
U_31055752,C_735195,0.0,辽宁对外经贸学院,2020-11-03 21:20:45,4,E,781,140,0.0416666666666666,0.0,0.0678899082568807,0.0678899082568807,0.0576368876080691,0.031060606060606,0.0629106528356303
U_4602301,C_735197,2.0,华南理工大学,2020-10-01 20:31:49,3,D,211,141,0.1527777777777777,0.0,0.0972477064220183,0.2201834862385321,0.0576368876080691,0.1522727272727272,0.0924124617968567
U_7872854,C_1829948,0.0,北方民族大学,2020-06-18 14:49:42,4,E,190,61,0.0416666666666666,0.0,0.073394495412844,0.073394495412844,0.0201729106628242,0.0053030303030303,0.0633187703803469
U_17155219,C_786631,1.0,北华航天工业学院,2020-04-12 18:19:08,0,A,186,154,0.1805555555555555,0.0,0.2165137614678899,0.2844036697247706,0.2190201729106628,0.0712121212121212,0.073981608230022
U_32612180,C_735164,1.0,昆明理工大学,2020-11-29 12:56:00,0,A,476,138,0.125,0.0,0.2862385321100917,0.2880733944954128,0.4438040345821325,0.1613636363636363,0.069198448221358
U_14161043,C_735385,0.0,首都医科大学,2020-06-15 08:21:39,4,E,896,146,0.0416666666666666,0.0,0.0091743119266055,0.0091743119266055,0.0115273775216138,0.003030303030303,0.0620689676611057
U_33224766,C_697076,2.0,辽宁对外经贸学院,2020-09-24 14:23:46,0,A,781,121,0.0972222222222222,0.0,0.1596330275229358,0.236697247706422,0.0720461095100864,0.0265151515151515,0.0756932168326598
U_14442275,C_735115,1.0,辽宁对外经贸学院,2020-06-12 01:24:42,4,E,781,136,0.0416666666666666,0.0,0.0055045871559633,0.0055045871559633,0.0028818443804034,0.0007575757575757,0.0603701460052876
U_33655693,C_697076,2.0,辽宁对外经贸学院,2020-11-06 08:02:26,4,E,781,121,0.0138888888888888,0.0,0.0275229357798165,0.0275229357798165,0.0374639769452449,0.0106060606060606,0.0605140115378631
U_1052293,C_735164,0.0,菏泽学院,2020-11-29 18:28:33,0,A,697,138,0.125,0.0,0.2862385321100917,0.2972477064220183,0.4495677233429394,0.1636363636363636,0.0670167682766707
U_5076034,C_1864065,1.0,湖北理工学院,2020-06-22 12:51:50,3,D,631,67,0.1527777777777777,0.0,0.1669724770642202,0.181651376146789,0.1469740634005763,0.1401515151515151,0.076974362923869
U_29591639,C_676676,2.0,辽宁对外经贸学院,2020-04-23 13:28:15,4,E,781,91,0.0416666666666666,0.0,0.0715596330275229,0.0715596330275229,0.063400576368876,0.034090909090909,0.0626761148749679
U_2318852,C_1912004,0.0,北京交通大学,2020-09-10 10:26:07,4,E,157,74,0.0416666666666666,0.0,0.0055045871559633,0.0055045871559633,0.0057636887608069,0.0015151515151515,0.0625713332247705
U_6765320,C_1824911,1.0,重庆三峡医药高等专科,2020-06-05 22:22:02,4,E,820,57,0.125,0.0,0.0623853211009174,0.0623853211009174,0.0979827089337175,0.0257575757575757,0.0644882659231254
U_29987254,C_674920,0.0,辽宁对外经贸学院,2020-05-15 02:42:11,4,E,781,87,0.0416666666666666,0.0,0.018348623853211,0.018348623853211,0.0115273775216138,0.003030303030303,0.0611070941006921
U_32593422,C_735164,2.0,昆明理工大学,2020-10-09 09:28:25,0,A,476,138,0.125,0.0,0.2385321100917431,0.3137614678899083,0.2103746397694524,0.059090909090909,0.0598409635101634
U_29800480,C_682407,0.0,辽宁对外经贸学院,2020-05-06 23:45:53,4,E,781,110,0.0416666666666666,0.0,0.018348623853211,0.018348623853211,0.0115273775216138,0.003030303030303,0.0618669764914961
U_30416358,C_1829948,0.0,华南理工大学,2020-06-09 11:16:04,3,D,211,61,0.0138888888888888,0.0,0.0073394495412844,0.0073394495412844,0.0057636887608069,0.0015151515151515,0.0350086558345244
U_12484208,C_697062,2.0,湖北科技学院,2020-04-26 08:28:43,0,A,633,120,0.1111111111111111,0.0,0.1889908256880734,0.1889908256880734,0.2853025936599423,0.0803030303030303,0.0669054346781224
U_1049541,C_735164,1.0,昆明理工大学,2020-11-26 10:43:30,2,C,476,138,0.1527777777777777,0.0,0.2862385321100917,0.4513761467889908,0.3025936599423631,0.1045454545454545,0.0833399298869999
U_28944811,C_674920,2.0,辽宁对外经贸学院,2020-06-11 23:41:09,4,E,781,87,0.0416666666666666,0.0,0.0788990825688073,0.0788990825688073,0.0662824207492795,0.0318181818181818,0.0621247508404149
U_30745624,C_674959,0.0,辽宁对外经贸学院,2020-06-30 00:59:48,4,E,781,88,0.0277777777777777,0.0,0.0073394495412844,0.0073394495412844,0.0086455331412103,0.0022727272727272,0.0616829524183473
U_7207556,C_682407,0.0,陕西理工大学,2020-04-16 22:17:08,4,E,880,110,0.0416666666666666,0.0,0.0660550458715596,0.0660550458715596,0.0605187319884726,0.0333333333333333,0.0635467365832907
U_27366713,C_948395,2.0,西安美术学院,2020-03-12 16:48:57,0,A,727,170,0.0694444444444444,0.0,0.1908256880733945,0.2752293577981651,0.2046109510086455,0.0621212121212121,0.0692356204997577
U_28975393,C_948436,0.0,辽宁对外经贸学院,2020-05-18 08:00:21,4,E,781,171,0.0277777777777777,0.0,0.0036697247706422,0.0036697247706422,0.0057636887608069,0.0,0.0612584871929755
U_29735179,C_1741505,0.0,辽宁对外经贸学院,2020-06-11 11:16:32,4,E,781,16,0.0416666666666666,0.0,0.0403669724770642,0.0403669724770642,0.0374639769452449,0.0098484848484848,0.0623125287887338
U_9350624,C_676635,1.0,复旦大学,2020-07-14 14:06:22,4,E,299,89,0.0416666666666666,0.0,0.0091743119266055,0.0091743119266055,0.0086455331412103,0.0022727272727272,0.0613626299910661
U_13337823,C_801420,0.0,辽宁对外经贸学院,2020-07-11 11:39:17,4,E,781,155,0.0138888888888888,0.0,0.0036697247706422,0.0036697247706422,0.0,0.0,0.0010116551909835
U_14101442,C_697062,0.0,大连理工大学,2020-04-08 12:37:15,0,A,309,120,0.1111111111111111,0.0,0.1889908256880734,0.2715596330275229,0.2190201729106628,0.0537878787878787,0.0670913208318305
U_21262934,C_948120,2.0,昆明理工大学,2020-09-29 17:49:59,0,A,476,167,0.0833333333333333,0.0,0.0091743119266055,0.0091743119266055,0.0144092219020172,0.0037878787878787,0.0626762634452253
U_31683210,C_682392,2.0,广州中医药大学,2020-09-15 20:11:34,1,B,423,108,0.0277777777777777,0.0,0.018348623853211,0.018348623853211,0.0288184438040345,0.0075757575757575,0.0822495975297024
U_30887341,C_948078,2.0,辽宁对外经贸学院,2020-07-06 22:06:23,4,E,781,164,0.0833333333333333,0.0,0.0128440366972477,0.0128440366972477,0.0,0.0,0.0614801243029544
U_19299503,C_948395,1.0,西安美术学院,2020-03-09 12:21:24,0,A,727,170,0.0138888888888888,0.0,0.1908256880733945,0.2715596330275229,0.1959654178674351,0.0598484848484848,0.0682372283700769
U_546135,C_735164,1.0,西南交通大学希望学院,2020-10-25 15:31:33,4,E,709,138,0.0138888888888888,0.0,0.0275229357798165,0.0385321100917431,0.0345821325648414,0.0174242424242424,0.0678650648276494
U_32577496,C_735164,2.0,昆明理工大学,2020-09-16 19:28:27,0,A,476,138,0.125,0.0,0.2513761467889908,0.3284403669724771,0.2449567723342939,0.0666666666666666,0.0565687531145021
U_29987531,C_756642,2.0,广州中医药大学,2020-05-15 07:31:42,1,B,423,149,0.2222222222222222,0.0,0.0091743119266055,0.0091743119266055,0.0086455331412103,0.003030303030303,0.1176530529206664
U_30466285,C_1829948,2.0,广州中医药大学,2020-06-12 09:26:04,1,B,423,61,0.2083333333333333,0.0,0.2458715596330275,0.2458715596330275,0.170028818443804,0.0446969696969697,0.1005423253282389
U_34072705,C_1774987,1.0,昆明理工大学,2020-11-23 23:03:32,0,A,476,47,0.0972222222222222,0.0,0.2,0.2587155963302752,0.1902017291066282,0.0689393939393939,0.0721362913480725
U_29758117,C_1017355,2.0,华南理工大学,2020-05-02 15:28:22,3,D,211,0,0.1388888888888889,0.0,0.0458715596330275,0.0458715596330275,0.0115273775216138,0.0037878787878787,0.080123834477556
U_10272651,C_1918363,0.0,新乡医学院三全学院,2020-11-15 18:16:45,4,E,461,76,0.0277777777777777,0.0,0.0018348623853211,0.0018348623853211,0.0,0.0,0.061451192721498
U_32133959,C_697076,2.0,华南理工大学,2020-09-07 19:30:02,3,D,211,121,0.1527777777777777,0.0,0.0091743119266055,0.0091743119266055,0.0086455331412103,0.0022727272727272,0.0778627932537114
U_10656413,C_801420,0.0,河北科技学院,2020-08-13 19:42:31,4,E,564,155,0.0277777777777777,0.0,0.0055045871559633,0.0055045871559633,0.0,0.0,0.0613476194427275
U_14337830,C_735385,0.0,天津大学,2020-11-03 15:49:56,4,E,319,146,0.0416666666666666,0.0,0.0642201834862385,0.0642201834862385,0.0605187319884726,0.0333333333333333,0.0634939545231809
U_4602325,C_735197,2.0,华南理工大学,2020-10-14 23:29:09,4,E,211,141,0.0694444444444444,0.0,0.0697247706422018,0.0697247706422018,0.0374639769452449,0.0424242424242424,0.0559976143786901
U_25246035,C_1732845,1.0,铜仁学院,2020-05-24 08:59:30,2,C,850,13,0.3888888888888888,0.0,0.0990825688073394,0.0990825688073394,0.0893371757925072,0.0234848484848484,0.0813631233749157
U_30556168,C_1829948,2.0,辽宁对外经贸学院,2020-06-16 12:20:47,4,E,781,61,0.0138888888888888,0.0,0.0073394495412844,0.0073394495412844,0.0028818443804034,0.0007575757575757,0.0606568271739531
U_30581769,C_1829948,2.0,辽宁对外经贸学院,2020-06-17 14:31:27,4,E,781,61,0.0277777777777777,0.0,0.0311926605504587,0.0311926605504587,0.0172910662824207,0.0045454545454545,0.061599535171163
U_19906332,C_948395,2.0,西安美术学院,2020-05-26 13:00:37,0,A,727,170,0.5,0.0,0.110091743119266,0.110091743119266,0.1268011527377521,0.0712121212121212,0.072369685317753
U_30600382,C_1829948,2.0,辽宁对外经贸学院,2020-06-18 23:14:38,4,E,781,61,0.1388888888888889,0.0,0.1119266055045871,0.1119266055045871,0.0835734870317002,0.0219696969696969,0.0651941826441024
U_6233843,C_1017355,2.0,广州中医药大学,2020-05-01 20:36:37,0,A,423,0,0.125,0.0,0.0825688073394495,0.0825688073394495,0.0979827089337175,0.0333333333333333,0.0682178746178805
U_30831399,C_948113,2.0,辽宁对外经贸学院,2020-07-11 09:00:53,4,E,781,166,0.0416666666666666,0.0,0.1486238532110091,0.1486238532110091,0.1469740634005763,0.0424242424242424,0.0653553615640061
U_5074854,C_735197,0.0,华南理工大学,2020-10-16 21:57:20,3,D,211,141,0.4861111111111111,0.0,0.3376146788990826,0.3376146788990826,0.5302593659942363,0.1515151515151515,0.0897480127054548
U_13754860,C_682392,0.0,华南理工大学,2020-08-19 16:17:18,3,D,211,108,0.0138888888888888,0.0,0.3321100917431193,0.3321100917431193,0.1988472622478386,0.0568181818181818,0.0758823764843725
U_5075958,C_1864065,2.0,湖北理工学院,2020-07-02 18:11:08,4,E,631,67,0.0416666666666666,0.0,0.0440366972477064,0.0440366972477064,0.0230547550432276,0.0121212121212121,0.0615315197073285
U_32593812,C_735164,1.0,昆明理工大学,2020-09-16 08:17:56,0,A,476,138,0.125,0.0,0.2385321100917431,0.3119266055045872,0.2103746397694524,0.059090909090909,0.0598787944500375
U_2408421,C_1918363,0.0,信阳职业技术学院,2020-12-01 15:55:20,0,A,130,76,0.0972222222222222,0.0,0.0605504587155963,0.0605504587155963,0.0951008645533141,0.0636363636363636,0.0704396635797219
U_11064818,C_676646,1.0,天津商业大学,2020-08-11 00:27:44,4,E,316,90,0.0416666666666666,0.0,0.0605504587155963,0.0605504587155963,0.063400576368876,0.0333333333333333,0.0627756123763439
U_12604401,C_682392,1.0,陕西工业职业技术学院,2020-11-29 22:27:56,4,E,876,108,0.0555555555555555,0.0,0.1761467889908257,0.1761467889908257,0.2766570605187319,0.0954545454545454,0.0643560532510713
U_6758154,C_1824911,2.0,重庆三峡医药高等专科学校,2020-06-02 09:49:42,4,E,822,57,0.1388888888888889,0.0,0.0623853211009174,0.0623853211009174,0.0979827089337175,0.0257575757575757,0.0659165758066242
U_5245117,C_674920,0.0,辽宁对外经贸学院,2020-07-06 14:35:27,4,E,781,87,0.0694444444444444,0.0,0.018348623853211,0.018348623853211,0.0144092219020172,0.0037878787878787,0.0636279896570589
U_21102194,C_948120,0.0,中国农业大学,2020-09-23 09:24:53,4,E,67,167,0.0138888888888888,0.0,0.0091743119266055,0.0091743119266055,0.0144092219020172,0.0037878787878787,0.0606190903285753
U_30488064,C_1829948,0.0,辽宁对外经贸学院,2020-06-13 12:07:23,4,E,781,61,0.0416666666666666,0.0,0.0220183486238532,0.0220183486238532,0.031700288184438,0.0083333333333333,0.0615346297780499
U_5732031,C_1824911,0.0,重庆三峡医药高等专科学校,2020-06-13 16:05:45,4,E,822,57,0.0972222222222222,0.0,0.0201834862385321,0.0201834862385321,0.0259365994236311,0.0068181818181818,0.0576950097600372
U_29968574,C_735164,1.0,齐鲁工业大学,2020-10-20 13:56:09,0,A,910,138,0.125,0.0,0.1834862385321101,0.273394495412844,0.1988472622478386,0.0689393939393939,0.0959917682809554
U_8488518,C_735197,0.0,华南理工大学,2020-09-09 08:46:09,4,E,211,141,0.0416666666666666,0.0,0.0422018348623853,0.0422018348623853,0.0518731988472622,0.0265151515151515,0.0649103639290626
U_19797867,C_1714448,2.0,中国医科大学,2020-05-13 08:40:41,0,A,69,8,0.0972222222222222,0.0,0.1449541284403669,0.1449541284403669,0.170028818443804,0.0446969696969697,0.0675882784381262
U_11025829,C_697766,0.0,武汉职业技术学院,2020-07-12 21:39:22,0,A,511,128,0.1111111111111111,0.0,0.2,0.2697247706422018,0.2074927953890489,0.0681818181818181,0.0687954018747604
U_3740492,C_735385,1.0,中国海洋大学,2020-08-20 19:20:35,4,E,74,146,0.0416666666666666,0.0,0.0385321100917431,0.0385321100917431,0.0403458213256484,0.0106060606060606,0.0621209722035352
U_31060256,C_735115,2.0,昆明理工大学,2020-07-25 14:32:47,0,A,476,136,0.0138888888888888,0.0,0.5211009174311927,0.5211009174311927,0.8097982708933718,0.278030303030303,0.0707000626698546
U_28727652,C_948436,0.0,辽宁对外经贸学院,2020-07-20 20:06:55,4,E,781,171,0.0277777777777777,0.0,0.0036697247706422,0.0036697247706422,0.0057636887608069,0.0015151515151515,0.0612513310589111
U_32756058,C_735164,1.0,昆明理工大学,2020-09-15 15:30:01,0,A,476,138,0.0277777777777777,0.0,0.0587155963302752,0.0770642201834862,0.0922190201729106,0.0416666666666666,0.0128596761164749
U_29901365,C_1714448,2.0,辽宁对外经贸学院,2020-05-09 20:32:38,4,E,781,8,0.0416666666666666,0.0,0.0293577981651376,0.0293577981651376,0.0432276657060518,0.0113636363636363,0.0624282303528496
U_30298463,C_735115,1.0,辽宁对外经贸学院,2020-05-31 21:45:05,4,E,781,136,0.0555555555555555,0.0,0.0807339449541284,0.0807339449541284,0.0806916426512968,0.0318181818181818,0.0602905965371375
U_1625278,C_735164,1.0,河南理工大学,2020-11-28 10:25:15,2,C,576,138,0.1944444444444444,0.0,0.2844036697247706,0.3284403669724771,0.440922190201729,0.1598484848484848,0.062535572363816
U_33776657,C_735164,0.0,中国医科大学,2020-09-25 17:54:10,2,C,69,138,0.0138888888888888,0.0,0.0642201834862385,0.0788990825688073,0.0951008645533141,0.0424242424242424,0.0558199022964188
U_12479911,C_697062,1.0,湖北科技学院,2020-04-25 22:01:03,0,A,633,120,0.1111111111111111,0.0,0.1871559633027523,0.1871559633027523,0.2651296829971181,0.075,0.0670680993006
U_31091994,C_735115,1.0,辽宁对外经贸学院,2020-07-29 12:24:23,4,E,781,136,0.0555555555555555,0.0,0.1834862385321101,0.1834862385321101,0.1383285302593659,0.0409090909090909,0.0660659186293557
U_11946197,C_948387,0.0,深圳信息职业技术学院,2020-10-01 11:49:47,4,E,610,169,0.0416666666666666,0.0,0.0660550458715596,0.0660550458715596,0.0605187319884726,0.0318181818181818,0.0565526791552871
U_31089320,C_697076,2.0,华南理工大学,2020-07-29 08:35:11,3,D,211,121,0.1805555555555555,0.0,0.4036697247706422,0.4036697247706422,0.1786743515850144,0.0477272727272727,0.0920679768933815
U_12918139,C_1829948,0.0,北方民族大学,2020-06-16 18:30:24,4,E,190,61,0.0972222222222222,0.0,0.1211009174311926,0.1211009174311926,0.1296829971181556,0.034090909090909,0.0645164497009528
U_10947579,C_1472684,1.0,皖南医学院,2020-09-24 16:21:47,4,E,668,3,0.0416666666666666,0.0,0.0091743119266055,0.0091743119266055,0.0115273775216138,0.003030303030303,0.0613779971080224
U_16079503,C_1410126,1.0,辽宁对外经贸学院,2020-06-16 00:21:04,4,E,781,2,0.0277777777777777,0.0,0.0073394495412844,0.0073394495412844,0.0057636887608069,0.0015151515151515,0.0613948251658432
U_32577802,C_735164,2.0,昆明理工大学,2020-09-16 13:45:09,0,A,476,138,0.1111111111111111,0.0,0.1871559633027523,0.3119266055045872,0.1988472622478386,0.0772727272727272,0.0654849494948462
U_17899572,C_786631,1.0,北华航天工业学院,2020-05-05 10:43:40,0,A,186,154,0.0138888888888888,0.0,0.0201834862385321,0.0201834862385321,0.0230547550432276,0.0075757575757575,0.0644697540690542
U_6760195,C_1824911,2.0,重庆三峡医药高等专科学校,2020-06-02 10:25:42,4,E,822,57,0.0416666666666666,0.0,0.0605504587155963,0.0605504587155963,0.0432276657060518,0.0272727272727272,0.0617082539331813
U_31090747,C_697076,2.0,辽宁对外经贸学院,2020-07-29 09:27:40,4,E,781,121,0.0416666666666666,0.0,0.0091743119266055,0.0091743119266055,0.0057636887608069,0.0015151515151515,0.0607520805183096
U_30443073,C_1824911,0.0,辽宁对外经贸学院,2020-06-10 20:48:43,4,E,781,57,0.0277777777777777,0.0,0.0623853211009174,0.0623853211009174,0.0864553314121037,0.0227272727272727,0.0644905836191407
U_16150501,C_676635,2.0,辽宁对外经贸学院,2020-06-22 09:16:06,4,E,781,89,0.0277777777777777,0.0,0.018348623853211,0.018348623853211,0.0172910662824207,0.0045454545454545,0.0616249159234677
U_31120079,C_707035,2.0,广州中医药大学,2020-08-02 15:54:27,1,B,423,130,0.2916666666666666,0.0,0.0532110091743119,0.0532110091743119,0.0662824207492795,0.0174242424242424,0.1280071320614273
U_28112176,C_707035,2.0,广州中医药大学,2020-08-22 20:22:50,1,B,423,130,0.2916666666666666,0.0,0.036697247706422,0.036697247706422,0.0489913544668587,0.0128787878787878,0.0916009539562257
U_22298209,C_707358,1.0,湖北文理学院理工学院,2020-05-14 15:58:30,0,A,626,134,0.0138888888888888,0.0,0.018348623853211,0.0220183486238532,0.0288184438040345,0.0075757575757575,0.0765710937218853
U_19901252,C_948395,2.0,西安美术学院,2020-02-19 13:10:56,1,B,727,170,0.0138888888888888,0.0,0.0311926605504587,0.0422018348623853,0.0489913544668587,0.0196969696969696,0.1126999879656477
U_30570511,C_786631,2.0,华南理工大学,2020-06-16 21:07:13,3,D,211,154,0.1527777777777777,0.0,0.2220183486238532,0.2220183486238532,0.132564841498559,0.0393939393939393,0.0863556981137171
U_11077247,C_948109,1.0,西京学院,2020-08-28 12:21:48,0,A,701,165,0.2777777777777778,0.0,0.5522935779816514,0.5522935779816514,0.8587896253602305,1.0,0.0826805800370318
U_31114892,C_697367,2.0,辽宁对外经贸学院,2020-08-03 15:55:50,4,E,781,127,0.0416666666666666,0.0,0.0091743119266055,0.0091743119266055,0.0086455331412103,0.0022727272727272,0.0614174276543345
U_33008702,C_735164,2.0,昆明理工大学,2020-09-17 10:27:26,0,A,476,138,0.1111111111111111,0.0,0.0990825688073394,0.1137614678899082,0.1469740634005763,0.0696969696969697,0.0006135323306535
U_25364337,C_948395,2.0,西安美术学院,2020-05-24 18:14:58,0,A,727,170,0.125,0.0,0.110091743119266,0.110091743119266,0.1729106628242074,0.1,0.0681746010542438
U_10407949,C_676646,0.0,天津商业大学,2020-08-27 20:09:56,4,E,316,90,0.0277777777777777,0.0,0.0073394495412844,0.0073394495412844,0.0086455331412103,0.0022727272727272,0.0616657826489346
U_34268534,C_697076,1.0,辽宁对外经贸学院,2020-11-25 19:51:28,4,E,781,121,0.0416666666666666,0.0,0.0091743119266055,0.0091743119266055,0.0086455331412103,0.0022727272727272,0.0607180678340505
U_12944946,C_1992950,0.0,华南农业大学,2020-10-14 18:04:18,4,E,209,83,0.0555555555555555,0.0,0.0146788990825688,0.0146788990825688,0.0172910662824207,0.0909090909090909,0.0579758768792968
U_30318389,C_676635,2.0,昆明理工大学,2020-06-02 10:33:14,0,A,476,89,0.0833333333333333,0.0,0.018348623853211,0.018348623853211,0.0288184438040345,0.0075757575757575,0.0671970929504105
U_33230424,C_1912004,1.0,辽宁对外经贸学院,2020-09-21 10:33:31,4,E,781,74,0.0416666666666666,0.0,0.0660550458715596,0.0660550458715596,0.0605187319884726,0.0318181818181818,0.0625341559940289
U_15306904,C_735283,1.0,辽宁对外经贸学院,2020-05-14 08:17:14,4,E,781,143,0.0277777777777777,0.0,0.0091743119266055,0.0091743119266055,0.0057636887608069,0.0015151515151515,0.0619521122013242
U_27741201,C_801420,0.0,辽宁对外经贸学院,2020-07-27 15:57:57,4,E,781,155,0.0277777777777777,0.0,0.0036697247706422,0.0036697247706422,0.0028818443804034,0.0007575757575757,0.0602404441705835
U_33220091,C_697076,2.0,辽宁对外经贸学院,2020-09-21 20:53:53,0,A,781,121,0.1111111111111111,0.0,0.1871559633027523,0.2752293577981651,0.2161383285302593,0.0659090909090909,0.0683218737980556
U_34526553,C_1912004,0.0,辽宁对外经贸学院,2020-10-10 15:13:06,4,E,781,74,0.0277777777777777,0.0,0.0018348623853211,0.0018348623853211,0.0,0.0,0.0617475606709456
U_6233856,C_1017355,1.0,广州中医药大学,2020-05-09 09:06:00,0,A,423,0,0.0694444444444444,0.0,0.073394495412844,0.073394495412844,0.0922190201729106,0.0295454545454545,0.0673903283795177
U_31068571,C_735115,1.0,昆明理工大学,2020-07-27 09:24:38,0,A,476,136,0.0138888888888888,0.0,0.5211009174311927,0.5211009174311927,0.6397694524495677,0.2196969696969697,0.0727712212000671
U_985507,C_735164,0.0,昆明理工大学,2020-11-01 21:20:06,4,E,476,138,0.0277777777777777,0.0,0.0678899082568807,0.0678899082568807,0.0288184438040345,0.0212121212121212,0.0620697699404956
U_3568024,C_735164,0.0,昆明学院,2020-11-10 11:27:52,0,A,473,138,0.1111111111111111,0.0,0.036697247706422,0.0568807339449541,0.031700288184438,0.0136363636363636,0.0730688371396768
U_33656750,C_697076,2.0,辽宁对外经贸学院,2020-11-29 11:05:54,4,E,781,121,0.0694444444444444,0.0,0.2110091743119266,0.2110091743119266,0.3314121037463977,0.1068181818181818,0.0651119192925839
U_29821114,C_756642,2.0,辽宁对外经贸学院,2020-05-07 21:03:19,4,E,781,149,0.0416666666666666,0.0,0.0660550458715596,0.0660550458715596,0.0576368876080691,0.0318181818181818,0.0616647575141585
U_4723127,C_1017355,2.0,云南中医药大学,2020-04-20 16:38:27,4,E,104,0,0.0416666666666666,0.0,0.0660550458715596,0.0660550458715596,0.0576368876080691,0.0325757575757575,0.0614119602688625
U_27027328,C_735283,2.0,辽宁对外经贸学院,2020-07-15 09:06:49,4,E,781,143,0.0277777777777777,0.0,0.0018348623853211,0.0018348623853211,0.0028818443804034,0.0007575757575757,0.0616844381209212
U_24162255,C_1738818,0.0,安徽工业大学,2020-06-15 19:18:11,4,E,344,15,0.0416666666666666,0.0,0.0697247706422018,0.0697247706422018,0.0605187319884726,0.0325757575757575,0.0614731216914893
U_30452945,C_756642,0.0,昆明理工大学,2020-06-11 12:59:45,0,A,476,149,0.0694444444444444,0.0,0.0623853211009174,0.0623853211009174,0.0922190201729106,0.0295454545454545,0.0755161260381892
U_13717879,C_1714448,1.0,中国医科大学,2020-05-18 16:30:37,2,C,69,8,0.1388888888888889,0.0,0.1449541284403669,0.1449541284403669,0.1527377521613832,0.0401515151515151,0.0766961354028492
U_12205124,C_674920,0.0,四川民族幼儿师范高等专科学校。,2020-06-05 10:18:06,4,E,290,87,0.0833333333333333,0.0,0.2201834862385321,0.2201834862385321,0.3342939481268011,0.0893939393939394,0.0638728185842168
U_34275504,C_1918363,1.0,新乡医学院三全学院,2020-11-12 09:45:00,0,A,461,76,0.0833333333333333,0.0,0.0073394495412844,0.0073394495412844,0.0115273775216138,0.0083333333333333,0.0658265174689345
U_31112104,C_1912004,0.0,辽宁对外经贸学院,2020-08-28 17:20:52,4,E,781,74,0.0138888888888888,0.0,0.0055045871559633,0.0055045871559633,0.0086455331412103,0.0022727272727272,0.0010808939493018
U_31023116,C_674920,2.0,辽宁对外经贸学院,2020-07-20 10:19:20,4,E,781,87,0.0694444444444444,0.0,0.0532110091743119,0.0532110091743119,0.0115273775216138,0.025,0.0668598186567608
U_33344826,C_697076,2.0,辽宁对外经贸学院,2020-10-28 20:12:00,4,E,781,121,0.0416666666666666,0.0,0.0091743119266055,0.0091743119266055,0.0144092219020172,0.0045454545454545,0.060646461922329
U_32936635,C_735164,1.0,昆明理工大学,2020-09-16 17:09:37,0,A,476,138,0.1111111111111111,0.0,0.1853211009174312,0.2752293577981651,0.2161383285302593,0.0628787878787878,0.0154290687387006
U_30953085,C_676635,2.0,辽宁对外经贸学院,2020-07-14 14:27:11,4,E,781,89,0.0416666666666666,0.0,0.036697247706422,0.036697247706422,0.031700288184438,0.0083333333333333,0.062691323516983
U_30464026,C_697076,2.0,辽宁对外经贸学院,2020-07-17 10:07:45,4,E,781,121,0.0416666666666666,0.0,0.0091743119266055,0.0091743119266055,0.0086455331412103,0.0022727272727272,0.0607180678340505
U_13381627,C_1912004,1.0,辽宁对外经贸学院,2020-11-02 19:33:25,4,E,781,74,0.0138888888888888,0.0,0.0146788990825688,0.0146788990825688,0.0144092219020172,0.0037878787878787,0.0614908857419315
U_32753737,C_735164,1.0,昆明理工大学,2020-11-10 13:46:56,0,A,476,138,0.0555555555555555,0.0,0.2036697247706422,0.2770642201834862,0.1902017291066282,0.0431818181818181,0.0677038413366684
U_20321697,C_823315,1.0,西安石油大学,2020-04-28 10:05:28,4,E,725,158,0.0416666666666666,0.0,0.0788990825688073,0.0788990825688073,0.0576368876080691,0.031060606060606,0.062051624559726
U_15270833,C_1736024,1.0,辽宁对外经贸学院,2020-04-01 22:51:29,4,E,781,14,0.0277777777777777,0.0,0.0935779816513761,0.0935779816513761,0.0518731988472622,0.025,0.0643250565430373
U_10189530,C_756642,0.0,承德医学院,2020-05-07 21:09:03,0,A,455,149,0.1111111111111111,0.0,0.1926605504587156,0.2128440366972477,0.2103746397694524,0.0871212121212121,0.0913628030236915
U_24169707,C_674920,2.0,辽宁对外经贸学院,2020-02-18 19:22:32,4,E,781,87,0.0694444444444444,0.0,0.0807339449541284,0.0807339449541284,0.0576368876080691,0.0303030303030303,0.0612405894293016
U_31060740,C_735115,1.0,昆明理工大学,2020-07-27 09:35:50,0,A,476,136,0.0138888888888888,0.0,0.5211009174311927,0.5211009174311927,0.4841498559077809,0.1575757575757575,0.0747081118363318
U_5292656,C_735164,1.0,天津科技大学,2020-10-21 17:00:06,0,A,325,138,0.1111111111111111,0.0,0.1963302752293578,0.2715596330275229,0.2363112391930835,0.0696969696969697,0.0680313941831427
U_19335598,C_1738818,0.0,安徽工业大学,2020-06-15 19:17:55,4,E,344,15,0.0277777777777777,0.0,0.0440366972477064,0.0440366972477064,0.0489913544668587,0.0227272727272727,0.0611361693000639
U_31067016,C_682392,0.0,中国医科大学,2020-08-07 09:37:19,2,C,69,108,0.1388888888888889,0.0,0.4495412844036697,0.4495412844036697,0.3170028818443803,0.1098484848484848,0.072883837455171
U_22350850,C_676646,2.0,天津财经大学,2020-06-10 09:02:27,4,E,327,90,0.0416666666666666,0.0,0.0091743119266055,0.0091743119266055,0.0144092219020172,0.0037878787878787,0.061285928119516
U_17069035,C_1992945,0.0,辽宁对外经贸学院,2020-09-18 14:08:01,4,E,781,82,0.0277777777777777,0.0,0.0055045871559633,0.0091743119266055,0.0028818443804034,0.0007575757575757,0.0615630611729731
U_31104870,C_682392,0.0,昆明理工大学,2020-09-20 13:07:14,0,A,476,108,0.0972222222222222,0.0,0.1119266055045871,0.2587155963302752,0.1757925072046109,0.0431818181818181,0.0462625928340923
U_28941972,C_735195,2.0,辽宁对外经贸学院,2020-05-23 22:30:13,4,E,781,140,0.0277777777777777,0.0,0.0073394495412844,0.0073394495412844,0.0057636887608069,0.0015151515151515,0.0614188093577283
U_15013730,C_674920,0.0,山东中医药大学,2020-06-03 22:57:41,4,E,361,87,0.0416666666666666,0.0,0.0642201834862385,0.0642201834862385,0.0605187319884726,0.0333333333333333,0.0634939545231809
U_8454612,C_747056,2.0,宝鸡文理学院,2020-02-29 17:08:49,4,E,356,147,0.0416666666666666,0.0,0.0825688073394495,0.0825688073394495,0.0518731988472622,0.0325757575757575,0.0577713649676534
U_33524925,C_2059281,2.0,辽宁对外经贸学院,2020-09-23 21:20:22,4,E,781,85,0.0416666666666666,0.0,0.0091743119266055,0.0091743119266055,0.0057636887608069,0.0015151515151515,0.0618748804291894
U_15394686,C_677087,1.0,辽宁对外经贸学院,2020-11-16 18:56:40,4,E,781,92,0.0416666666666666,0.0,0.0311926605504587,0.0311926605504587,0.0374639769452449,0.0098484848484848,0.0618857508196887
U_33162604,C_735164,2.0,昆明理工大学,2020-09-20 11:05:02,0,A,476,138,0.0138888888888888,0.0,0.1926605504587156,0.2587155963302752,0.2247838616714697,0.0613636363636363,0.0654548788747498
U_32161524,C_1992917,2.0,辽宁对外经贸学院,2020-09-08 09:50:49,4,E,781,80,0.0416666666666666,0.0,0.073394495412844,0.073394495412844,0.0461095100864553,0.0393939393939393,0.0617887740603464
U_32495770,C_1992917,1.0,辽宁对外经贸学院,2020-09-12 08:47:42,4,E,781,80,0.0416666666666666,0.0,0.0788990825688073,0.0788990825688073,0.0518731988472622,0.031060606060606,0.0616606223086611
U_30288991,C_948395,1.0,辽宁对外经贸学院,2020-05-30 20:21:32,4,E,781,170,0.0694444444444444,0.0,0.091743119266055,0.091743119266055,0.0951008645533141,0.056060606060606,0.0631784111058459
U_16186322,C_1912004,1.0,辽宁对外经贸学院,2020-09-17 18:52:28,4,E,781,74,0.0277777777777777,0.0,0.0055045871559633,0.0055045871559633,0.0028818443804034,0.0007575757575757,0.0092279878447513
U_13892180,C_1864065,0.0,辽宁对外经贸学院,2020-06-25 22:18:43,4,E,781,67,0.0277777777777777,0.0,0.0055045871559633,0.0055045871559633,0.0086455331412103,0.0045454545454545,0.0621928752557715
U_30354736,C_1829948,1.0,中国医科大学,2020-06-04 16:29:05,2,C,69,61,0.2777777777777778,0.0,0.4256880733944954,0.4256880733944954,0.30835734870317,0.081060606060606,0.0740354104725659
U_12408300,C_735197,0.0,华南理工大学,2020-09-09 21:31:05,4,E,211,141,0.0416666666666666,0.0,0.0642201834862385,0.0642201834862385,0.0662824207492795,0.0325757575757575,0.0618757520413661
U_1006254,C_735164,1.0,昆明理工大学,2020-09-19 19:17:51,0,A,476,138,0.0972222222222222,0.0,0.0330275229357798,0.0348623853211009,0.0518731988472622,0.0242424242424242,0.0635771142485857
U_27924023,C_677087,0.0,辽宁对外经贸学院,2020-06-26 15:02:22,4,E,781,92,0.0416666666666666,0.0,0.073394495412844,0.073394495412844,0.1152737752161383,0.0303030303030303,0.062702094860644
U_31772805,C_707013,1.0,辽宁对外经贸学院,2020-09-02 00:00:21,4,E,781,129,0.0277777777777777,0.0,0.0073394495412844,0.0073394495412844,0.0057636887608069,0.0015151515151515,0.061196855297867
U_4693154,C_682392,0.0,陕西工业职业技术学院,2020-08-01 18:04:50,3,D,876,108,0.0138888888888888,0.0,0.018348623853211,0.018348623853211,0.0028818443804034,0.0007575757575757,0.0658938792236365
U_4246445,C_2141845,0.0,安阳师范学院,2020-09-13 14:57:34,4,E,352,86,0.0416666666666666,0.0,0.0752293577981651,0.0752293577981651,0.0461095100864553,0.031060606060606,0.059338687088653
U_29925281,C_747056,2.0,辽宁对外经贸学院,2020-05-11 15:10:58,4,E,781,147,0.0277777777777777,0.0,0.0091743119266055,0.0091743119266055,0.0,0.0,0.0616385249590449
U_32904203,C_735164,2.0,昆明理工大学,2020-09-19 20:25:14,3,D,476,138,0.0138888888888888,0.0,0.0330275229357798,0.0348623853211009,0.0518731988472622,0.0242424242424242,0.0751099993349217
U_33090258,C_735164,1.0,昆明理工大学,2020-10-18 20:42:17,4,E,476,138,0.0138888888888888,0.0,0.0972477064220183,0.1229357798165137,0.132564841498559,0.053030303030303,0.0619446638790869
U_30193741,C_1714448,1.0,辽宁对外经贸学院,2020-05-26 19:23:26,4,E,781,8,0.0277777777777777,0.0,0.0073394495412844,0.0073394495412844,0.0028818443804034,0.0007575757575757,0.0619993525908333
U_27888338,C_735283,1.0,辽宁对外经贸学院,2020-04-20 16:39:47,4,E,781,143,0.0416666666666666,0.0,0.0715596330275229,0.0715596330275229,0.0547550432276657,0.0348484848484848,0.0632594215148604
U_32879056,C_735164,1.0,昆明理工大学,2020-11-10 10:19:57,4,E,476,138,0.0416666666666666,0.0,0.0770642201834862,0.0770642201834862,0.063400576368876,0.0333333333333333,0.0615920967536096
U_21346920,C_823315,2.0,西安石油大学,2020-04-26 16:47:41,4,E,725,158,0.0416666666666666,0.0,0.0825688073394495,0.0825688073394495,0.0576368876080691,0.0325757575757575,0.0662928943639168
U_10720730,C_1017355,1.0,广州中医药大学,2020-03-08 13:27:01,1,B,423,0,0.2083333333333333,0.0,0.0422018348623853,0.055045871559633,0.0662824207492795,0.0265151515151515,0.117120626641589
U_3716574,C_749807,1.0,大理大学,2020-05-16 09:40:11,4,E,301,148,0.0416666666666666,0.0,0.0128440366972477,0.0128440366972477,0.0172910662824207,0.0045454545454545,0.0614015058750839
U_8715654,C_1017355,2.0,广州中医药大学,2020-05-05 19:51:53,3,D,423,0,0.1111111111111111,0.0,0.0532110091743119,0.0532110091743119,0.0432276657060518,0.0121212121212121,0.0793733466793611
U_30600611,C_1829948,0.0,辽宁对外经贸学院,2020-06-18 15:03:15,4,E,781,61,0.0416666666666666,0.0,0.0513761467889908,0.0513761467889908,0.0345821325648414,0.009090909090909,0.0623573920541246
U_30170246,C_786631,1.0,昆明理工大学,2020-05-25 16:00:33,0,A,476,154,0.2777777777777778,0.0,0.255045871559633,0.255045871559633,0.3976945244956772,0.1401515151515151,0.0719168035544839
U_31033860,C_680719,1.0,辽宁对外经贸学院,2020-07-21 15:02:34,4,E,781,94,0.0277777777777777,0.0,0.0275229357798165,0.0275229357798165,0.0230547550432276,0.0068181818181818,0.0611095157958876
U_12434045,C_735164,0.0,湘潭大学,2020-10-22 20:45:21,0,A,647,138,0.1111111111111111,0.0,0.1908256880733945,0.2770642201834862,0.2074927953890489,0.0681818181818181,0.0697205835339399
U_27039177,C_735385,2.0,辽宁对外经贸学院,2020-06-22 08:36:06,4,E,781,146,0.0416666666666666,0.0,0.0238532110091743,0.0238532110091743,0.031700288184438,0.0083333333333333,0.0617206298356221
U_30474361,C_1829948,0.0,辽宁对外经贸学院,2020-06-12 16:07:02,4,E,781,61,0.0138888888888888,0.0,0.0073394495412844,0.0073394495412844,0.0057636887608069,0.0015151515151515,0.0606228144896939
U_33200420,C_697076,2.0,辽宁对外经贸学院,2020-11-16 10:45:15,4,E,781,121,0.0416666666666666,0.0,0.018348623853211,0.018348623853211,0.0201729106628242,0.0053030303030303,0.0610654746192544
U_34336702,C_1918363,0.0,辽宁对外经贸学院,2020-10-06 17:30:47,4,E,781,76,0.0416666666666666,0.0,0.0018348623853211,0.0018348623853211,0.0,0.0,0.0644057896209046
U_34177193,C_697076,0.0,辽宁对外经贸学院,2020-11-25 20:51:40,4,E,781,121,0.0416666666666666,0.0,0.0642201834862385,0.0642201834862385,0.0403458213256484,0.0106060606060606,0.0626065592327984
U_25249364,C_735385,1.0,辽宁对外经贸学院,2020-06-09 23:35:44,4,E,781,146,0.0277777777777777,0.0,0.0018348623853211,0.0018348623853211,0.0,0.0,0.0611897189731702
U_33200356,C_697076,2.0,辽宁对外经贸学院,2020-11-16 10:29:28,4,E,781,121,0.0416666666666666,0.0,0.0788990825688073,0.0788990825688073,0.0662824207492795,0.0356060606060606,0.0618456863736117
U_31050005,C_801420,2.0,辽宁对外经贸学院,2020-07-23 15:58:23,4,E,781,155,0.0416666666666666,0.0,0.0385321100917431,0.0385321100917431,0.0403458213256484,0.006060606060606,0.0623334227192652
U_4043764,C_786631,0.0,西昌学院,2020-03-01 18:37:07,0,A,736,154,0.0555555555555555,0.0,0.1944954128440367,0.2752293577981651,0.2132564841498559,0.0598484848484848,0.0692833759328257
U_20287600,C_1738818,0.0,安徽工业大学,2020-06-15 19:14:20,4,E,344,15,0.0555555555555555,0.0,0.0440366972477064,0.0440366972477064,0.0374639769452449,0.0174242424242424,0.062279466954122
U_31247452,C_1907855,0.0,山东建筑大学,2020-08-18 16:36:32,4,E,373,72,0.0694444444444444,0.0,0.0018348623853211,0.0018348623853211,0.0,0.0,0.1831678655229449
U_2512438,C_735197,0.0,华南理工大学,2020-11-07 18:21:17,4,E,211,141,0.0833333333333333,0.0,0.0458715596330275,0.0458715596330275,0.0605187319884726,0.0159090909090909,0.0662347092987798
U_30431771,C_747056,0.0,辽宁对外经贸学院,2020-06-10 10:21:12,4,E,781,147,0.0277777777777777,0.0,0.0018348623853211,0.0018348623853211,0.0,0.0,0.0613368431467246
U_31227288,C_1774985,0.0,辽宁对外经贸学院,2020-08-17 16:57:17,4,E,781,46,0.0277777777777777,0.0,0.0018348623853211,0.0018348623853211,0.0,0.0,0.0611571226586982
U_16101959,C_786631,0.0,北华航天工业学院,2020-03-31 19:13:51,0,A,186,154,0.0138888888888888,0.0,0.1981651376146789,0.2623853211009174,0.201729106628242,0.0696969696969697,0.0706363606958264
U_31683510,C_682392,0.0,中国医科大学,2020-09-30 22:25:41,2,C,69,108,0.125,0.0,0.4495412844036697,0.4495412844036697,0.2910662824207493,0.1037878787878787,0.07305406430375
U_20431046,C_823315,0.0,西安石油大学,2020-05-20 22:30:13,4,E,725,158,0.0277777777777777,0.0,0.0220183486238532,0.0220183486238532,0.0345821325648414,0.0113636363636363,0.0639589843811629
U_1013903,C_735164,0.0,云南民族大学,2020-11-01 13:23:11,4,E,114,138,0.0416666666666666,0.0,0.0697247706422018,0.0697247706422018,0.0461095100864553,0.0348484848484848,0.0635198305096769
U_990008,C_735164,1.0,昆明理工大学,2020-09-23 08:47:14,0,A,476,138,0.1111111111111111,0.0,0.1926605504587156,0.2770642201834862,0.2132564841498559,0.0583333333333333,0.0320178928337885
U_30032195,C_676635,2.0,新疆农业大学,2020-08-03 21:28:35,4,E,463,89,0.0416666666666666,0.0,0.036697247706422,0.036697247706422,0.0345821325648414,0.009090909090909,0.0620755344664825
U_31059688,C_680814,1.0,昆明理工大学,2020-07-25 11:31:11,0,A,476,96,0.0833333333333333,0.0,0.0440366972477064,0.0440366972477064,0.0691642651296829,0.0234848484848484,0.0696355815373434
U_19322533,C_1738818,2.0,安徽工业大学,2020-06-15 19:12:22,4,E,344,15,0.0277777777777777,0.0,0.0036697247706422,0.0036697247706422,0.0028818443804034,0.0015151515151515,0.0612782222754992
U_4864204,C_674920,0.0,泰祺教育,2020-06-24 16:28:24,4,E,588,87,0.0416666666666666,0.0,0.018348623853211,0.018348623853211,0.0172910662824207,0.0045454545454545,0.061598396132523
U_30054265,C_1714448,2.0,辽宁对外经贸学院,2020-05-21 19:38:43,4,E,781,8,0.0277777777777777,0.0,0.0073394495412844,0.0073394495412844,0.0057636887608069,0.0015151515151515,0.0619653399065741
U_5235950,C_674920,0.0,辽宁对外经贸学院,2020-06-11 10:39:52,4,E,781,87,0.0416666666666666,0.0,0.0844036697247706,0.0844036697247706,0.0518731988472622,0.0212121212121212,0.0618730926337588
U_24773931,C_1829948,2.0,北方民族大学,2020-06-18 09:18:06,4,E,190,61,0.3055555555555555,0.0,0.1376146788990825,0.1376146788990825,0.1412103746397694,0.0371212121212121,0.067043709016678
U_13535124,C_948120,0.0,中国农业大学,2020-10-05 09:42:50,0,A,67,167,0.0833333333333333,0.0,0.0477064220183486,0.0477064220183486,0.0691642651296829,0.0189393939393939,0.0066776935800284
U_33326622,C_735164,1.0,昆明理工大学,2020-11-19 14:22:04,0,A,476,138,0.125,0.0,0.2862385321100917,0.3009174311926605,0.4495677233429394,0.1636363636363636,0.0695413632324467
U_13650639,C_1829948,0.0,北方民族大学,2020-06-18 16:16:53,4,E,190,61,0.0555555555555555,0.0,0.0788990825688073,0.0788990825688073,0.0691642651296829,0.0181818181818181,0.0630991241118172
U_12072510,C_813262,0.0,陕西工业职业技术学院,2019-10-14 10:31:09,3,D,876,157,0.1666666666666666,0.0,0.1669724770642202,0.2036697247706422,0.1440922190201729,0.1022727272727272,0.0735531365600426
U_27955883,C_735283,2.0,辽宁对外经贸学院,2020-04-18 16:56:33,4,E,781,143,0.0416666666666666,0.0,0.0697247706422018,0.0697247706422018,0.0547550432276657,0.0318181818181818,0.0633349843477704
U_28746014,C_948136,0.0,中国医科大学,2020-04-20 18:47:55,2,C,69,168,0.1527777777777777,0.0,0.1871559633027523,0.1871559633027523,0.1729106628242074,0.0636363636363636,0.075169135249706
U_5199954,C_674920,0.0,西昌民族幼儿师范高等专科学校,2020-06-04 09:14:18,4,E,751,87,0.0416666666666666,0.0,0.0825688073394495,0.0825688073394495,0.0749279538904899,0.0212121212121212,0.0606427823322875
U_7129433,C_936971,1.0,广州体育职业技术学院,2020-07-19 09:45:44,4,E,426,162,0.0138888888888888,0.0,0.0018348623853211,0.0018348623853211,0.0028818443804034,0.0007575757575757,0.0609083665244032
U_18440615,C_697062,2.0,中国医科大学,2020-05-06 17:07:16,2,C,69,120,0.1666666666666666,0.0,0.1889908256880734,0.1889908256880734,0.2420749279538904,0.0659090909090909,0.0713250135528943
U_11970820,C_948488,1.0,合肥工业大学,2020-03-01 16:16:20,3,D,248,172,0.1388888888888889,0.0,0.2165137614678899,0.2385321100917431,0.1268011527377521,0.1196969696969696,0.0914301845877611
U_30464610,C_1829948,0.0,辽宁对外经贸学院,2020-06-12 08:20:55,4,E,781,61,0.0416666666666666,0.0,0.0073394495412844,0.0073394495412844,0.0057636887608069,0.0015151515151515,0.0612373753594
U_33218108,C_697076,2.0,辽宁对外经贸学院,2020-10-06 18:09:02,0,A,781,121,0.1111111111111111,0.0,0.2110091743119266,0.2110091743119266,0.2910662824207493,0.0901515151515151,0.0693941845831313
U_33118229,C_735164,1.0,昆明理工大学,2020-11-30 17:38:12,0,A,476,138,0.125,0.0,0.2862385321100917,0.3229357798165138,0.440922190201729,0.1598484848484848,0.0703611640080573
U_18226254,C_674920,0.0,辽宁对外经贸学院,2020-06-26 10:28:32,4,E,781,87,0.0416666666666666,0.0,0.018348623853211,0.018348623853211,0.0115273775216138,0.003030303030303,0.0611070941006921
U_32873705,C_735164,2.0,中国医科大学,2020-09-16 09:07:45,2,C,69,138,0.0138888888888888,0.0,0.0990825688073394,0.146788990825688,0.1268011527377521,0.0598484848484848,0.0355560256952725
U_22223305,C_1806527,0.0,昆明理工大学,2020-11-08 20:29:09,0,A,476,53,0.0833333333333333,0.0,0.0036697247706422,0.0036697247706422,0.0057636887608069,0.0151515151515151,0.0749107468103901
U_33218180,C_697076,0.0,辽宁对外经贸学院,2020-10-03 20:08:26,2,C,781,121,0.1527777777777777,0.0,0.0458715596330275,0.0458715596330275,0.0489913544668587,0.0128787878787878,0.0752481894836648
U_8179372,C_1732845,2.0,铜仁学院,2020-03-25 23:33:25,3,D,850,13,0.125,0.0,0.1761467889908257,0.2330275229357798,0.1152737752161383,0.1303030303030303,0.0824709325468246
U_30593792,C_1829948,0.0,华南理工大学,2020-06-18 09:07:18,3,D,211,61,0.3055555555555555,0.0,0.2146788990825688,0.2146788990825688,0.2651296829971181,0.0696969696969697,0.0660000326725438
U_29602879,C_697062,2.0,昆明理工大学,2020-04-25 09:52:39,0,A,476,120,0.1111111111111111,0.0,0.1963302752293578,0.2770642201834862,0.2363112391930835,0.0606060606060606,0.064924250295787
U_33345121,C_697076,0.0,辽宁对外经贸学院,2020-10-07 10:06:48,4,E,781,121,0.0416666666666666,0.0,0.0275229357798165,0.0275229357798165,0.0115273775216138,0.003030303030303,0.0614382621567629
U_33067176,C_735164,0.0,昆明理工大学,2020-09-17 23:33:41,0,A,476,138,0.125,0.0,0.1908256880733945,0.3082568807339449,0.2132564841498559,0.0833333333333333,0.0659760336236329
U_33224330,C_697076,2.0,辽宁对外经贸学院,2020-11-29 21:49:42,4,E,781,121,0.0555555555555555,0.0,0.1834862385321101,0.1834862385321101,0.2881844380403458,0.0931818181818181,0.0645015282947686
U_1414421,C_1750793,1.0,北京体育大学,2020-06-12 15:20:18,0,A,159,17,0.1111111111111111,0.0,0.036697247706422,0.036697247706422,0.0489913544668587,0.0257575757575757,0.0702972045122497
U_17905392,C_786631,2.0,北华航天工业学院,2020-04-23 10:29:49,3,D,186,154,0.1527777777777777,0.0,0.1871559633027523,0.1871559633027523,0.1585014409221901,0.103030303030303,0.0802234310257703
U_32577494,C_735164,1.0,昆明理工大学,2020-10-16 15:33:58,4,E,476,138,0.0416666666666666,0.0,0.018348623853211,0.0256880733944954,0.0230547550432276,0.0106060606060606,0.0228265953763895
U_30275320,C_948436,0.0,辽宁对外经贸学院,2020-06-28 22:42:45,4,E,781,171,0.0277777777777777,0.0,0.0036697247706422,0.0036697247706422,0.0057636887608069,0.0,0.0612584871929755
U_32878413,C_735164,2.0,昆明理工大学,2020-09-16 10:06:25,0,A,476,138,0.0833333333333333,0.0,0.0990825688073394,0.1045871559633027,0.1556195965417867,0.0742424242424242,0.025938820131477
U_990868,C_735164,0.0,昆明理工大学,2020-10-30 10:08:47,0,A,476,138,0.125,0.0,0.2018348623853211,0.2862385321100917,0.2507204610951008,0.0704545454545454,0.0647725699676726
U_24136099,C_948395,1.0,昆明理工大学,2020-02-23 12:50:55,0,A,476,170,0.0138888888888888,0.0,0.1908256880733945,0.2697247706422018,0.1959654178674351,0.0643939393939393,0.0697900401292711
U_17331980,C_1912004,0.0,辽宁对外经贸学院,2020-11-21 18:10:19,4,E,781,74,0.0277777777777777,0.0,0.0165137614678899,0.0165137614678899,0.0201729106628242,0.0053030303030303,0.0621128404581139
U_5199955,C_674920,0.0,西昌民族幼儿师范高等专科学校,2020-06-04 09:35:59,4,E,751,87,0.0416666666666666,0.0,0.0770642201834862,0.0770642201834862,0.0461095100864553,0.0181818181818181,0.0620588797406287
U_30599734,C_1829948,0.0,北方民族大学,2020-06-18 14:28:21,4,E,190,61,0.0277777777777777,0.0,0.0073394495412844,0.0073394495412844,0.0086455331412103,0.0022727272727272,0.060607363182925
U_31066573,C_682392,0.0,昆明理工大学,2020-08-06 16:20:28,0,A,476,108,0.0972222222222222,0.0,0.1174311926605504,0.2587155963302752,0.1844380403458213,0.0431818181818181,0.0470341825611789
U_30632395,C_735283,2.0,辽宁对外经贸学院,2020-06-22 09:00:06,4,E,781,143,0.0277777777777777,0.0,0.0036697247706422,0.0036697247706422,0.0057636887608069,0.0015151515151515,0.0617258496039985
U_22809322,C_948113,0.0,西安思源学院,2020-02-25 14:09:55,2,C,721,166,0.1527777777777777,0.0,0.1889908256880734,0.1889908256880734,0.1786743515850144,0.059090909090909,0.0759545618200978
U_14245256,C_756642,0.0,广西医科大学,2020-05-13 16:26:41,4,E,434,149,0.0416666666666666,0.0,0.0091743119266055,0.0091743119266055,0.0115273775216138,0.0037878787878787,0.0609340889882999
U_30367310,C_1829948,0.0,广州中医药大学,2020-06-05 12:45:59,1,B,423,61,0.0694444444444444,0.0,0.0623853211009174,0.0623853211009174,0.0691642651296829,0.0181818181818181,0.0982368318833823
U_5007569,C_948120,0.0,中国农业大学,2020-08-25 16:21:04,0,A,67,167,0.0138888888888888,0.0,0.0091743119266055,0.0091743119266055,0.0144092219020172,0.0037878787878787,0.063124591298996
U_6131818,C_1017355,2.0,中国医科大学,2020-03-08 00:00:55,2,C,69,0,0.0138888888888888,0.0,0.2036697247706422,0.2036697247706422,0.1556195965417867,0.0553030303030303,0.0833805192813197
U_22317833,C_707358,0.0,广州中医药大学,2020-05-14 12:25:01,1,B,423,134,0.0277777777777777,0.0,0.018348623853211,0.0201834862385321,0.0288184438040345,0.0075757575757575,0.1113505639364825
U_16128852,C_786631,1.0,华航,2020-04-12 10:48:58,0,A,216,154,0.0416666666666666,0.2,0.0,0.2587155963302752,0.0,0.2575757575757575,0.0433960931449778
U_31521373,C_1738818,1.0,辽宁对外经贸学院,2020-08-29 01:25:28,4,E,781,15,0.0416666666666666,0.0,0.0201834862385321,0.0201834862385321,0.0230547550432276,0.0121212121212121,0.1257599338385198
U_8332253,C_735164,0.0,红河学院,2020-11-28 19:26:16,0,A,684,138,0.1527777777777777,0.0,0.2862385321100917,0.2990825688073394,0.4438040345821325,0.1613636363636363,0.0814832077616246
U_12205161,C_674920,0.0,西昌民族幼儿师范高等专科学校,2020-06-04 09:13:09,4,E,751,87,0.0694444444444444,0.0,0.2201834862385321,0.2201834862385321,0.3227665706051873,0.0871212121212121,0.0640248356715813
U_32886900,C_735164,1.0,昆明理工大学,2020-09-16 10:58:42,0,A,476,138,0.0972222222222222,0.0,0.0091743119266055,0.0146788990825688,0.0115273775216138,0.0045454545454545,0.0625290225795283
U_4750736,C_735197,0.0,华南理工大学,2020-11-05 17:48:08,4,E,211,141,0.0416666666666666,0.0,0.1376146788990825,0.1376146788990825,0.0835734870317002,0.0219696969696969,0.0660891253035605
U_1647141,C_1750793,1.0,北京体育大学,2020-06-09 09:36:31,0,A,159,17,0.0694444444444444,0.0,0.036697247706422,0.036697247706422,0.0547550432276657,0.0287878787878787,0.0698251175670416
U_8934344,C_735197,1.0,华南理工大学,2020-09-07 20:45:56,4,E,211,141,0.0555555555555555,0.0,0.0458715596330275,0.0458715596330275,0.0259365994236311,0.0068181818181818,0.0649537216825118
U_15201697,C_735197,0.0,辽宁石油化工大学,2020-09-24 21:31:14,4,E,790,141,0.0416666666666666,0.0,0.0091743119266055,0.0091743119266055,0.0086455331412103,0.0022727272727272,0.0606567429841406
U_6758227,C_1824911,2.0,重庆市三峡医药高等专科学校,2020-06-03 16:53:17,4,E,841,57,0.0555555555555555,0.0,0.0256880733944954,0.0256880733944954,0.0201729106628242,0.0053030303030303,0.0614486521700966
U_31170468,C_801420,1.0,辽宁对外经贸学院,2020-08-22 15:55:25,4,E,781,155,0.0277777777777777,0.0,0.0036697247706422,0.0036697247706422,0.0028818443804034,0.0007575757575757,0.0011962918798322
U_3743329,C_735164,0.0,黑龙江八一农垦大学,2020-11-26 21:37:22,0,A,906,138,0.1111111111111111,0.0,0.2862385321100917,0.2862385321100917,0.4495677233429394,0.1636363636363636,0.0639894214745608
U_33333781,C_697076,2.0,辽宁对外经贸学院,2020-11-17 19:20:12,4,E,781,121,0.0138888888888888,0.0,0.091743119266055,0.091743119266055,0.132564841498559,0.0416666666666666,0.0616768313237427
U_13327052,C_682392,0.0,陕西工业职业技术学院,2020-09-01 12:23:49,0,A,876,108,0.0555555555555555,0.0,0.1137614678899082,0.1137614678899082,0.1757925072046109,0.0568181818181818,0.0647094177035967
U_932514,C_735164,0.0,昆明理工大学,2020-09-15 11:04:41,0,A,476,138,0.1111111111111111,0.0,0.1853211009174312,0.3192660550458716,0.1959654178674351,0.081060606060606,0.065268343964251
U_32384791,C_735197,1.0,辽宁对外经贸学院,2020-09-10 19:02:19,4,E,781,141,0.0416666666666666,0.0,0.0788990825688073,0.0788990825688073,0.0518731988472622,0.0295454545454545,0.0610687382125751
U_6683676,C_735385,2.0,辽宁对外经贸学院,2020-10-25 12:03:39,4,E,781,146,0.0277777777777777,0.0,0.0055045871559633,0.0055045871559633,0.0057636887608069,0.0015151515151515,0.0612725320346411
U_2043711,C_1875539,0.0,北京体育大学,2020-10-13 11:28:34,0,A,159,69,0.0555555555555555,0.0,0.1522935779816513,0.1522935779816513,0.2334293948126801,0.5984848484848485,0.1042065928237926
U_6075878,C_1829948,2.0,北方民族大学,2020-06-05 11:55:00,3,D,190,61,0.3055555555555555,0.0,0.3302752293577982,0.3302752293577982,0.4524495677233429,0.1189393939393939,0.0719121186390342
U_9815935,C_735197,1.0,辽宁对外经贸学院,2020-09-14 14:35:00,4,E,781,141,0.0694444444444444,0.0,0.0256880733944954,0.0256880733944954,0.0345821325648414,0.0098484848484848,0.0707350848174789
U_664481,C_1714448,0.0,潍坊医学院,2020-05-18 11:00:09,4,E,651,8,0.0416666666666666,0.0,0.055045871559633,0.055045871559633,0.0576368876080691,0.0151515151515151,0.0625914347805958
U_31017672,C_936971,1.0,辽宁对外经贸学院,2020-07-19 20:26:04,4,E,781,162,0.0694444444444444,0.0,0.0220183486238532,0.0220183486238532,0.0230547550432276,0.0075757575757575,0.0619925480730447
U_29914683,C_766175,1.0,昆明理工大学,2020-05-13 09:31:07,0,A,476,151,0.0833333333333333,0.0,0.0110091743119266,0.0110091743119266,0.0172910662824207,0.0045454545454545,0.0630654927578853
U_1540928,C_948113,1.0,三亚学院,2020-05-24 10:35:22,3,D,34,166,0.0416666666666666,0.0,0.2642201834862385,0.2642201834862385,0.2680115273775216,0.0742424242424242,0.077056997701031
U_25925560,C_1844112,2.0,内蒙古大学,2020-08-19 08:05:15,0,A,145,63,0.0833333333333333,0.0,0.1376146788990825,0.1449541284403669,0.2103746397694524,0.2212121212121212,0.0219679193753125
U_31574473,C_1992917,1.0,辽宁对外经贸学院,2020-08-28 20:05:53,4,E,781,80,0.0277777777777777,0.0,0.0880733944954128,0.0880733944954128,0.0403458213256484,0.0378787878787878,0.0640540148701333
U_29640162,C_674920,2.0,辽宁对外经贸学院,2020-05-06 19:50:37,4,E,781,87,0.0416666666666666,0.0,0.018348623853211,0.018348623853211,0.0172910662824207,0.0045454545454545,0.0603510547272126
U_13576414,C_1736024,1.0,辽宁对外经贸学院,2020-04-13 16:12:42,4,E,781,14,0.0277777777777777,0.0,0.0880733944954128,0.0880733944954128,0.0432276657060518,0.0219696969696969,0.0624833053472652
U_9777430,C_735197,2.0,华南理工大学,2020-09-12 10:49:04,4,E,211,141,0.0277777777777777,0.0,0.0091743119266055,0.0091743119266055,0.0144092219020172,0.0037878787878787,0.0615668596192204
U_32735911,C_735164,1.0,昆明理工大学,2020-09-15 10:21:08,0,A,476,138,0.0972222222222222,0.0,0.0055045871559633,0.0091743119266055,0.0086455331412103,0.0045454545454545,0.0630545777963088
U_32577200,C_735164,2.0,昆明理工大学,2020-10-26 09:41:29,0,A,476,138,0.0138888888888888,0.0,0.1944954128440367,0.273394495412844,0.1757925072046109,0.0378787878787878,0.0085269454167788
U_12658273,C_735385,0.0,重庆大学,2020-11-12 14:36:56,4,E,835,146,0.0555555555555555,0.0,0.0752293577981651,0.0752293577981651,0.0691642651296829,0.031060606060606,0.0628325147849255
U_30051838,C_948436,2.0,辽宁对外经贸学院,2020-05-19 11:56:32,4,E,781,171,0.0416666666666666,0.0,0.0293577981651376,0.0293577981651376,0.031700288184438,0.0015151515151515,0.0620333256563571
U_967580,C_735164,1.0,昆明理工大学,2020-10-28 10:51:53,0,A,476,138,0.0138888888888888,0.0,0.2018348623853211,0.2715596330275229,0.1873198847262247,0.0424242424242424,0.0660616497106266
U_19301304,C_948136,0.0,湖北大学,2020-06-08 12:30:05,4,E,621,168,0.0555555555555555,0.0,0.2,0.2,0.0979827089337175,0.0257575757575757,0.067769687674745
U_33507265,C_735164,0.0,昆明理工大学,2020-09-23 16:08:32,0,A,476,138,0.0138888888888888,0.0,0.1889908256880734,0.2642201834862385,0.2132564841498559,0.0583333333333333,0.0660269288414738
U_29781880,C_1741505,2.0,辽宁对外经贸学院,2020-05-06 14:36:21,4,E,781,16,0.0416666666666666,0.0,0.055045871559633,0.055045871559633,0.063400576368876,0.0196969696969696,0.062595465986913
U_5635813,C_1824911,2.0,重庆三峡医药高等专科学校,2020-06-11 11:35:50,4,E,822,57,0.0416666666666666,0.0,0.0073394495412844,0.0073394495412844,0.0086455331412103,0.0022727272727272,0.0611199553326404
U_12976961,C_1992950,0.0,华南农业大学,2020-10-13 18:49:15,4,E,209,83,0.0416666666666666,0.0,0.0091743119266055,0.0091743119266055,0.0086455331412103,0.0454545454545454,0.0566016663788566
U_7102339,C_1017355,1.0,广州中医药大学,2020-05-05 12:00:53,3,D,423,0,0.1666666666666666,0.0,0.0825688073394495,0.0825688073394495,0.0489913544668587,0.0136363636363636,0.0810430535170721
U_33329140,C_697076,2.0,辽宁对外经贸学院,2020-11-22 14:52:05,4,E,781,121,0.0416666666666666,0.0,0.0752293577981651,0.0752293577981651,0.031700288184438,0.0257575757575757,0.0644169076284995
U_243446,C_735164,1.0,台州学院,2020-09-16 10:58:34,0,A,245,138,0.1111111111111111,0.0,0.1871559633027523,0.2752293577981651,0.1959654178674351,0.0734848484848484,0.0762599876029044
U_22871917,C_1864065,1.0,湖北理工学院,2020-06-22 08:37:45,3,D,631,67,0.1388888888888889,0.0,0.1266055045871559,0.1266055045871559,0.1585014409221901,0.081060606060606,0.0772498270381013
U_17916933,C_948488,0.0,合肥工业大学,2020-03-01 15:45:53,0,A,248,172,0.1111111111111111,0.0,0.1908256880733945,0.2752293577981651,0.2161383285302593,0.0598484848484848,0.0675102988623626
U_29841444,C_756642,2.0,辽宁对外经贸学院,2020-05-08 12:01:36,4,E,781,149,0.0416666666666666,0.0,0.0678899082568807,0.0678899082568807,0.0547550432276657,0.0318181818181818,0.0631065179582934
U_33224711,C_697076,1.0,辽宁对外经贸学院,2020-09-24 14:18:18,0,A,781,121,0.0972222222222222,0.0,0.0091743119266055,0.0091743119266055,0.0086455331412103,0.0022727272727272,0.0654767187025866
U_29934476,C_697062,0.0,辽宁对外经贸学院,2020-05-12 08:31:28,4,E,781,120,0.0555555555555555,0.0,0.1834862385321101,0.1834862385321101,0.2593659942363112,0.0734848484848484,0.0650380501606081
U_28270309,C_1017355,2.0,华南理工大学,2020-03-04 08:34:32,3,D,211,0,0.1527777777777777,0.0,0.1761467889908257,0.2018348623853211,0.1095100864553314,0.1386363636363636,0.0839934508305364
U_5262369,C_735197,1.0,中国石油大学华东,2020-10-12 22:45:24,4,E,79,141,0.0416666666666666,0.0,0.0678899082568807,0.0678899082568807,0.0547550432276657,0.0325757575757575,0.0634774186535331
U_12061180,C_801420,0.0,南京邮电大学,2020-09-04 14:31:51,4,E,228,155,0.0277777777777777,0.0,0.0055045871559633,0.0055045871559633,0.0028818443804034,0.0007575757575757,0.0613831772576635
U_30572980,C_1829948,2.0,辽宁对外经贸学院,2020-06-17 07:44:52,4,E,781,61,0.0138888888888888,0.0,0.0073394495412844,0.0073394495412844,0.0,0.0,0.0606908398582122
U_6758285,C_1824911,0.0,重庆三峡医药高等专科学校,2020-06-05 14:50:25,4,E,822,57,0.0138888888888888,0.0,0.0788990825688073,0.0788990825688073,0.0288184438040345,0.0189393939393939,0.0636714514096883
U_7223868,C_735164,2.0,鲁东大学,2020-11-15 08:31:49,0,A,900,138,0.0138888888888888,0.0,0.2862385321100917,0.3119266055045872,0.4438040345821325,0.1613636363636363,0.0671616936104157
U_4681944,C_682392,0.0,陕西工业职业技术学院,2020-08-16 15:28:56,0,A,876,108,0.1388888888888889,0.0,0.4495412844036697,0.4495412844036697,0.7031700288184437,0.2462121212121212,0.0713190855996243
U_30399830,C_674920,2.0,辽宁对外经贸学院,2020-06-08 11:28:33,4,E,781,87,0.0416666666666666,0.0,0.0587155963302752,0.0587155963302752,0.0374639769452449,0.0265151515151515,0.060111222713045
U_5199999,C_674920,0.0,辽宁对外经贸学院,2020-06-04 09:13:18,4,E,781,87,0.0416666666666666,0.0,0.0697247706422018,0.0697247706422018,0.0489913544668587,0.0257575757575757,0.0616149617162223
U_13763868,C_674920,1.0,辽宁对外经贸学院,2020-05-03 01:57:21,4,E,781,87,0.0416666666666666,0.0,0.055045871559633,0.055045871559633,0.0518731988472622,0.0136363636363636,0.0618143479539856
U_6446408,C_735164,1.0,广东医科大学,2020-11-01 15:08:09,0,A,401,138,0.1111111111111111,0.0,0.2110091743119266,0.255045871559633,0.2363112391930835,0.0734848484848484,0.0728609823972421
U_33344325,C_697076,2.0,张雅瑞,2020-10-06 22:09:49,4,E,447,121,0.0416666666666666,0.0,0.0091743119266055,0.0091743119266055,0.0086455331412103,0.003030303030303,0.0597501672735286
U_4771639,C_735164,0.0,河南财经政法大学,2020-11-12 10:28:12,4,E,581,138,0.0416666666666666,0.0,0.0330275229357798,0.0385321100917431,0.0518731988472622,0.0242424242424242,0.0615460003550824
U_30687791,C_676635,1.0,中国医科大学,2020-06-26 09:29:04,2,C,69,89,0.125,0.0,0.0642201834862385,0.0642201834862385,0.0461095100864553,0.0121212121212121,0.0787750592051815
U_6001851,C_1714448,0.0,延庆一职,2020-04-28 13:20:11,4,E,445,8,0.0416666666666666,0.0,0.0532110091743119,0.0532110091743119,0.0720461095100864,0.0439393939393939,0.0636732540621447
U_33399992,C_2027893,0.0,辽宁对外经贸学院,2020-09-22 18:41:07,4,E,781,84,0.0416666666666666,0.0,0.0165137614678899,0.0165137614678899,0.0230547550432276,0.0075757575757575,0.0615083179854656
U_6765373,C_1824911,2.0,重庆三峡医药高等专科学校,2020-06-02 09:50:23,3,D,822,57,0.0555555555555555,0.0,0.1779816513761468,0.1779816513761468,0.1873198847262247,0.1015151515151515,0.0793101944152853
U_25889341,C_677087,1.0,辽宁对外经贸学院,2020-10-30 16:14:18,4,E,781,92,0.0416666666666666,0.0,0.036697247706422,0.036697247706422,0.031700288184438,0.0083333333333333,0.0621800338331908
U_6902398,C_756642,1.0,辽宁对外经贸学院,2020-05-12 15:06:17,4,E,781,149,0.0277777777777777,0.0,0.0642201834862385,0.0642201834862385,0.0547550432276657,0.031060606060606,0.0610363300870958
U_5235973,C_674920,1.0,西昌民族幼儿师范高等专科学校,2020-07-09 19:24:28,4,E,751,87,0.0138888888888888,0.0,0.2201834862385321,0.2201834862385321,0.3429394812680115,0.0924242424242424,0.063172190964403
U_11946058,C_948387,2.0,深圳信息职业技术学院,2020-10-27 22:30:43,4,E,610,169,0.0416666666666666,0.0,0.073394495412844,0.073394495412844,0.0835734870317002,0.0219696969696969,0.0630812065387756
U_23505235,C_735164,0.0,江苏理工学院,2020-09-16 10:01:48,0,A,524,138,0.0833333333333333,0.0,0.0091743119266055,0.0128440366972477,0.0086455331412103,0.003030303030303,0.0301092433742354
U_29676274,C_1714448,0.0,辽宁对外经贸学院,2020-04-27 09:19:28,4,E,781,8,0.0416666666666666,0.0,0.0678899082568807,0.0678899082568807,0.0576368876080691,0.0325757575757575,0.0619174705696421
U_1057896,C_735164,0.0,昆明理工大学,2020-11-17 08:53:20,0,A,476,138,0.1111111111111111,0.0,0.1834862385321101,0.2697247706422018,0.2305475504322766,0.0681818181818181,0.0619492002242793
U_32740287,C_735164,1.0,昆明理工大学,2020-09-15 11:15:18,0,A,476,138,0.0972222222222222,0.0,0.055045871559633,0.0678899082568807,0.0835734870317002,0.0386363636363636,0.0171500557756664
U_33329532,C_697076,0.0,辽宁对外经贸学院,2020-11-04 12:07:55,4,E,781,121,0.0416666666666666,0.0,0.0862385321100917,0.0862385321100917,0.0518731988472622,0.0393939393939393,0.0649781565375111
U_5235946,C_674920,0.0,辽宁对外经贸学院,2020-06-04 11:45:13,4,E,781,87,0.0416666666666666,0.0,0.0642201834862385,0.0642201834862385,0.0,0.0181818181818181,0.0649700396491155
U_7389824,C_681031,2.0,暨南大学,2020-05-26 16:37:04,4,E,487,101,0.0416666666666666,0.0,0.0055045871559633,0.0055045871559633,0.0057636887608069,0.0022727272727272,0.0612573828207289
U_2329473,C_1829948,1.0,北方民族大学,2020-06-04 19:04:16,2,C,190,61,0.0277777777777777,0.0,0.073394495412844,0.073394495412844,0.0864553314121037,0.0227272727272727,0.0615978315655449
U_30035271,C_681031,1.0,辽宁对外经贸学院,2020-05-18 12:53:45,4,E,781,101,0.0277777777777777,0.0,0.0146788990825688,0.0146788990825688,0.0,0.0,0.0617471496265668
U_31641925,C_1992917,2.0,辽宁对外经贸学院,2020-09-08 09:45:45,4,E,781,80,0.0416666666666666,0.0,0.1009174311926605,0.1009174311926605,0.0489913544668587,0.031060606060606,0.0586029424123334
U_7182168,C_735197,2.0,华南理工大学,2020-10-04 22:08:58,3,D,211,141,0.1527777777777777,0.0,0.2128440366972477,0.2128440366972477,0.1123919308357348,0.1204545454545454,0.0909697554554164
U_11034597,C_674920,2.0,北京第二外国语学院,2020-06-18 14:37:47,4,E,179,87,0.0555555555555555,0.0,0.2201834862385321,0.2201834862385321,0.100864553314121,0.0265151515151515,0.0686191282167055
U_11799876,C_948488,2.0,华南理工大学,2020-04-26 14:50:24,3,D,211,172,0.1527777777777777,0.0,0.1853211009174312,0.2293577981651376,0.1296829971181556,0.1492424242424242,0.0829896804575379
U_30368046,C_948436,1.0,辽宁对外经贸学院,2020-06-06 09:21:38,4,E,781,171,0.0416666666666666,0.0,0.0458715596330275,0.0458715596330275,0.0489913544668587,0.0007575757575757,0.0625330961928595
U_14691706,C_1714448,2.0,中国医科大学,2020-05-13 08:32:56,2,C,69,8,0.1388888888888889,0.0,0.1449541284403669,0.1449541284403669,0.132564841498559,0.0348484848484848,0.0771696436701863
U_5277662,C_674920,0.0,西昌民族幼儿师范高等专科学校,2020-07-04 08:58:46,4,E,751,87,0.0416666666666666,0.0,0.055045871559633,0.055045871559633,0.0576368876080691,0.0151515151515151,0.0590383424086493
U_9080863,C_735197,1.0,辽宁石油化工大学,2020-09-14 18:40:02,4,E,790,141,0.0555555555555555,0.0,0.0844036697247706,0.0844036697247706,0.0720461095100864,0.0333333333333333,0.0621018957824859
U_34201093,C_2027893,1.0,辽宁对外经贸学院,2020-10-12 11:37:52,4,E,781,84,0.0416666666666666,0.0,0.0055045871559633,0.0055045871559633,0.0028818443804034,0.0007575757575757,0.0072316036465746
U_31066563,C_682392,0.0,昆明理工大学,2020-07-30 14:41:51,0,A,476,108,0.0277777777777777,0.0,0.0018348623853211,0.0018348623853211,0.0,0.0,0.0541495687563465
U_34210657,C_1912004,2.0,辽宁对外经贸学院,2020-10-12 21:52:26,4,E,781,74,0.0416666666666666,0.0,0.0623853211009174,0.0623853211009174,0.0489913544668587,0.0325757575757575,0.062840691101424
U_33526702,C_735164,2.0,昆明理工大学,2020-09-23 23:00:29,0,A,476,138,0.1111111111111111,0.0,0.1926605504587156,0.273394495412844,0.2276657060518732,0.059090909090909,0.0656797696733656
U_6223103,C_1829948,0.0,北方民族大学,2020-06-05 14:24:52,1,B,190,61,0.0138888888888888,0.0,0.073394495412844,0.073394495412844,0.0403458213256484,0.0106060606060606,0.0856446408618343
U_182030,C_1760297,0.0,清华大学,2020-08-05 14:17:33,4,E,612,29,0.0416666666666666,0.0,0.0165137614678899,0.0165137614678899,0.0115273775216138,0.0045454545454545,0.0616211967146909
U_20484712,C_749807,1.0,辽宁对外经贸学院,2020-05-20 14:45:25,4,E,781,148,0.0416666666666666,0.0,0.0422018348623853,0.0422018348623853,0.0432276657060518,0.0113636363636363,0.0624406706357353
U_32076662,C_1912004,1.0,辽宁对外经贸学院,2020-10-06 10:19:23,4,E,781,74,0.0277777777777777,0.0,0.0055045871559633,0.0055045871559633,0.0057636887608069,0.0015151515151515,0.0618303786847583
U_33543421,C_697076,1.0,辽宁对外经贸学院,2020-10-14 10:13:52,4,E,781,121,0.0416666666666666,0.0,0.0899082568807339,0.0899082568807339,0.0749279538904899,0.0325757575757575,0.06002933078717
U_14654623,C_786631,2.0,北华航天工业学院,2020-05-07 09:35:36,2,C,186,154,0.0416666666666666,0.0,0.0880733944954128,0.0880733944954128,0.1152737752161383,0.0371212121212121,0.074708329739376
U_6571755,C_1774985,0.0,湖北美术学院,2020-07-06 12:52:21,4,E,635,46,0.0277777777777777,0.0,0.0018348623853211,0.0018348623853211,0.0,0.0,0.0612535893268235
U_32966236,C_735164,1.0,昆明理工大学,2020-09-17 20:08:15,0,A,476,138,0.0138888888888888,0.0,0.1853211009174312,0.273394495412844,0.2507204610951008,0.0742424242424242,0.0205946840020002
U_30110971,C_676676,2.0,辽宁对外经贸学院,2020-05-21 20:36:49,4,E,781,91,0.0416666666666666,0.0,0.0678899082568807,0.0678899082568807,0.0489913544668587,0.0333333333333333,0.0631315867130575
U_30459114,C_1829948,2.0,辽宁对外经贸学院,2020-06-11 18:27:19,4,E,781,61,0.0277777777777777,0.0,0.0018348623853211,0.0018348623853211,0.0,0.0,0.060596879075095
U_6074329,C_1829948,0.0,北方民族大学,2020-06-18 09:49:30,4,E,190,61,0.0416666666666666,0.0,0.0220183486238532,0.0220183486238532,0.0172910662824207,0.0045454545454545,0.0615909527626276
U_24721424,C_948395,1.0,西安美术学院,2020-02-19 15:50:00,0,A,727,170,0.125,0.0,0.2073394495412844,0.2862385321100917,0.2103746397694524,0.0598484848484848,0.0717234987925899
U_7118344,C_682407,0.0,清华大学,2020-06-07 21:54:07,4,E,612,110,0.0277777777777777,0.0,0.0018348623853211,0.0018348623853211,0.0,0.0,0.0612535893268235
U_30698191,C_1829948,2.0,辽宁对外经贸学院,2020-06-27 16:31:18,4,E,781,61,0.0416666666666666,0.0,0.0018348623853211,0.0018348623853211,0.0,0.0,0.0610791381305926
U_32385696,C_697076,1.0,长沙理工大学,2020-09-10 19:36:44,4,E,862,121,0.0416666666666666,0.0,0.0715596330275229,0.0715596330275229,0.0547550432276657,0.034090909090909,0.0625740570128227
U_6509806,C_1824911,2.0,重庆三峡医药高等专科学校,2020-06-10 19:36:14,4,E,822,57,0.0416666666666666,0.0,0.0091743119266055,0.0091743119266055,0.0115273775216138,0.003030303030303,0.061511319104665
U_13752994,C_674920,1.0,辽宁对外经贸学院,2020-07-06 11:20:14,4,E,781,87,0.0416666666666666,0.0,0.018348623853211,0.018348623853211,0.0259365994236311,0.0068181818181818,0.0609370306793963
U_5108537,C_1017355,1.0,广州中医药大学,2020-05-07 09:26:41,0,A,423,0,0.0555555555555555,0.0,0.0825688073394495,0.0825688073394495,0.0979827089337175,0.0287878787878787,0.0675778488060572
U_6818430,C_756642,2.0,辽宁对外经贸学院,2020-05-11 19:35:41,4,E,781,149,0.0138888888888888,0.0,0.0091743119266055,0.0091743119266055,0.0028818443804034,0.0007575757575757,0.0611709595020034
U_30593429,C_1829948,2.0,华南理工大学,2020-06-18 08:47:55,3,D,211,61,0.5555555555555556,0.0,0.4752293577981651,0.4752293577981651,0.5907780979827089,0.1553030303030303,0.0752478230103633
U_30565854,C_1750793,0.0,昆明理工大学,2020-06-16 19:03:13,0,A,476,17,0.0277777777777777,0.0,0.036697247706422,0.036697247706422,0.0547550432276657,0.0287878787878787,0.0694841735880342
U_30349906,C_674920,0.0,辽宁对外经贸学院,2020-06-04 12:00:22,4,E,781,87,0.0416666666666666,0.0,0.036697247706422,0.036697247706422,0.0374639769452449,0.0098484848484848,0.0615551919016731
U_18083103,C_948113,0.0,西安思源学院,2020-05-23 19:33:26,2,C,721,166,0.3194444444444444,0.0,0.2642201834862385,0.2642201834862385,0.3285302593659942,0.0969696969696969,0.0762470075147502
U_31479092,C_735385,1.0,辽宁对外经贸学院,2020-08-26 17:26:15,4,E,781,146,0.0277777777777777,0.0,0.0055045871559633,0.0055045871559633,0.0,0.0,0.0613405574031594
U_30087968,C_786631,0.0,辽宁对外经贸学院,2020-05-20 14:22:00,4,E,781,154,0.0416666666666666,0.0,0.0165137614678899,0.0165137614678899,0.0230547550432276,0.0098484848484848,0.061449771399369
U_33220342,C_697076,2.0,辽宁对外经贸学院,2020-11-19 12:27:13,4,E,781,121,0.0277777777777777,0.0,0.018348623853211,0.018348623853211,0.0115273775216138,0.003030303030303,0.0602634874175052
U_19891828,C_681031,1.0,辽宁对外经贸学院,2020-07-27 13:47:32,4,E,781,101,0.0277777777777777,0.0,0.0055045871559633,0.0055045871559633,0.0,0.0,0.0613700485992519
U_11064884,C_676646,2.0,天津商业大学,2020-08-11 00:31:41,4,E,316,90,0.0416666666666666,0.0,0.018348623853211,0.018348623853211,0.0288184438040345,0.0075757575757575,0.0622969289117076
U_33445394,C_697076,2.0,辽宁对外经贸学院,2020-10-12 12:38:26,0,A,781,121,0.0138888888888888,0.0,0.0275229357798165,0.0275229357798165,0.0403458213256484,0.0128787878787878,0.0642521184513411
U_31072653,C_735115,2.0,昆明理工大学,2020-07-28 10:20:02,0,A,476,136,0.1388888888888889,0.0,0.5211009174311927,0.5211009174311927,0.8069164265129682,0.278030303030303,0.0713432381711345
U_32992773,C_735164,1.0,昆明理工大学,2020-11-26 23:34:58,0,A,476,138,0.1111111111111111,0.0,0.181651376146789,0.2587155963302752,0.1642651296829971,0.0477272727272727,0.0701941314200123
U_33218257,C_697076,2.0,辽宁对外经贸学院,2020-10-11 11:20:50,0,A,781,121,0.0972222222222222,0.0,0.018348623853211,0.018348623853211,0.0201729106628242,0.006060606060606,0.0648208453966415
U_10953123,C_735385,1.0,湖南大学,2020-05-12 12:20:54,4,E,640,146,0.0416666666666666,0.0,0.0293577981651376,0.0293577981651376,0.0374639769452449,0.0098484848484848,0.0617510570243362
U_1023803,C_735164,1.0,河北工业大学城市学院,2020-09-16 08:17:12,0,A,553,138,0.0972222222222222,0.0,0.2146788990825688,0.2568807339449541,0.2219020172910662,0.078030303030303,0.0082398237448277
U_6404515,C_676635,0.0,陕西科技大学,2020-06-29 21:04:56,0,A,881,89,0.0972222222222222,0.0,0.0642201834862385,0.0642201834862385,0.100864553314121,0.0265151515151515,0.0690407904165544
U_14159337,C_1017355,2.0,广州中医药大学,2020-03-04 13:10:03,1,B,423,0,0.2083333333333333,0.0,0.0385321100917431,0.0532110091743119,0.0605187319884726,0.0242424242424242,0.1124542725692873
U_17916647,C_786631,1.0,北华航天工业学院,2020-04-25 19:27:24,0,A,186,154,0.0555555555555555,0.0,0.2055045871559633,0.2770642201834862,0.2420749279538904,0.0803030303030303,0.0682330634505279
U_33843324,C_735164,1.0,昆明理工大学,2020-11-29 15:36:41,0,A,476,138,0.125,0.0,0.2862385321100917,0.2954128440366972,0.4351585014409221,0.1583333333333333,0.0695409323787003
U_24633006,C_676646,2.0,天津财经大学,2020-06-10 08:39:15,4,E,327,90,0.0416666666666666,0.0,0.0091743119266055,0.0091743119266055,0.0057636887608069,0.0015151515151515,0.0613879661722935
U_11020800,C_676646,0.0,天津商业大学,2020-08-13 13:58:24,4,E,316,90,0.0277777777777777,0.0,0.0036697247706422,0.0036697247706422,0.0028818443804034,0.0007575757575757,0.0604459118842161
U_30705581,C_697062,2.0,辽宁对外经贸学院,2020-06-28 10:39:38,4,E,781,120,0.0416666666666666,0.0,0.0238532110091743,0.0238532110091743,0.0201729106628242,0.0053030303030303,0.061324511815361
U_30969763,C_674920,2.0,辽宁对外经贸学院,2020-07-15 23:03:48,4,E,781,87,0.0416666666666666,0.0,0.018348623853211,0.018348623853211,0.0172910662824207,0.0045454545454545,0.0604705844516272
U_8355388,C_1824911,2.0,重庆三峡医药,2020-06-09 15:28:56,4,E,817,57,0.0138888888888888,0.0,0.0770642201834862,0.0770642201834862,0.0461095100864553,0.0287878787878787,0.0628902392822645
U_29822788,C_1714448,0.0,辽宁对外经贸学院,2020-05-07 22:16:51,4,E,781,8,0.0416666666666666,0.0,0.0220183486238532,0.0220183486238532,0.0144092219020172,0.0037878787878787,0.0626486590914016
U_354488,C_756642,2.0,辽宁对外经贸学院,2020-05-11 16:28:34,4,E,781,149,0.0138888888888888,0.0,0.0091743119266055,0.0091743119266055,0.0115273775216138,0.0045454545454545,0.0602567670895291
U_33499431,C_2027893,1.0,辽宁对外经贸学院,2020-09-23 14:32:27,4,E,781,84,0.0416666666666666,0.0,0.0110091743119266,0.0110091743119266,0.0172910662824207,0.006060606060606,0.0613500807566583
U_25280447,C_948395,0.0,西安美术学院,2020-05-25 12:56:18,0,A,727,170,0.1111111111111111,0.0,0.110091743119266,0.110091743119266,0.170028818443804,0.0984848484848484,0.0677665231282625
U_560225,C_735164,1.0,红河学院,2020-11-17 09:14:26,4,E,684,138,0.0416666666666666,0.0,0.0770642201834862,0.0770642201834862,0.0518731988472622,0.028030303030303,0.0624826813521841
U_31105007,C_747056,0.0,华南理工大学,2020-07-30 19:07:24,3,D,211,147,0.1944444444444444,0.0,0.4917431192660551,0.4917431192660551,0.1902017291066282,0.053030303030303,0.0931352164803383
U_29389188,C_735186,1.0,辽宁对外经贸学院,2020-06-07 10:51:42,4,E,781,139,0.0416666666666666,0.0,0.0256880733944954,0.0256880733944954,0.0288184438040345,0.009090909090909,0.0617700987789921
U_17204074,C_674920,2.0,辽宁对外经贸学院,2020-07-04 11:49:27,4,E,781,87,0.0416666666666666,0.0,0.0862385321100917,0.0862385321100917,0.0605187319884726,0.0318181818181818,0.0657028574913644
U_32612154,C_735164,0.0,昆明理工大学,2020-12-05 14:19:21,0,A,476,138,0.125,0.0,0.2862385321100917,0.2899082568807339,0.446685878962536,0.1621212121212121,0.0692236506893537
U_31066052,C_682392,0.0,昆明理工大学,2020-08-06 15:16:48,0,A,476,108,0.0972222222222222,0.0,0.4495412844036697,0.4495412844036697,0.6916426512968299,0.2409090909090909,0.062617578193555
U_4121791,C_1017355,0.0,广州中医药大学,2020-05-07 12:53:26,0,A,423,0,0.0972222222222222,0.0,0.0788990825688073,0.0788990825688073,0.100864553314121,0.0333333333333333,0.0675909328933917
U_11064793,C_676646,1.0,天津商业大学,2020-08-11 08:26:13,4,E,316,90,0.0416666666666666,0.0,0.0660550458715596,0.0660550458715596,0.0547550432276657,0.0325757575757575,0.0631691403217846
U_13854478,C_735050,2.0,辽宁对外经贸学院,2020-06-05 22:34:43,4,E,781,135,0.0277777777777777,0.0,0.0110091743119266,0.0110091743119266,0.0086455331412103,0.0022727272727272,0.0617964254286021
U_12089207,C_948488,0.0,合肥工业大学,2020-03-06 14:56:38,0,A,248,172,0.0694444444444444,0.0,0.1926605504587156,0.273394495412844,0.2161383285302593,0.0606060606060606,0.0697010812114861
U_29033953,C_786631,1.0,辽宁对外经贸学院,2020-07-12 18:23:52,4,E,781,154,0.0416666666666666,0.0,0.0128440366972477,0.0128440366972477,0.0057636887608069,0.0022727272727272,0.0615173213430637
U_30411345,C_1829948,2.0,华南理工大学,2020-06-09 07:42:55,3,D,211,61,0.125,0.0,0.0513761467889908,0.0513761467889908,0.0461095100864553,0.0121212121212121,0.0712830474075227
U_3434016,C_735164,1.0,昆明理工大学,2020-09-16 13:49:35,0,A,476,138,0.0138888888888888,0.0,0.1926605504587156,0.2311926605504587,0.2305475504322766,0.0431818181818181,0.067022339661323
U_5245121,C_674920,0.0,辽宁对外经贸学院,2020-06-13 08:43:51,4,E,781,87,0.0277777777777777,0.0,0.1045871559633027,0.1045871559633027,0.0691642651296829,0.031060606060606,0.0678859884722322
U_5501707,C_758928,2.0,陕西工业职业技术学院,2020-02-25 08:08:50,4,E,876,150,0.0138888888888888,0.0,0.073394495412844,0.073394495412844,0.0489913544668587,0.031060606060606,0.0613453958412085
U_10128128,C_1714448,1.0,中国医科大学,2020-03-18 14:53:08,2,C,69,8,0.1388888888888889,0.0,0.1944954128440367,0.1944954128440367,0.1671469740634005,0.0643939393939393,0.0779022287523654
U_13688338,C_735197,1.0,辽宁石油化工大学,2020-09-09 12:46:52,4,E,790,141,0.0138888888888888,0.0,0.0,0.0,0.0,0.0356060606060606,0.0772947992550142
U_9054572,C_786631,2.0,河北师范大学,2020-02-10 21:40:15,0,A,556,154,0.1111111111111111,0.0,0.1981651376146789,0.2862385321100917,0.2132564841498559,0.05,0.0676653269736102
U_18332268,C_697062,2.0,湖北科技学院,2020-04-25 12:55:43,3,D,633,120,0.1527777777777777,0.0,0.1761467889908257,0.218348623853211,0.0922190201729106,0.1462121212121212,0.0864646694451729
U_8530196,C_1824911,2.0,重庆三峡医药高等专科学校,2020-06-08 17:50:13,4,E,822,57,0.0416666666666666,0.0,0.0697247706422018,0.0697247706422018,0.0547550432276657,0.0386363636363636,0.0676162195511999
U_33224551,C_697076,2.0,辽宁对外经贸学院,2020-09-27 21:20:31,0,A,781,121,0.1111111111111111,0.0,0.0275229357798165,0.0275229357798165,0.0432276657060518,0.0136363636363636,0.0637118872814088
U_4602306,C_735197,0.0,华南理工大学,2020-10-02 21:41:37,3,D,211,141,0.1527777777777777,0.0,0.218348623853211,0.2477064220183486,0.1268011527377521,0.1409090909090909,0.0898797350956595
U_30599279,C_1829948,0.0,辽宁对外经贸学院,2020-06-18 14:15:46,4,E,781,61,0.0277777777777777,0.0,0.0073394495412844,0.0073394495412844,0.0057636887608069,0.0015151515151515,0.0607551163039024
U_1008050,C_735164,0.0,昆明理工大学,2020-09-16 13:51:53,0,A,476,138,0.1111111111111111,0.0,0.1908256880733945,0.2807339449541284,0.2132564841498559,0.0636363636363636,0.0663872414297033
U_5235959,C_674920,0.0,辽宁对外经贸学院,2020-06-04 15:57:32,4,E,781,87,0.0416666666666666,0.0,0.0788990825688073,0.0788990825688073,0.0432276657060518,0.0242424242424242,0.062548512833235
U_32742389,C_735164,1.0,昆明理工大学,2020-10-20 12:19:01,0,A,476,138,0.125,0.0,0.2403669724770642,0.3155963302752294,0.2103746397694524,0.059090909090909,0.0595506176084822
U_30836940,C_823315,2.0,辽宁对外经贸学院,2020-07-03 21:47:32,4,E,781,158,0.0416666666666666,0.0,0.0220183486238532,0.0220183486238532,0.031700288184438,0.009090909090909,0.0610442191677634
U_8442043,C_786631,1.0,辽宁对外经贸学院,2020-03-12 14:03:25,4,E,781,154,0.0555555555555555,0.0,0.073394495412844,0.073394495412844,0.0518731988472622,0.0303030303030303,0.062242482864715
U_33459892,C_2027893,1.0,辽宁对外经贸学院,2020-09-23 10:46:53,4,E,781,84,0.0416666666666666,0.0,0.0110091743119266,0.0110091743119266,0.0115273775216138,0.0037878787878787,0.0614216866683798
U_30952916,C_801420,2.0,辽宁对外经贸学院,2020-07-14 14:09:18,4,E,781,155,0.0277777777777777,0.0,0.0018348623853211,0.0018348623853211,0.0,0.0,0.0612796980733893
U_33320311,C_2059281,0.0,辽宁对外经贸学院,2020-09-21 22:50:03,4,E,781,85,0.0416666666666666,0.0,0.0642201834862385,0.0642201834862385,0.0403458213256484,0.0303030303030303,0.0167293726199176
U_32577814,C_735164,1.0,昆明理工大学,2020-09-16 13:44:33,0,A,476,138,0.125,0.0,0.2495412844036697,0.3211009174311927,0.2247838616714697,0.0598484848484848,0.0606990458887623
U_985402,C_735164,0.0,昆明理工大学,2020-11-17 14:10:12,0,A,476,138,0.0972222222222222,0.0,0.2018348623853211,0.2752293577981651,0.201729106628242,0.0462121212121212,0.0660939538369257
U_4390507,C_1829948,0.0,北方民族大学,2020-06-18 09:19:53,3,D,190,61,0.2638888888888889,0.0,0.4770642201834862,0.4770642201834862,0.5677233429394812,0.1492424242424242,0.075549480060974
U_30610342,C_1829948,0.0,辽宁对外经贸学院,2020-06-19 10:04:54,4,E,781,61,0.0555555555555555,0.0,0.0513761467889908,0.0513761467889908,0.0605187319884726,0.0159090909090909,0.0621835846623425
U_31632809,C_1992917,2.0,辽宁对外经贸学院,2020-08-29 08:28:53,4,E,781,80,0.0416666666666666,0.0,0.0770642201834862,0.0770642201834862,0.0605187319884726,0.0265151515151515,0.0626501348892917
U_32744347,C_735164,1.0,昆明理工大学,2020-10-18 23:12:21,0,A,476,138,0.0138888888888888,0.0,0.0880733944954128,0.1064220183486238,0.132564841498559,0.0621212121212121,0.1333075634784782
U_33246225,C_697076,2.0,辽宁对外经贸学院,2020-11-16 18:57:49,4,E,781,121,0.0555555555555555,0.0,0.2110091743119266,0.2110091743119266,0.1729106628242074,0.0522727272727272,0.0670434465425566
U_30443442,C_674920,1.0,辽宁对外经贸学院,2020-06-11 09:00:06,4,E,781,87,0.0416666666666666,0.0,0.018348623853211,0.018348623853211,0.0201729106628242,0.0053030303030303,0.0603321318287626
U_32617195,C_1944729,0.0,辽宁对外经贸学院,2020-09-14 19:18:10,4,E,781,79,0.0416666666666666,0.0,0.018348623853211,0.018348623853211,0.0288184438040345,0.0075757575757575,0.0294880178482132
U_30396120,C_735115,1.0,昆明理工大学,2020-06-08 08:27:48,0,A,476,136,0.1388888888888889,0.0,0.5211009174311927,0.5211009174311927,0.8069164265129682,0.2787878787878788,0.0713396576279313
U_30600423,C_1829948,0.0,辽宁对外经贸学院,2020-06-18 14:51:43,4,E,781,61,0.0277777777777777,0.0,0.0220183486238532,0.0220183486238532,0.0086455331412103,0.0022727272727272,0.0613244672442837
U_10407947,C_676646,2.0,天津商业大学,2020-08-17 16:36:12,4,E,316,90,0.0277777777777777,0.0,0.0091743119266055,0.0091743119266055,0.0144092219020172,0.0037878787878787,0.0605726670754819
U_33459871,C_2027893,2.0,辽宁对外经贸学院,2020-09-23 10:45:53,4,E,781,84,0.0416666666666666,0.0,0.0110091743119266,0.0110091743119266,0.0144092219020172,0.0053030303030303,0.0613840934409175
U_30393795,C_674920,0.0,辽宁对外经贸学院,2020-06-07 20:25:56,4,E,781,87,0.0416666666666666,0.0,0.018348623853211,0.018348623853211,0.0201729106628242,0.0053030303030303,0.0610050560479146
U_2596489,C_735164,0.0,云南农业大学,2020-12-01 16:43:24,0,A,105,138,0.125,0.0,0.2862385321100917,0.3339449541284404,0.4178674351585014,0.15,0.0676306457231928
U_32385728,C_697076,1.0,辽宁对外经贸学院,2020-09-10 19:37:54,4,E,781,121,0.0555555555555555,0.0,0.3064220183486238,0.3064220183486238,0.4149855907780979,0.1303030303030303,0.0809262723424193
U_6758626,C_1824911,1.0,重庆三峡医药高等专科学校,2020-06-14 16:45:13,4,E,822,57,0.0416666666666666,0.0,0.0862385321100917,0.0862385321100917,0.0432276657060518,0.0113636363636363,0.0639549036514265
U_32385673,C_697076,2.0,昆明理工大学,2020-09-10 19:34:05,0,A,476,121,0.1527777777777777,0.0,0.5541284403669725,0.5541284403669725,0.8703170028818443,0.2931818181818181,0.0686459897192422
U_33543607,C_697076,2.0,辽宁对外经贸学院,2020-11-14 09:50:27,4,E,781,121,0.0555555555555555,0.0,0.1926605504587156,0.1926605504587156,0.1066282420749279,0.0287878787878787,0.0671001558098035
U_6758611,C_1824911,2.0,重庆三峡医药高等专科学校,2020-06-10 18:32:51,4,E,822,57,0.2638888888888889,0.0,0.0623853211009174,0.0623853211009174,0.0864553314121037,0.0227272727272727,0.0607977312060646
U_30489424,C_1750795,0.0,辽宁对外经贸学院,2020-06-13 14:49:04,4,E,781,18,0.0416666666666666,0.0,0.0055045871559633,0.0055045871559633,0.0086455331412103,0.0045454545454545,0.0612159564806258
U_13535046,C_948120,2.0,中国农业大学,2020-10-08 18:27:18,0,A,67,167,0.0277777777777777,0.0,0.1211009174311926,0.1211009174311926,0.1902017291066282,0.0606060606060606,0.0709675287518972
U_32722395,C_735164,1.0,昆明理工大学,2020-09-15 08:28:50,0,A,476,138,0.125,0.0,0.1871559633027523,0.2770642201834862,0.2219020172910662,0.0689393939393939,0.0667935909883569
U_15297835,C_813262,0.0,华南理工大学,2020-06-06 13:53:27,3,D,211,157,0.0138888888888888,0.0,0.0110091743119266,0.0110091743119266,0.0057636887608069,0.0015151515151515,0.0736276940675443
U_29912806,C_1017355,0.0,华南理工大学,2020-05-10 21:43:52,3,D,211,0,0.1388888888888889,0.0,0.0660550458715596,0.0660550458715596,0.0403458213256484,0.0121212121212121,0.0806097632184112
U_11807920,C_1829948,1.0,北方民族大学,2020-06-05 16:20:16,4,E,190,61,0.0972222222222222,0.0,0.1339449541284403,0.1339449541284403,0.1440922190201729,0.0378787878787878,0.0639930763028926
U_33512653,C_697076,0.0,辽宁对外经贸学院,2020-09-23 18:02:29,4,E,781,121,0.0416666666666666,0.0,0.0091743119266055,0.0091743119266055,0.0028818443804034,0.0007575757575757,0.0607860932025688
U_24757743,C_948436,2.0,西安美术学院,2020-05-26 20:56:19,4,E,727,171,0.0416666666666666,0.0,0.0532110091743119,0.0532110091743119,0.0662824207492795,0.0113636363636363,0.0628431573676967
U_12364041,C_758928,1.0,山西省太谷中学校,2020-06-21 09:53:43,4,E,386,150,0.0416666666666666,0.0,0.0055045871559633,0.0055045871559633,0.0057636887608069,0.0015151515151515,0.0612951840465516
U_30954719,C_735197,0.0,中国医科大学,2020-11-15 23:54:19,2,C,69,141,0.1805555555555555,0.0,0.3376146788990826,0.3376146788990826,0.2190201729106628,0.0575757575757575,0.0808638381679209
U_34269306,C_697076,2.0,辽宁对外经贸学院,2020-11-16 22:13:26,4,E,781,121,0.0416666666666666,0.0,0.0807339449541284,0.0807339449541284,0.0461095100864553,0.0363636363636363,0.0653209824064453
U_32872317,C_735164,1.0,昆明理工大学,2020-09-16 08:18:57,0,A,476,138,0.1111111111111111,0.0,0.2110091743119266,0.2110091743119266,0.2651296829971181,0.0181818181818181,0.0704054577541281
U_30614759,C_677087,1.0,辽宁对外经贸学院,2020-06-19 16:17:00,4,E,781,92,0.0416666666666666,0.0,0.0752293577981651,0.0752293577981651,0.1037463976945244,0.0272727272727272,0.0629135648126752
U_27713042,C_766175,0.0,辽宁对外经贸学院,2020-06-15 12:38:44,4,E,781,151,0.0277777777777777,0.0,0.0055045871559633,0.0055045871559633,0.0086455331412103,0.0022727272727272,0.0612941985305109
U_33456020,C_1992929,1.0,辽宁对外经贸学院,2020-09-23 10:12:58,4,E,781,81,0.0416666666666666,0.0,0.0495412844036697,0.0495412844036697,0.063400576368876,0.0166666666666666,0.0626807502669985
U_29483138,C_801420,0.0,辽宁对外经贸学院,2020-07-08 11:34:55,4,E,781,155,0.0416666666666666,0.0,0.0697247706422018,0.0697247706422018,0.0576368876080691,0.034090909090909,0.0629801589543807
U_16639156,C_696917,1.0,辽宁对外经贸学院,2020-05-27 17:22:20,4,E,781,119,0.0416666666666666,0.0,0.018348623853211,0.018348623853211,0.0201729106628242,0.0053030303030303,0.0621378547371169
U_33896017,C_697076,2.0,辽宁对外经贸学院,2020-11-16 17:30:57,4,E,781,121,0.0277777777777777,0.0,0.0091743119266055,0.0091743119266055,0.0086455331412103,0.003030303030303,0.0598037813270798
U_13386321,C_697107,1.0,昆明理工大学津桥学院,2020-06-23 09:50:39,3,D,480,122,0.1666666666666666,0.0,0.2110091743119266,0.2110091743119266,0.132564841498559,0.0363636363636363,0.0837293226269431
U_1327344,C_735164,0.0,昆明理工大学,2019-10-17 17:42:16,0,A,476,138,0.1111111111111111,0.0,0.1981651376146789,0.2770642201834862,0.2190201729106628,0.0606060606060606,0.0689598047692495
U_33343404,C_697076,2.0,辽宁对外经贸学院,2020-11-30 21:26:31,4,E,781,121,0.0416666666666666,0.0,0.055045871559633,0.055045871559633,0.0864553314121037,0.0272727272727272,0.0616637769504598
U_30598212,C_1829948,0.0,辽宁对外经贸学院,2020-06-18 13:22:33,4,E,781,61,0.0277777777777777,0.0,0.0220183486238532,0.0220183486238532,0.0259365994236311,0.0068181818181818,0.0611203960910707
U_34207209,C_1912004,2.0,辽宁对外经贸学院,2020-10-03 19:03:14,4,E,781,74,0.0277777777777777,0.0,0.0055045871559633,0.0055045871559633,0.0057636887608069,0.0015151515151515,0.0618303786847583
U_889996,C_735164,1.0,云南农业大学,2020-10-19 20:42:11,0,A,105,138,0.1111111111111111,0.0,0.1743119266055046,0.2660550458715596,0.170028818443804,0.0363636363636363,0.058606762318729
U_14946359,C_674920,0.0,西昌民族幼儿师范高等专科学校,2020-06-16 16:23:01,4,E,751,87,0.0555555555555555,0.0,0.2,0.2,0.3141210374639769,0.0848484848484848,0.065794807623665
U_33976943,C_735164,2.0,中国医科大学,2020-09-28 18:12:50,2,C,69,138,0.0138888888888888,0.0,0.0532110091743119,0.0935779816513761,0.0403458213256484,0.0106060606060606,0.0742446617754201
U_33258296,C_2027893,1.0,辽宁对外经贸学院,2020-09-21 14:25:09,4,E,781,84,0.0277777777777777,0.0,0.0055045871559633,0.0055045871559633,0.0057636887608069,0.0015151515151515,0.0612670299827756
U_11534640,C_735197,1.0,辽宁对外经贸学院,2020-11-15 15:47:40,4,E,781,141,0.0416666666666666,0.0,0.0623853211009174,0.0623853211009174,0.0086455331412103,0.0204545454545454,0.0647624869995375
U_26665731,C_1829954,2.0,昆明理工大学,2020-06-18 21:58:53,0,A,476,62,0.1111111111111111,0.0,0.1761467889908257,0.2697247706422018,0.2074927953890489,0.0757575757575757,0.0713365574618937
U_24934,C_747056,2.0,清华大学环境学院,2020-05-04 17:51:27,4,E,613,147,0.0277777777777777,0.0,0.0018348623853211,0.0018348623853211,0.0,0.0,0.0612535893268235
U_10272628,C_1918363,2.0,新乡医学院三全学院,2020-11-14 18:33:57,2,C,461,76,0.0555555555555555,0.0,0.0605504587155963,0.0605504587155963,0.0662824207492795,0.0454545454545454,0.0752297618194062
U_8163345,C_1017355,1.0,华南理工大学,2020-04-17 16:48:44,3,D,211,0,0.1388888888888889,0.0,0.1981651376146789,0.2128440366972477,0.1181556195965417,0.1393939393939394,0.0846797067541184
U_30481754,C_674920,1.0,辽宁对外经贸学院,2020-06-14 23:59:36,4,E,781,87,0.0416666666666666,0.0,0.018348623853211,0.018348623853211,0.0288184438040345,0.0075757575757575,0.0609030179951371
U_30883057,C_749807,2.0,辽宁对外经贸学院,2020-07-13 11:47:49,4,E,781,148,0.0416666666666666,0.0,0.0642201834862385,0.0642201834862385,0.0835734870317002,0.0219696969696969,0.0628695483977516
U_29571305,C_735050,1.0,辽宁对外经贸学院,2020-05-07 11:45:28,4,E,781,135,0.0972222222222222,0.0,0.0568807339449541,0.0568807339449541,0.0172910662824207,0.0045454545454545,0.0637591623373112
U_6855811,C_756642,2.0,华南理工大学,2020-05-11 21:23:49,3,D,211,149,0.1388888888888889,0.0,0.1761467889908257,0.1761467889908257,0.1498559077809798,0.1371212121212121,0.082272244589271
U_31395321,C_801420,0.0,辽宁对外经贸学院,2020-08-29 15:05:57,4,E,781,155,0.0277777777777777,0.0,0.0165137614678899,0.0165137614678899,0.0144092219020172,0.0037878787878787,0.061713003229076
U_29807797,C_735115,0.0,昆明理工大学,2020-06-10 16:40:55,0,A,476,136,0.1388888888888889,0.0,0.5211009174311927,0.5211009174311927,0.6887608069164265,0.2295454545454545,0.0728200711006979
U_30104084,C_747056,0.0,华南理工大学,2020-05-21 14:51:19,3,D,211,147,0.1805555555555555,0.0,0.3467889908256881,0.3467889908256881,0.1613832853025936,0.0454545454545454,0.0875170916251257
U_33554617,C_697076,2.0,辽宁对外经贸学院,2020-11-19 09:50:31,4,E,781,121,0.0416666666666666,0.0,0.0715596330275229,0.0715596330275229,0.0230547550432276,0.0196969696969696,0.0639450088722841
U_2104190,C_1828106,2.0,Huazhong university of Science and Technology,2020-08-29 16:00:40,4,E,18,59,0.0972222222222222,0.0,0.0403669724770642,0.0403669724770642,0.063400576368876,0.0227272727272727,0.0206908489441089
U_13677148,C_682392,1.0,陕西工业职业技术学院,2020-09-01 10:14:08,0,A,876,108,0.1388888888888889,0.0,0.0348623853211009,0.0348623853211009,0.0432276657060518,0.0113636363636363,0.0623527219957006
U_31152266,C_1806527,0.0,昆明理工大学,2020-08-07 16:30:17,0,A,476,53,0.0416666666666666,0.0,0.3027522935779816,0.3027522935779816,0.1585014409221901,0.1015151515151515,0.0754876649292147
U_30385421,C_1750793,2.0,昆明理工大学,2020-06-06 17:33:56,0,A,476,17,0.1111111111111111,0.0,0.2128440366972477,0.273394495412844,0.2161383285302593,0.0818181818181818,0.0706432840698209
U_29772868,C_674959,1.0,辽宁对外经贸学院,2020-05-04 20:57:12,4,E,781,88,0.0277777777777777,0.0,0.0036697247706422,0.0036697247706422,0.0028818443804034,0.0007575757575757,0.0616001344045345
U_29566128,C_697062,0.0,辽宁对外经贸学院,2020-04-30 11:14:47,4,E,781,120,0.0416666666666666,0.0,0.0954128440366972,0.0954128440366972,0.0979827089337175,0.0257575757575757,0.0633475930102812
U_8924018,C_1017355,0.0,广州中医药大学,2020-03-08 16:29:42,1,B,423,0,0.0277777777777777,0.0,0.0513761467889908,0.0513761467889908,0.0806916426512968,0.0189393939393939,0.1171062846594087
U_16292013,C_801420,1.0,辽宁对外经贸学院,2020-08-13 10:59:55,4,E,781,155,0.0277777777777777,0.0,0.0018348623853211,0.0018348623853211,0.0028818443804034,0.0007575757575757,0.0011962918798322
U_4537182,C_735197,0.0,华南理工大学,2020-09-17 15:59:14,3,D,211,141,0.0972222222222222,0.0,0.0440366972477064,0.0440366972477064,0.0662824207492795,0.0234848484848484,0.0007145055198676
U_12321677,C_735164,0.0,武汉科技大学,2020-11-17 13:02:06,0,A,509,138,0.0972222222222222,0.0,0.1357798165137614,0.2532110091743119,0.1873198847262247,0.0446969696969697,0.0498641438716585
U_11346880,C_948120,0.0,中国农业大学,2020-10-03 19:43:07,0,A,67,167,0.1111111111111111,0.0,0.2458715596330275,0.2844036697247706,0.1873198847262247,0.0765151515151515,0.0681527513217232
U_25044086,C_948395,0.0,西安美术学院,2020-05-28 16:16:01,0,A,727,170,0.2083333333333333,0.0,0.110091743119266,0.110091743119266,0.1210374639769452,0.0681818181818181,0.0696665386266422
U_29902781,C_1017355,0.0,华南理工大学,2020-05-09 22:26:24,3,D,211,0,0.1388888888888889,0.0,0.0403669724770642,0.0403669724770642,0.0086455331412103,0.0022727272727272,0.0799351651076927
U_30554197,C_1829948,0.0,华南理工大学,2020-06-16 11:28:26,3,D,211,61,0.2083333333333333,0.0,0.4770642201834862,0.4770642201834862,0.5936599423631124,0.156060606060606,0.0719817039952551
U_30432438,C_1829948,2.0,辽宁对外经贸学院,2020-06-10 11:00:56,4,E,781,61,0.0138888888888888,0.0,0.0073394495412844,0.0073394495412844,0.0057636887608069,0.0015151515151515,0.0606228144896939
U_15084259,C_2141845,0.0,玉林师范学院,2020-11-14 23:56:18,4,E,659,86,0.0416666666666666,0.0,0.018348623853211,0.018348623853211,0.0201729106628242,0.0053030303030303,0.0625085870527315
U_29217081,C_674920,1.0,中国民用航空飞行学院,2020-04-07 00:21:52,4,E,73,87,0.0416666666666666,0.0,0.0678899082568807,0.0678899082568807,0.0518731988472622,0.0348484848484848,0.063835879065887
U_30329065,C_786631,0.0,华南理工大学,2020-06-02 21:42:17,3,D,211,154,0.1388888888888889,0.0,0.0275229357798165,0.0275229357798165,0.0144092219020172,0.0037878787878787,0.0797770714968008
U_22339277,C_735385,1.0,辽宁对外经贸学院,2020-06-09 08:52:41,4,E,781,146,0.0416666666666666,0.0,0.0385321100917431,0.0385321100917431,0.0432276657060518,0.0113636363636363,0.0621879476755679
U_20277169,C_948120,1.0,中国农业大学,2020-10-14 22:46:39,4,E,67,167,0.0138888888888888,0.0,0.0935779816513761,0.0935779816513761,0.1066282420749279,0.0333333333333333,0.0628724009466936
U_26249178,C_735164,2.0,昆明理工大学,2020-09-15 09:05:22,0,A,476,138,0.0972222222222222,0.0,0.0880733944954128,0.1155963302752293,0.1296829971181556,0.0613636363636363,0.0180484489402473
U_29756545,C_1714448,1.0,辽宁对外经贸学院,2020-05-02 10:44:59,4,E,781,8,0.0416666666666666,0.0,0.0348623853211009,0.0348623853211009,0.0230547550432276,0.006060606060606,0.0628925817399894
U_32612159,C_735164,1.0,昆明理工大学,2020-11-28 13:28:02,4,E,476,138,0.0416666666666666,0.0,0.0091743119266055,0.0165137614678899,0.0115273775216138,0.0053030303030303,0.0613646158801732
U_33253975,C_1472684,2.0,辽宁对外经贸学院,2020-10-26 23:16:28,4,E,781,3,0.0277777777777777,0.0,0.0091743119266055,0.0091743119266055,0.0144092219020172,0.0037878787878787,0.0613470499234075
U_30428798,C_674920,0.0,辽宁对外经贸学院,2020-06-11 21:40:30,4,E,781,87,0.0416666666666666,0.0,0.036697247706422,0.036697247706422,0.031700288184438,0.0083333333333333,0.0616232172701915
U_14648680,C_801420,0.0,辽宁对外经贸学院,2020-07-09 15:48:03,4,E,781,155,0.0416666666666666,0.0,0.0752293577981651,0.0752293577981651,0.0864553314121037,0.006060606060606,0.0626376797493803
U_5076478,C_1864065,0.0,华南理工大学,2020-06-22 12:41:35,3,D,211,67,0.0138888888888888,0.0,0.0238532110091743,0.0238532110091743,0.031700288184438,0.0151515151515151,0.0749524504816403
U_30895534,C_674920,0.0,辽宁对外经贸学院,2020-07-07 20:31:24,4,E,781,87,0.0555555555555555,0.0,0.2201834862385321,0.2201834862385321,0.132564841498559,0.0356060606060606,0.0679712925616853
U_6758185,C_1824911,2.0,重庆三峡医药高等专科学校,2020-06-10 18:28:21,4,E,822,57,0.2638888888888889,0.0,0.0862385321100917,0.0862385321100917,0.1268011527377521,0.0333333333333333,0.0641181576025918
U_32904186,C_735164,2.0,昆明理工大学,2020-09-16 20:00:42,2,C,476,138,0.0138888888888888,0.0,0.0605504587155963,0.073394495412844,0.0893371757925072,0.0416666666666666,0.0489883448090164
U_18254732,C_674959,2.0,辽宁对外经贸学院,2020-05-03 08:31:34,4,E,781,88,0.0555555555555555,0.0,0.3486238532110092,0.3486238532110092,0.1296829971181556,0.0371212121212121,0.0742684033025515
U_20274748,C_1714448,1.0,中国医科大学,2020-05-13 19:31:44,3,D,69,8,0.1527777777777777,0.0,0.1449541284403669,0.1449541284403669,0.1729106628242074,0.0454545454545454,0.082033690279317
U_13170800,C_1829948,0.0,北方民族大学,2020-06-04 12:13:09,3,D,190,61,0.1805555555555555,0.0,0.1357798165137614,0.3339449541284404,0.0,0.1295454545454545,0.0639615794083253
U_29786813,C_948120,2.0,辽宁对外经贸学院,2020-09-18 09:29:43,4,E,781,167,0.0416666666666666,0.0,0.0146788990825688,0.0146788990825688,0.0201729106628242,0.0053030303030303,0.061544430462696
U_29934466,C_697062,2.0,昆明理工大学,2020-05-12 08:30:30,0,A,476,120,0.1111111111111111,0.0,0.1889908256880734,0.1889908256880734,0.2536023054755043,0.0734848484848484,0.0673404781058205
U_31100349,C_682392,0.0,中国医科大学,2020-09-24 20:16:41,2,C,69,108,0.0833333333333333,0.0,0.1798165137614679,0.1798165137614679,0.132564841498559,0.0469696969696969,0.0682130956079343
U_27223445,C_735164,1.0,昆明理工大学,2020-09-22 14:43:22,4,E,476,138,0.0416666666666666,0.0,0.0678899082568807,0.0678899082568807,0.031700288184438,0.0507575757575757,0.0608883442060486
U_33509486,C_735164,2.0,昆明理工大学,2020-10-19 20:48:48,0,A,476,138,0.0555555555555555,0.0,0.2862385321100917,0.291743119266055,0.4495677233429394,0.1636363636363636,0.0690294396488896
U_10131497,C_1714448,1.0,中国医科大学,2020-03-18 14:00:47,2,C,69,8,0.0138888888888888,0.0,0.1853211009174312,0.1853211009174312,0.1585014409221901,0.0628787878787878,0.0765521213000162
U_10272779,C_1918363,0.0,新乡医学院三全学院,2020-11-02 08:53:27,4,E,461,76,0.0416666666666666,0.0,0.0715596330275229,0.0715596330275229,0.0605187319884726,0.0325757575757575,0.0615730797606633
U_14380870,C_1750793,2.0,北京体育大学,2020-06-03 11:18:02,0,A,159,17,0.0416666666666666,0.0,0.036697247706422,0.036697247706422,0.0547550432276657,0.0287878787878787,0.0695605139386247
U_18587877,C_1925903,0.0,北京交通大学,2020-09-24 16:35:02,4,E,157,77,0.0555555555555555,0.0,0.0238532110091743,0.0238532110091743,0.0230547550432276,0.006060606060606,0.0642637762642046
U_29932813,C_735115,1.0,昆明理工大学,2020-05-11 23:21:21,0,A,476,136,0.1111111111111111,0.0,0.291743119266055,0.291743119266055,0.409221902017291,0.1401515151515151,0.0665401400339283
U_7299882,C_735164,2.0,盐城工学院,2020-10-26 08:17:10,2,C,671,138,0.0138888888888888,0.0,0.2220183486238532,0.2220183486238532,0.3285302593659942,0.1242424242424242,0.1121277704927491
U_9814036,C_735197,0.0,华南理工大学,2020-09-24 13:50:44,3,D,211,141,0.0277777777777777,0.0,0.1724770642201835,0.2330275229357798,0.0605187319884726,0.1477272727272727,0.0829792607301527
U_901309,C_747056,1.0,辽宁对外经贸学院,2020-06-08 21:38:33,4,E,781,147,0.0416666666666666,0.0,0.0348623853211009,0.0348623853211009,0.0374639769452449,0.0113636363636363,0.062245102653587
U_14650982,C_1736024,2.0,昆明理工大学,2020-04-07 23:16:55,0,A,476,14,0.1111111111111111,0.0,0.181651376146789,0.2678899082568807,0.2046109510086455,0.0636363636363636,0.0673083324544626
U_6758618,C_1824911,1.0,重庆医药高等专科学校,2020-06-10 18:29:02,4,E,834,57,0.0416666666666666,0.0,0.0623853211009174,0.0623853211009174,0.0951008645533141,0.025,0.0625203983881943
U_33343289,C_697076,2.0,辽宁对外经贸学院,2020-11-19 09:42:25,4,E,781,121,0.0416666666666666,0.0,0.018348623853211,0.018348623853211,0.0172910662824207,0.0053030303030303,0.0609895552177266
U_32296561,C_697076,2.0,长沙理工大学,2020-09-09 19:32:57,4,E,862,121,0.0416666666666666,0.0,0.0715596330275229,0.0715596330275229,0.0518731988472622,0.031060606060606,0.0626759068766075
U_30653718,C_747056,1.0,辽宁对外经贸学院,2020-06-22 22:20:39,4,E,781,147,0.0277777777777777,0.0,0.0018348623853211,0.0018348623853211,0.0028818443804034,0.0007575757575757,0.0613028304624654
U_29965429,C_756642,2.0,辽宁对外经贸学院,2020-05-13 18:35:54,4,E,781,149,0.0138888888888888,0.0,0.0091743119266055,0.0091743119266055,0.0115273775216138,0.0045454545454545,0.0610617653151615
U_31250458,C_801420,2.0,辽宁对外经贸学院,2020-08-18 17:58:08,4,E,781,155,0.0277777777777777,0.0,0.0036697247706422,0.0036697247706422,0.0,0.0,0.0569046428434049
U_33220393,C_697076,2.0,辽宁对外经贸学院,2020-11-24 18:04:49,4,E,781,121,0.0555555555555555,0.0,0.1834862385321101,0.1834862385321101,0.2219020172910662,0.0666666666666666,0.0653267667417999
U_26622569,C_1829948,2.0,北方民族大学,2020-06-04 12:14:53,4,E,190,61,0.0416666666666666,0.0,0.0752293577981651,0.0752293577981651,0.0662824207492795,0.0325757575757575,0.0611123089167266
U_15201646,C_735197,0.0,辽宁石油化工大学,2020-09-09 14:02:28,4,E,790,141,0.0138888888888888,0.0,0.0165137614678899,0.0165137614678899,0.0201729106628242,0.006060606060606,0.0692197730056358
U_12754203,C_1912004,0.0,沈阳师范大学,2020-10-15 16:26:27,4,E,538,74,0.0416666666666666,0.0,0.055045871559633,0.055045871559633,0.0576368876080691,0.0401515151515151,0.0625034217601162
U_18624792,C_735164,2.0,平顶山学院,2020-09-19 16:38:32,0,A,398,138,0.1111111111111111,0.0,0.1871559633027523,0.2954128440366972,0.1786743515850144,0.0621212121212121,0.0587724907900703
U_33506043,C_735197,0.0,广州中医药大学,2020-09-23 15:55:55,1,B,423,141,0.1944444444444444,0.0,0.0091743119266055,0.0091743119266055,0.0115273775216138,0.0075757575757575,0.1054943502914558
U_30901231,C_801420,1.0,辽宁对外经贸学院,2020-08-06 17:03:48,4,E,781,155,0.0277777777777777,0.0,0.0128440366972477,0.0128440366972477,0.0086455331412103,0.0022727272727272,0.0616301852152632
U_14236715,C_735164,0.0,河南理工大学,2020-11-10 09:24:22,0,A,576,138,0.0138888888888888,0.0,0.146788990825688,0.2568807339449541,0.1556195965417867,0.0492424242424242,0.067666421441173
U_9804262,C_801420,0.0,楚雄师范学院,2020-08-28 09:03:04,4,E,501,155,0.0277777777777777,0.0,0.0055045871559633,0.0055045871559633,0.0057636887608069,0.0015151515151515,0.0361618648305573
U_30594970,C_1829948,0.0,广州中医药大学,2020-06-18 10:13:06,1,B,423,61,0.0555555555555555,0.0,0.4770642201834862,0.4770642201834862,0.5763688760806917,0.1515151515151515,0.0986603957825258
U_30572197,C_1829948,0.0,辽宁对外经贸学院,2020-06-16 23:33:02,4,E,781,61,0.1666666666666666,0.0,0.091743119266055,0.091743119266055,0.0547550432276657,0.0143939393939393,0.0649692769884609
U_14766333,C_1017355,2.0,广州中医药大学,2020-05-04 21:47:34,0,A,423,0,0.0833333333333333,0.0,0.0825688073394495,0.0825688073394495,0.1095100864553314,0.0356060606060606,0.0676885039337635
U_33748814,C_697076,2.0,辽宁对外经贸学院,2020-11-19 09:04:31,4,E,781,121,0.0416666666666666,0.0,0.0091743119266055,0.0091743119266055,0.0144092219020172,0.0045454545454545,0.0611240212053511
U_11064960,C_676646,2.0,天津商业大学,2020-08-11 07:58:51,4,E,316,90,0.0416666666666666,0.0,0.018348623853211,0.018348623853211,0.0259365994236311,0.0068181818181818,0.062331040642805
U_33329527,C_697076,2.0,辽宁对外经贸学院,2020-11-23 13:15:29,4,E,781,121,0.0416666666666666,0.0,0.073394495412844,0.073394495412844,0.0403458213256484,0.025,0.0628448758303406
U_5977979,C_697076,0.0,辽宁经济职业技术学院,2020-09-27 19:39:28,0,A,794,121,0.0833333333333333,0.0,0.0091743119266055,0.0091743119266055,0.0086455331412103,0.0022727272727272,0.0657581801028757
U_33594548,C_2027893,1.0,辽宁对外经贸学院,2020-11-03 09:57:46,4,E,781,84,0.0277777777777777,0.0,0.0055045871559633,0.0055045871559633,0.0028818443804034,0.0007575757575757,0.0613010426670348
U_26690752,C_674920,2.0,绥化学院,2020-04-13 18:18:09,4,E,686,87,0.0416666666666666,0.0,0.0752293577981651,0.0752293577981651,0.0461095100864553,0.0303030303030303,0.0625613641604994
U_1057909,C_735164,2.0,昆明理工大学,2020-09-24 10:36:56,2,C,476,138,0.1388888888888889,0.0,0.2091743119266055,0.2091743119266055,0.2190201729106628,0.0159090909090909,0.0814078826411263
U_31683167,C_682392,0.0,昆明理工大学,2020-10-14 17:14:32,0,A,476,108,0.1388888888888889,0.0,0.4495412844036697,0.4495412844036697,0.7002881844380403,0.2446969696969697,0.0623273164816864
U_33588117,C_1912004,0.0,天津职业技术师范大学,2020-11-10 20:38:44,4,E,326,74,0.0416666666666666,0.0,0.055045871559633,0.055045871559633,0.0691642651296829,0.0356060606060606,0.0613343422140585
U_30318397,C_676635,2.0,华南理工大学,2020-06-02 10:37:21,3,D,211,89,0.125,0.0,0.018348623853211,0.018348623853211,0.0086455331412103,0.0022727272727272,0.0773719765513879
U_6872266,C_756642,2.0,辽宁对外经贸学院,2020-05-11 19:31:13,4,E,781,149,0.0277777777777777,0.0,0.0091743119266055,0.0091743119266055,0.0028818443804034,0.0015151515151515,0.0618142786211988
U_19140875,C_735186,1.0,辽宁对外经贸学院,2020-07-13 23:18:15,4,E,781,139,0.0277777777777777,0.0,0.0073394495412844,0.0073394495412844,0.0086455331412103,0.0022727272727272,0.061261136695899
U_30143884,C_766175,0.0,昆明理工大学,2020-05-28 15:33:44,0,A,476,151,0.0138888888888888,0.0,0.1431192660550458,0.1431192660550458,0.1959654178674351,0.053030303030303,0.0641789773136266
U_33230626,C_1912004,2.0,辽宁对外经贸学院,2020-09-21 21:31:52,4,E,781,74,0.0277777777777777,0.0,0.0055045871559633,0.0055045871559633,0.0086455331412103,0.0022727272727272,0.0617963660004992
U_13386334,C_697107,1.0,昆明理工大学津桥学院,2020-03-14 10:08:25,3,D,480,122,0.0138888888888888,0.0,0.163302752293578,0.236697247706422,0.0835734870317002,0.1393939393939394,0.0807683520634944
U_20263246,C_948120,0.0,中国农业大学,2020-10-05 08:16:35,0,A,67,167,0.0138888888888888,0.0,0.0844036697247706,0.0844036697247706,0.0979827089337175,0.0265151515151515,0.0684746485937328
U_33220186,C_697076,2.0,辽宁对外经贸学院,2020-09-21 10:33:19,0,A,781,121,0.1111111111111111,0.0,0.1981651376146789,0.2844036697247706,0.2219020172910662,0.0628787878787878,0.0690746991016334
U_14039265,C_735385,0.0,内蒙古科技大学,2020-06-19 08:54:51,4,E,148,146,0.0416666666666666,0.0,0.0311926605504587,0.0311926605504587,0.0201729106628242,0.0053030303030303,0.0620154477020509
U_19187938,C_1738818,2.0,安徽工业大学,2020-06-15 19:11:13,4,E,344,15,0.0277777777777777,0.0,0.0055045871559633,0.0055045871559633,0.0057636887608069,0.003030303030303,0.0613160532153734
U_5644422,C_1017355,0.0,广州中医药大学,2020-03-07 14:02:30,2,C,423,0,0.0277777777777777,0.0,0.1853211009174312,0.1853211009174312,0.1585014409221901,0.0628787878787878,0.0769421578444081
U_14911720,C_674920,0.0,西昌民族幼儿师范高等专科学校,2020-06-13 20:09:03,4,E,751,87,0.0416666666666666,0.0,0.018348623853211,0.018348623853211,0.0288184438040345,0.0075757575757575,0.0619199467405986
U_20463926,C_674920,1.0,西安美术学院,2020-05-16 08:13:20,4,E,727,87,0.0416666666666666,0.0,0.0036697247706422,0.0036697247706422,0.0028818443804034,0.0007575757575757,0.0598508830510153
U_30562713,C_1829948,0.0,辽宁对外经贸学院,2020-06-16 16:36:08,4,E,781,61,0.0138888888888888,0.0,0.0018348623853211,0.0018348623853211,0.0,0.0,0.0604645772608866
U_11688416,C_948109,0.0,西京学院,2020-09-03 08:52:27,0,A,701,165,0.3194444444444444,0.0,0.5522935779816514,0.5522935779816514,0.8587896253602305,1.0,0.0830774854796572
U_22116919,C_948078,0.0,重庆大学,2020-02-17 22:15:57,4,E,835,164,0.0277777777777777,0.0,0.0862385321100917,0.0862385321100917,0.0518731988472622,0.0318181818181818,0.0647186538212646
U_29909703,C_1808023,2.0,辽宁对外经贸学院,2020-08-02 12:18:04,4,E,781,54,0.0416666666666666,0.0,0.0146788990825688,0.0146788990825688,0.0201729106628242,0.0053030303030303,0.0613864458033262
U_33007341,C_735164,2.0,昆明理工大学,2020-09-17 10:14:39,0,A,476,138,0.0138888888888888,0.0,0.0990825688073394,0.0990825688073394,0.1556195965417867,0.0742424242424242,0.0694151230847399
U_32536556,C_1912004,2.0,辽宁对外经贸学院,2020-10-09 20:01:13,4,E,781,74,0.0277777777777777,0.0,0.0091743119266055,0.0091743119266055,0.0086455331412103,0.0022727272727272,0.0619472093828303
U_31130884,C_801420,1.0,辽宁对外经贸学院,2020-08-12 23:37:55,4,E,781,155,0.0416666666666666,0.0,0.0697247706422018,0.0697247706422018,0.0461095100864553,0.0333333333333333,0.0625548617355675
U_29214819,C_735385,1.0,华南理工大学,2020-04-06 20:32:57,3,D,211,146,0.0138888888888888,0.0,0.2,0.2348623853211009,0.1181556195965417,0.1295454545454545,0.0854764395210978
U_9080783,C_735197,1.0,辽宁对外经贸学院,2020-09-14 17:27:23,4,E,781,141,0.0277777777777777,0.0,0.0091743119266055,0.0091743119266055,0.0144092219020172,0.0037878787878787,0.0572912259106819
U_13130425,C_682392,2.0,陕西工业职业技术学院,2020-09-01 11:12:11,4,E,876,108,0.0138888888888888,0.0,0.018348623853211,0.018348623853211,0.0201729106628242,0.0053030303030303,0.0588443195571779
U_33793324,C_1472684,1.0,辽宁对外经贸学院,2020-09-26 16:11:10,4,E,781,3,0.0416666666666666,0.0,0.0275229357798165,0.0275229357798165,0.031700288184438,0.0083333333333333,0.061897185777166
U_33967207,C_2027893,1.0,辽宁对外经贸学院,2020-11-20 12:23:44,4,E,781,84,0.0416666666666666,0.0,0.0256880733944954,0.0256880733944954,0.0374639769452449,0.0121212121212121,0.0617117849529653
U_32577821,C_735164,2.0,昆明理工大学,2020-12-07 14:20:56,3,D,476,138,0.1666666666666666,0.0,0.2862385321100917,0.4348623853211009,0.3141210374639769,0.1106060606060606,0.0877547049901162
U_13072273,C_801420,0.0,南京邮电大学通达学院,2020-09-01 09:37:23,4,E,229,155,0.0277777777777777,0.0,0.0018348623853211,0.0018348623853211,0.0028818443804034,0.0007575757575757,0.0611950179790172
U_5075988,C_1864065,2.0,湖北理工学院,2020-06-22 14:17:04,4,E,631,67,0.0416666666666666,0.0,0.0899082568807339,0.0899082568807339,0.0835734870317002,0.0378787878787878,0.0593617798589938
U_11138946,C_948120,0.0,中国农业大学,2020-09-25 07:45:41,4,E,67,167,0.0416666666666666,0.0,0.0385321100917431,0.0385321100917431,0.0432276657060518,0.0121212121212121,0.0055814132399892
U_31070550,C_735115,2.0,昆明理工大学,2020-07-27 11:55:12,0,A,476,136,0.125,0.0,0.5211009174311927,0.5211009174311927,0.5590778097982708,0.1712121212121212,0.0744651647991009
U_30591595,C_1829948,0.0,辽宁对外经贸学院,2020-06-17 22:57:15,4,E,781,61,0.0416666666666666,0.0,0.0073394495412844,0.0073394495412844,0.0028818443804034,0.0007575757575757,0.0612713880436592
U_30326840,C_676635,2.0,辽宁对外经贸学院,2020-06-02 19:13:54,4,E,781,89,0.0416666666666666,0.0,0.0275229357798165,0.0275229357798165,0.0403458213256484,0.0106060606060606,0.0613309250981384
U_30588544,C_1806527,1.0,昆明理工大学,2020-06-22 20:44:13,0,A,476,53,0.0138888888888888,0.0,0.0091743119266055,0.0091743119266055,0.0057636887608069,0.0151515151515151,0.0745242709998337
U_7751078,C_1017355,2.0,广州中医药大学,2020-04-30 19:02:16,3,D,423,0,0.1388888888888889,0.0,0.0642201834862385,0.0642201834862385,0.0489913544668587,0.0166666666666666,0.0800081329134403
U_33329155,C_697076,2.0,辽宁对外经贸学院,2020-11-22 14:54:06,4,E,781,121,0.0416666666666666,0.0,0.0110091743119266,0.0110091743119266,0.0144092219020172,0.0045454545454545,0.0602374281943585
U_30114458,C_747056,0.0,辽宁对外经贸学院,2020-05-22 09:33:58,4,E,781,147,0.0555555555555555,0.0,0.2201834862385321,0.2201834862385321,0.0979827089337175,0.0257575757575757,0.0691555114169714
U_15064861,C_677087,0.0,辽宁对外经贸学院,2020-07-05 15:14:15,4,E,781,92,0.0416666666666666,0.0,0.073394495412844,0.073394495412844,0.0691642651296829,0.0181818181818181,0.0627304668274641
U_30596818,C_1829948,2.0,辽宁对外经贸学院,2020-06-18 11:49:47,4,E,781,61,0.125,0.0,0.073394495412844,0.073394495412844,0.0893371757925072,0.0234848484848484,0.0634100172800958
U_12696202,C_948387,2.0,深圳信息职业技术学院,2020-10-20 09:04:44,4,E,610,169,0.0416666666666666,0.0,0.073394495412844,0.073394495412844,0.0662824207492795,0.0174242424242424,0.0632852826443306
U_33555031,C_697076,2.0,辽宁对外经贸学院,2020-11-12 09:18:06,4,E,781,121,0.0416666666666666,0.0,0.0275229357798165,0.0275229357798165,0.0086455331412103,0.0022727272727272,0.0614722748410221
U_30583164,C_1829948,0.0,辽宁对外经贸学院,2020-06-17 15:18:58,4,E,781,61,0.0416666666666666,0.0,0.0422018348623853,0.0422018348623853,0.0403458213256484,0.0106060606060606,0.0619122656582914
U_30631204,C_1829948,0.0,辽宁对外经贸学院,2020-06-20 22:19:59,4,E,781,61,0.3055555555555555,0.0,0.3596330275229358,0.3596330275229358,0.3285302593659942,0.0863636363636363,0.0740725728462818
U_27894649,C_735283,1.0,辽宁对外经贸学院,2020-04-19 21:50:58,4,E,781,143,0.0416666666666666,0.0,0.0715596330275229,0.0715596330275229,0.0518731988472622,0.034090909090909,0.0632438463995437
U_33782982,C_1992929,0.0,辽宁对外经贸学院,2020-09-25 22:05:26,4,E,781,81,0.0416666666666666,0.0,0.0697247706422018,0.0697247706422018,0.0518731988472622,0.0303030303030303,0.0621631265378995
U_29666717,C_1714448,2.0,辽宁对外经贸学院,2020-04-26 19:48:13,4,E,781,8,0.0416666666666666,0.0,0.0660550458715596,0.0660550458715596,0.0605187319884726,0.0318181818181818,0.0622442855171713
U_29797677,C_823315,0.0,辽宁对外经贸学院,2020-05-06 15:15:49,4,E,781,158,0.0416666666666666,0.0,0.0091743119266055,0.0091743119266055,0.0028818443804034,0.0007575757575757,0.0612099344328595
U_4179582,C_735164,0.0,鲁东大学,2020-12-04 20:08:02,0,A,900,138,0.125,0.0,0.2862385321100917,0.2935779816513761,0.4495677233429394,0.1636363636363636,0.0671106547746593
U_6773857,C_1824911,2.0,医专,2020-06-03 19:59:55,4,E,193,57,0.0555555555555555,0.0,0.0477064220183486,0.0477064220183486,0.0518731988472622,0.0242424242424242,0.0587497496360053
U_12981374,C_1829948,2.0,北方民族大学,2020-06-12 10:40:07,3,D,190,61,0.4027777777777777,0.0,0.4770642201834862,0.4770642201834862,0.5907780979827089,0.1553030303030303,0.0766003917766432
U_6758754,C_1824911,2.0,重庆三峡医药高等专科学校,2020-06-02 10:23:16,4,E,822,57,0.0416666666666666,0.0,0.0770642201834862,0.0770642201834862,0.0461095100864553,0.0265151515151515,0.0651780479141495
U_25560149,C_1829948,1.0,北方民族大学,2020-06-16 18:15:08,4,E,190,61,0.0416666666666666,0.0,0.0018348623853211,0.0018348623853211,0.0,0.0,0.0609653976938745
U_14682353,C_1714448,0.0,中国医科大学,2020-06-14 20:44:43,0,A,69,8,0.0972222222222222,0.0,0.1431192660550458,0.1431192660550458,0.2190201729106628,0.0575757575757575,0.0669346435907258
U_6220251,C_1829948,0.0,北方民族大学,2020-06-17 11:23:13,4,E,190,61,0.0277777777777777,0.0,0.0220183486238532,0.0220183486238532,0.0057636887608069,0.0015151515151515,0.0612447444441667
U_22874333,C_936971,2.0,中国医科大学,2020-07-19 20:23:40,2,C,69,162,0.1527777777777777,0.0,0.1486238532110091,0.1486238532110091,0.1469740634005763,0.0825757575757575,0.0763575635956182
U_31683211,C_682392,0.0,昆明理工大学,2020-09-15 20:25:21,0,A,476,108,0.0416666666666666,0.0,0.073394495412844,0.073394495412844,0.1095100864553314,0.0333333333333333,0.0485897230607672
U_22872698,C_948136,0.0,辽宁对外经贸学院,2020-05-17 16:56:50,4,E,781,168,0.0416666666666666,0.0,0.0770642201834862,0.0770642201834862,0.0432276657060518,0.0113636363636363,0.0638661180656084
U_29986427,C_756642,2.0,辽宁对外经贸学院,2020-05-14 22:19:06,4,E,781,149,0.0138888888888888,0.0,0.0642201834862385,0.0642201834862385,0.0518731988472622,0.0303030303030303,0.0610784002316476
U_29569080,C_948488,0.0,华南理工大学,2020-04-22 14:09:56,3,D,211,172,0.1666666666666666,0.0,0.1853211009174312,0.2256880733944954,0.1210374639769452,0.1439393939393939,0.0843895688507975
U_7592356,C_1732845,0.0,铜仁学院,2020-04-13 14:15:44,0,A,850,13,0.0555555555555555,0.0,0.1871559633027523,0.2715596330275229,0.2132564841498559,0.0553030303030303,0.0665475190233788
U_16624712,C_801420,2.0,辽宁对外经贸学院,2020-08-02 23:23:13,4,E,781,155,0.0277777777777777,0.0,0.0036697247706422,0.0036697247706422,0.0,0.0,0.0613551222407258
U_30994227,C_677087,0.0,辽宁对外经贸学院,2020-08-20 01:37:17,4,E,781,92,0.0138888888888888,0.0,0.0678899082568807,0.0678899082568807,0.0691642651296829,0.0181818181818181,0.102861868677155
U_20992774,C_1732845,2.0,铜仁学院,2020-03-25 21:15:04,3,D,850,13,0.0138888888888888,0.0,0.163302752293578,0.2220183486238532,0.1181556195965417,0.1212121212121212,0.0768836855434401
U_30894516,C_707035,2.0,辽宁对外经贸学院,2020-07-20 09:18:07,4,E,781,130,0.0416666666666666,0.0,0.0348623853211009,0.0348623853211009,0.031700288184438,0.009090909090909,0.0630918639785726
U_31462706,C_1755893,1.0,辽宁对外经贸学院,2020-09-29 19:24:56,4,E,781,19,0.0416666666666666,0.0,0.0587155963302752,0.0587155963302752,0.0345821325648414,0.0272727272727272,4.231257452782936e-05
U_16477390,C_735283,2.0,辽宁对外经贸学院,2020-06-01 23:07:47,4,E,781,143,0.0277777777777777,0.0,0.0128440366972477,0.0128440366972477,0.0115273775216138,0.003030303030303,0.0620349252627951
U_30202828,C_735283,2.0,辽宁对外经贸学院,2020-05-27 13:11:51,4,E,781,143,0.0277777777777777,0.0,0.0036697247706422,0.0036697247706422,0.0028818443804034,0.0007575757575757,0.0617598573359158
U_26340313,C_674959,0.0,辽宁对外经贸学院,2020-07-17 01:28:09,4,E,781,88,0.0277777777777777,0.0,0.0844036697247706,0.0844036697247706,0.0778097982708933,0.0742424242424242,0.0713531081885673
U_33329481,C_697076,2.0,辽宁对外经贸学院,2020-11-03 10:04:51,4,E,781,121,0.0416666666666666,0.0,0.073394495412844,0.073394495412844,0.0864553314121037,0.0265151515151515,0.0639235157083812
U_30354806,C_1829948,0.0,中国医科大学,2020-06-04 16:32:34,2,C,69,61,0.125,0.0,0.1376146788990825,0.1376146788990825,0.1757925072046109,0.0462121212121212,0.0776534528087027
U_33554609,C_697076,2.0,辽宁对外经贸学院,2020-11-18 19:09:07,4,E,781,121,0.0138888888888888,0.0,0.1834862385321101,0.1834862385321101,0.1815561959654178,0.0515151515151515,0.0652098518539154
U_21147604,C_948395,1.0,西安美术学院,2020-05-11 13:14:26,0,A,727,170,0.125,0.0,0.1834862385321101,0.2495412844036697,0.2276657060518732,0.0674242424242424,0.0603810510621802
U_7502031,C_1472684,0.0,蚌埠医学院,2020-09-10 22:26:56,4,E,700,3,0.0416666666666666,0.0,0.0091743119266055,0.0091743119266055,0.0086455331412103,0.0022727272727272,0.0613626299910661
U_7709591,C_1731884,0.0,保山学院,2020-04-03 08:43:20,0,A,127,11,0.0277777777777777,0.0,0.1688073394495413,0.2678899082568807,0.2190201729106628,0.0553030303030303,0.0619225417677611
U_16608543,C_948436,2.0,辽宁对外经贸学院,2020-04-22 15:36:41,4,E,781,171,0.0416666666666666,0.0,0.0697247706422018,0.0697247706422018,0.0489913544668587,0.0333333333333333,0.0624942153564997
U_5471540,C_697267,0.0,电子科技大学中山学院,2020-06-01 11:45:17,4,E,667,126,0.0277777777777777,0.0,0.0018348623853211,0.0018348623853211,0.0,0.0,0.0612535893268235
U_29793919,C_766175,2.0,中国医科大学,2020-05-06 12:27:01,2,C,69,151,0.0138888888888888,0.0,0.0788990825688073,0.0788990825688073,0.0835734870317002,0.0219696969696969,0.0731722915622414
U_13816503,C_697367,1.0,辽宁对外经贸学院,2020-05-16 14:29:51,4,E,781,127,0.0416666666666666,0.0,0.0275229357798165,0.0275229357798165,0.0374639769452449,0.0098484848484848,0.0618315127710564
U_24139956,C_948120,0.0,中国农业大学,2020-09-24 15:28:47,0,A,67,167,0.0972222222222222,0.0,0.2238532110091743,0.2678899082568807,0.2219020172910662,0.0825757575757575,0.0703495804803226
U_7751190,C_1017355,1.0,昆明理工大学,2020-05-01 10:04:53,0,A,476,0,0.0972222222222222,0.0,0.0825688073394495,0.0825688073394495,0.1152737752161383,0.0393939393939393,0.0681219428026818
U_8934376,C_735197,2.0,华南理工大学,2020-10-14 20:08:50,3,D,211,141,0.1527777777777777,0.0,0.0091743119266055,0.0091743119266055,0.0144092219020172,0.0037878787878787,0.0879849690797076
U_7872899,C_1829948,0.0,北方民族大学,2020-06-08 15:15:47,4,E,190,61,0.0416666666666666,0.0,0.0605504587155963,0.0605504587155963,0.0489913544668587,0.0333333333333333,0.06445654122083
U_30653126,C_674920,0.0,辽宁对外经贸学院,2020-06-22 21:24:07,4,E,781,87,0.0416666666666666,0.0,0.018348623853211,0.018348623853211,0.0230547550432276,0.006060606060606,0.0609710433636554
U_33121851,C_735164,2.0,昆明理工大学,2020-09-18 18:27:49,4,E,476,138,0.0416666666666666,0.0,0.0715596330275229,0.0715596330275229,0.0461095100864553,0.0265151515151515,0.0624349556331676
U_11286421,C_697766,0.0,武汉职业技术学院,2020-07-14 09:34:24,1,B,511,128,0.2222222222222222,0.0,0.1045871559633027,0.1045871559633027,0.1210374639769452,0.0325757575757575,0.1144948058171093
U_33311454,C_1912004,0.0,辽宁对外经贸学院,2020-09-21 19:31:31,4,E,781,74,0.0416666666666666,0.0,0.0055045871559633,0.0055045871559633,0.0028818443804034,0.0007575757575757,0.0566764566464282
U_6758195,C_1824911,2.0,重庆三峡医药高等专科学校,2020-06-10 18:41:40,4,E,822,57,0.375,0.0,0.0623853211009174,0.0623853211009174,0.0979827089337175,0.0257575757575757,0.0585434152625379
U_29905249,C_756642,0.0,辽宁对外经贸学院,2020-05-10 09:47:57,4,E,781,149,0.0416666666666666,0.0,0.0642201834862385,0.0642201834862385,0.0461095100864553,0.0333333333333333,0.0627641031337379
U_33217521,C_697076,1.0,辽宁对外经贸学院,2020-10-08 18:32:29,0,A,781,121,0.0833333333333333,0.0,0.2055045871559633,0.2788990825688073,0.1815561959654178,0.0318181818181818,0.0694865160457591
U_31227072,C_825821,1.0,辽宁对外经贸学院,2020-08-30 10:23:19,4,E,781,159,0.0416666666666666,0.0,0.0073394495412844,0.0073394495412844,0.0086455331412103,0.0045454545454545,0.1401584798245951
U_31109259,C_697076,0.0,湖南师大附属颐华学校,2020-09-01 11:26:29,4,E,643,121,0.0277777777777777,0.0,0.0091743119266055,0.0091743119266055,0.0086455331412103,0.0022727272727272,0.0026425741431703
U_29954898,C_756642,2.0,辽宁对外经贸学院,2020-05-13 09:24:26,4,E,781,149,0.0416666666666666,0.0,0.0091743119266055,0.0091743119266055,0.0057636887608069,0.0015151515151515,0.0614015504461611
U_32134000,C_697076,2.0,广州中医药大学,2020-09-07 19:32:38,1,B,423,121,0.2777777777777778,0.0,0.018348623853211,0.018348623853211,0.0288184438040345,0.009090909090909,0.132511584171906
U_20432131,C_948395,2.0,西安美术学院,2020-02-17 17:48:07,0,A,727,170,0.1111111111111111,0.0,0.1944954128440367,0.2788990825688073,0.2046109510086455,0.0621212121212121,0.0690283402289849
U_33345051,C_2059281,1.0,辽宁对外经贸学院,2020-09-22 10:07:31,4,E,781,85,0.0416666666666666,0.0,0.0091743119266055,0.0091743119266055,0.0086455331412103,0.0022727272727272,0.0618408677449303
U_5211394,C_735164,0.0,重庆科技学院,2020-10-18 20:21:00,2,C,845,138,0.0833333333333333,0.0,0.0055045871559633,0.0055045871559633,0.0086455331412103,0.0045454545454545,0.0701750401419373
U_29768524,C_1714448,2.0,辽宁对外经贸学院,2020-05-03 12:00:17,4,E,781,8,0.0277777777777777,0.0,0.0091743119266055,0.0091743119266055,0.0086455331412103,0.0022727272727272,0.0620067513896514
U_29792970,C_1992917,1.0,辽宁农业职业技术学院,2020-09-07 10:00:06,4,E,772,80,0.0416666666666666,0.0,0.0513761467889908,0.0513761467889908,0.0576368876080691,0.0272727272727272,0.0629838880678412
U_10244992,C_735197,0.0,华南理工大学,2020-09-27 22:45:42,0,A,211,141,0.0833333333333333,0.0,0.0091743119266055,0.0091743119266055,0.0086455331412103,0.0022727272727272,0.0688350552764586
U_11540712,C_707079,1.0,中国农业大学,2020-04-10 14:28:51,3,D,67,132,0.1805555555555555,0.0,0.1944954128440367,0.236697247706422,0.1123919308357348,0.1371212121212121,0.0802390110934289
U_14749864,C_1918363,2.0,新乡医学院三全学院,2020-10-30 07:54:05,4,E,461,76,0.0416666666666666,0.0,0.0788990825688073,0.0788990825688073,0.0576368876080691,0.0333333333333333,0.0665742170986324
U_16478800,C_682556,2.0,辽宁对外经贸学院,2020-05-03 15:29:16,4,E,781,112,0.0277777777777777,0.0,0.0385321100917431,0.0385321100917431,0.0403458213256484,0.0128787878787878,0.0680029825975873
U_31067206,C_682392,0.0,昆明理工大学,2020-08-19 10:24:57,0,A,476,108,0.0972222222222222,0.0,0.4495412844036697,0.4495412844036697,0.6829971181556196,0.2371212121212121,0.062726772380397
U_33748816,C_697076,2.0,辽宁对外经贸学院,2020-11-30 22:10:07,4,E,781,121,0.0416666666666666,0.0,0.110091743119266,0.110091743119266,0.1152737752161383,0.0333333333333333,0.0657119054200397
U_11066399,C_676646,2.0,天津商业大学,2020-08-11 00:25:40,4,E,316,90,0.0416666666666666,0.0,0.0422018348623853,0.0422018348623853,0.0605187319884726,0.0159090909090909,0.0624865590359021
U_23396884,C_948436,0.0,西安美术学院,2020-05-20 18:11:43,4,E,727,171,0.0416666666666666,0.0,0.0036697247706422,0.0036697247706422,0.0057636887608069,0.0,0.0620165916930328
U_30111627,C_1750793,0.0,昆明理工大学,2020-05-23 20:44:31,0,A,476,17,0.0833333333333333,0.0,0.0128440366972477,0.0128440366972477,0.0172910662824207,0.009090909090909,0.0694728327250532
U_16702327,C_1844112,2.0,内蒙古大学,2020-08-19 09:11:38,0,A,145,63,0.0416666666666666,0.0,0.0256880733944954,0.2073394495412844,0.0403458213256484,0.0795454545454545,0.1057850032383356
U_33329646,C_697076,2.0,辽宁对外经贸学院,2020-11-04 13:48:21,4,E,781,121,0.0416666666666666,0.0,0.091743119266055,0.091743119266055,0.0518731988472622,0.0234848484848484,0.0622052610628961
U_28144819,C_680814,0.0,辽宁对外经贸学院,2020-07-23 05:52:31,4,E,781,96,0.0277777777777777,0.0,0.0110091743119266,0.0110091743119266,0.0086455331412103,0.0022727272727272,0.0614988540600697
U_5442608,C_2141845,0.0,昆明理工大学,2020-09-11 13:41:38,0,A,476,86,0.0972222222222222,0.0,0.055045871559633,0.055045871559633,0.0806916426512968,0.0212121212121212,0.0688121308857428
U_2527260,C_680979,2.0,西安交通大学,2020-07-21 16:45:23,4,E,715,100,0.0138888888888888,0.0,0.0715596330275229,0.0715596330275229,0.0864553314121037,0.028030303030303,0.0615583514958137
U_13123913,C_801420,0.0,南京邮电大学通达学院,2020-09-01 09:41:10,4,E,229,155,0.0277777777777777,0.0,0.0018348623853211,0.0018348623853211,0.0028818443804034,0.0007575757575757,0.0611950179790172
U_32742368,C_735164,0.0,昆明理工大学,2020-11-03 14:20:49,4,E,476,138,0.0416666666666666,0.0,0.0752293577981651,0.0752293577981651,0.0662824207492795,0.0325757575757575,0.0610017875022519
U_4516938,C_735197,1.0,华南理工大学,2020-09-27 22:30:14,3,D,211,141,0.1527777777777777,0.0,0.2128440366972477,0.2128440366972477,0.1383285302593659,0.0962121212121212,0.0907719886334587
U_19749598,C_1829948,0.0,北方民族大学,2020-06-17 11:15:55,4,E,190,61,0.0138888888888888,0.0,0.0311926605504587,0.0311926605504587,0.0403458213256484,0.0106060606060606,0.0610814013508469
U_33454946,C_697076,2.0,辽宁对外经贸学院,2020-11-23 11:43:30,4,E,781,121,0.0416666666666666,0.0,0.0807339449541284,0.0807339449541284,0.0662824207492795,0.0318181818181818,0.0617703612531135
U_30978353,C_1789695,0.0,辽宁对外经贸学院,2020-07-18 23:13:33,4,E,781,52,0.0277777777777777,0.0,0.0018348623853211,0.0018348623853211,0.0028818443804034,0.0007575757575757,0.0612276638169084
U_33366259,C_697076,2.0,辽宁对外经贸学院,2020-10-02 18:41:40,4,E,781,121,0.0416666666666666,0.0,0.036697247706422,0.036697247706422,0.031700288184438,0.0083333333333333,0.200300534677078
U_30825892,C_735115,2.0,辽宁对外经贸学院,2020-07-02 22:10:19,4,E,781,136,0.0833333333333333,0.0,0.5211009174311927,0.5211009174311927,0.4121037463976945,0.1333333333333333,0.0766155459428973
U_6766234,C_1824911,2.0,重庆三峡医专,2020-06-10 22:06:28,0,A,814,57,0.1111111111111111,0.0,0.1853211009174312,0.2788990825688073,0.2103746397694524,0.0628787878787878,0.0696155542666468
U_33329514,C_697076,2.0,辽宁对外经贸学院,2020-11-03 09:54:39,4,E,781,121,0.0416666666666666,0.0,0.0899082568807339,0.0899082568807339,0.0547550432276657,0.025,0.062140360622125
U_33549834,C_2027893,1.0,辽宁对外经贸学院,2020-09-24 09:13:15,4,E,781,84,0.0416666666666666,0.0,0.0110091743119266,0.0110091743119266,0.0144092219020172,0.0053030303030303,0.0613840934409175
U_30262754,C_766175,2.0,昆明理工大学,2020-05-28 21:19:13,0,A,476,151,0.0972222222222222,0.0,0.0110091743119266,0.0110091743119266,0.0172910662824207,0.0045454545454545,0.0608048081026584
U_34320024,C_1472684,1.0,辽宁对外经贸学院,2020-10-06 11:30:30,4,E,781,3,0.0277777777777777,0.0,0.0091743119266055,0.0091743119266055,0.0115273775216138,0.003030303030303,0.0613810626076666
U_25258004,C_735186,1.0,中国医科大学,2020-05-27 22:11:10,2,C,69,139,0.125,0.0,0.0403669724770642,0.0403669724770642,0.0259365994236311,0.0068181818181818,0.076023334992245
U_30888046,C_697766,0.0,辽宁对外经贸学院,2020-07-08 07:34:27,4,E,781,128,0.0416666666666666,0.0,0.018348623853211,0.018348623853211,0.0144092219020172,0.0045454545454545,0.0616163384672742
U_5504187,C_735164,0.0,楚雄师范学院,2020-10-13 15:39:01,0,A,501,138,0.1111111111111111,0.0,0.1889908256880734,0.1889908256880734,0.2968299711815562,0.1196969696969696,0.0636963270231178
U_33526168,C_1992929,0.0,中国医科大学,2020-09-23 23:15:50,2,C,69,81,0.1388888888888889,0.0,0.1944954128440367,0.1944954128440367,0.1585014409221901,0.0666666666666666,0.0800815068112247
U_30077902,C_1944729,2.0,辽宁对外经贸学院,2020-09-15 20:44:54,4,E,781,79,0.0416666666666666,0.0,0.0036697247706422,0.0036697247706422,0.0,0.0,0.0613610848603892
U_30155840,C_696596,1.0,辽宁对外经贸学院,2020-05-24 22:43:52,4,E,781,117,0.0416666666666666,0.0,0.0220183486238532,0.0220183486238532,0.0201729106628242,0.006060606060606,0.0614106825646489
U_32237202,C_697076,2.0,辽宁对外经贸学院,2020-09-08 19:26:23,4,E,781,121,0.0416666666666666,0.0,0.018348623853211,0.018348623853211,0.0201729106628242,0.0053030303030303,0.0609591230766706
U_5740489,C_735197,1.0,华南理工大学,2020-09-09 07:59:09,3,D,211,141,0.1666666666666666,0.0,0.2073394495412844,0.2697247706422018,0.1181556195965417,0.1606060606060606,0.0900447471282039
U_15174907,C_676635,2.0,辽宁对外经贸学院,2020-06-23 05:24:14,4,E,781,89,0.0416666666666666,0.0,0.0091743119266055,0.0091743119266055,0.0144092219020172,0.0037878787878787,0.0617640816835677
U_33217573,C_697076,2.0,辽宁对外经贸学院,2020-09-24 11:01:47,3,D,781,121,0.1666666666666666,0.0,0.2128440366972477,0.2513761467889908,0.1123919308357348,0.1393939393939394,0.077893874151558
U_12408298,C_735197,0.0,华南理工大学,2020-09-10 19:34:25,4,E,211,141,0.0416666666666666,0.0,0.0623853211009174,0.0623853211009174,0.031700288184438,0.0439393939393939,0.0617021526479444
U_12575362,C_677087,2.0,辽宁对外经贸学院,2020-09-28 11:19:15,4,E,781,92,0.0416666666666666,0.0,0.036697247706422,0.036697247706422,0.0461095100864553,0.0121212121212121,0.0620099753642369
U_31060045,C_735115,2.0,昆明理工大学,2020-07-25 13:08:16,0,A,476,136,0.125,0.0,0.5211009174311927,0.5211009174311927,0.648414985590778,0.2151515151515151,0.0733141414916583
U_6868298,C_756642,2.0,华南理工大学,2020-05-11 17:53:40,3,D,211,149,0.125,0.0,0.0091743119266055,0.0091743119266055,0.0057636887608069,0.0022727272727272,0.0778172713268462
U_29794274,C_766175,2.0,昆明理工大学,2020-05-28 12:20:59,0,A,476,151,0.0972222222222222,0.0,0.1834862385321101,0.1834862385321101,0.2190201729106628,0.0583333333333333,0.0681941231860652
U_5235949,C_674920,0.0,西昌民族幼儿师范高等专科学校,2020-06-04 16:18:52,4,E,751,87,0.0416666666666666,0.0,0.0935779816513761,0.0935779816513761,0.0951008645533141,0.0227272727272727,0.059409693767003
U_22385451,C_948078,0.0,辽宁对外经贸学院,2020-02-15 23:12:23,4,E,781,164,0.0416666666666666,0.0,0.0770642201834862,0.0770642201834862,0.0547550432276657,0.0325757575757575,0.0623043871386287
U_33103836,C_735164,2.0,昆明理工大学,2020-09-18 14:01:37,0,A,476,138,0.0972222222222222,0.0,0.0330275229357798,0.0348623853211009,0.0518731988472622,0.0242424242424242,0.0081259376081855
U_16357310,C_1912004,0.0,辽宁对外经贸学院,2020-11-19 17:37:37,4,E,781,74,0.0416666666666666,0.0,0.0660550458715596,0.0660550458715596,0.0576368876080691,0.0333333333333333,0.0618213852318441
U_11937296,C_1778562,2.0,中国医科大学,2020-09-19 09:52:56,2,C,69,49,0.125,0.0,0.181651376146789,0.181651376146789,0.1844380403458213,0.056060606060606,0.0790864674170191
U_30584339,C_1829948,1.0,辽宁对外经贸学院,2020-06-17 16:04:58,4,E,781,61,0.0833333333333333,0.0,0.073394495412844,0.073394495412844,0.0403458213256484,0.0106060606060606,0.0635913225175344
U_16670431,C_1472684,2.0,成都中医药大学,2020-12-06 17:45:08,4,E,451,3,0.0416666666666666,0.0,0.0440366972477064,0.0440366972477064,0.0489913544668587,0.0128787878787878,0.0622269919392108
U_236850,C_756642,2.0,辽宁对外经贸学院,2020-05-11 16:26:16,4,E,781,149,0.0416666666666666,0.0,0.0091743119266055,0.0091743119266055,0.0057636887608069,0.0022727272727272,0.0617476943841772
U_30580673,C_1829948,1.0,辽宁对外经贸学院,2020-06-17 13:54:26,4,E,781,61,0.1111111111111111,0.0,0.0513761467889908,0.0513761467889908,0.0605187319884726,0.0159090909090909,0.0627127919191763
U_16206459,C_2027893,1.0,辽宁对外经贸学院,2020-11-28 20:41:15,4,E,781,84,0.0416666666666666,0.0,0.0165137614678899,0.0165137614678899,0.0144092219020172,0.0045454545454545,0.0616139365814463
U_6766050,C_1824911,0.0,重庆三峡医药高等专科学校,2020-06-10 19:42:23,4,E,822,57,0.0416666666666666,0.0,0.073394495412844,0.073394495412844,0.0489913544668587,0.0287878787878787,0.0663264217186685
U_20303125,C_801420,0.0,华中科技大学,2020-08-31 22:49:35,4,E,200,155,0.0416666666666666,0.0,0.0110091743119266,0.0110091743119266,0.0057636887608069,0.0015151515151515,0.0614449329613199
U_28535234,C_1736024,2.0,辽宁对外经贸学院,2020-05-16 15:01:15,4,E,781,14,0.0416666666666666,0.0,0.0110091743119266,0.0146788990825688,0.0144092219020172,0.006060606060606,0.0613806466109459
U_12945168,C_786631,1.0,辽宁对外经贸学院,2020-07-08 23:02:27,4,E,781,154,0.0416666666666666,0.0,0.0073394495412844,0.0073394495412844,0.0,0.0,0.0613626646574595
U_31480823,C_1774985,0.0,辽宁对外经贸学院,2020-08-26 19:15:48,4,E,781,46,0.0277777777777777,0.0,0.0018348623853211,0.0018348623853211,0.0,0.0,0.0697830518906027
U_30008732,C_1755959,2.0,天门职业学院,2020-11-23 08:28:01,4,E,328,26,0.0416666666666666,0.0,0.0293577981651376,0.0293577981651376,0.0461095100864553,0.0151515151515151,0.059796476622758
U_29936870,C_680897,0.0,华南理工大学,2020-05-12 10:13:09,3,D,211,99,0.1388888888888889,0.0,0.1009174311926605,0.1009174311926605,0.0749279538904899,0.0196969696969696,0.0805057343241847
U_29999662,C_948395,2.0,辽宁对外经贸学院,2020-05-15 19:18:13,4,E,781,170,0.0972222222222222,0.0,0.091743119266055,0.091743119266055,0.0951008645533141,0.053030303030303,0.0634573319547335
U_695814,C_735164,1.0,重庆大学,2020-09-22 17:23:49,0,A,835,138,0.0833333333333333,0.0,0.055045871559633,0.0623853211009174,0.0864553314121037,0.0401515151515151,0.073381973718842
U_6758781,C_1824911,2.0,重庆三峡医药高等专科学校,2020-06-02 10:23:34,4,E,822,57,0.0416666666666666,0.0,0.0587155963302752,0.0587155963302752,0.0432276657060518,0.0272727272727272,0.061708154886343
U_12156377,C_682392,2.0,陕西工业职业技术学院,2020-08-31 16:19:06,0,A,876,108,0.0138888888888888,0.0,0.0623853211009174,0.0623853211009174,0.0951008645533141,0.028030303030303,0.061666783022001
U_30306412,C_674920,1.0,辽宁对外经贸学院,2020-06-09 09:45:57,4,E,781,87,0.0416666666666666,0.0,0.073394495412844,0.073394495412844,0.0922190201729106,0.0242424242424242,0.0624173748193761
U_11946447,C_948387,2.0,深圳信息职业技术学院,2020-10-20 09:05:42,4,E,610,169,0.0416666666666666,0.0,0.073394495412844,0.073394495412844,0.0461095100864553,0.0121212121212121,0.0635233664818028
U_31099986,C_682392,0.0,广州中医药大学,2020-07-30 12:41:00,1,B,423,108,0.1666666666666666,0.0,0.4495412844036697,0.4495412844036697,0.3717579250720461,0.1295454545454545,0.1019812381757737
U_21264167,C_786631,1.0,北华航天工业学院,2020-04-15 14:35:58,4,E,186,154,0.0416666666666666,0.0,0.0715596330275229,0.0715596330275229,0.0576368876080691,0.031060606060606,0.059042576660985
U_5442609,C_2141845,0.0,宝鸡文理学院,2020-09-13 10:45:31,2,C,356,86,0.1111111111111111,0.0,0.055045871559633,0.055045871559633,0.063400576368876,0.0166666666666666,0.0764842147877038
U_29184250,C_680814,1.0,辽宁对外经贸学院,2020-04-30 21:54:26,4,E,781,96,0.0416666666666666,0.0,0.0678899082568807,0.0678899082568807,0.0576368876080691,0.0325757575757575,0.0616265006728799
U_31521974,C_801420,0.0,辽宁对外经贸学院,2020-08-28 08:27:21,4,E,781,155,0.0277777777777777,0.0,0.0073394495412844,0.0073394495412844,0.0028818443804034,0.0007575757575757,0.0614719479864558
U_28977986,C_948436,0.0,辽宁对外经贸学院,2020-05-18 08:10:40,4,E,781,171,0.0416666666666666,0.0,0.0697247706422018,0.0697247706422018,0.0489913544668587,0.0295454545454545,0.0629936937048292
U_33329307,C_697076,2.0,辽宁对外经贸学院,2020-11-26 08:34:13,4,E,781,121,0.0555555555555555,0.0,0.2018348623853211,0.2018348623853211,0.2622478386167147,0.0787878787878787,0.0655976400350787
U_29975985,C_786631,2.0,辽宁对外经贸学院,2020-05-14 12:37:23,4,E,781,154,0.0416666666666666,0.0,0.073394495412844,0.073394495412844,0.0691642651296829,0.0204545454545454,0.063250779678222
U_31040260,C_936971,1.0,辽宁对外经贸学院,2020-07-22 12:33:04,4,E,781,162,0.0416666666666666,0.0,0.0660550458715596,0.0660550458715596,0.0461095100864553,0.0295454545454545,0.059936271330281
U_33224680,C_697076,2.0,辽宁对外经贸学院,2020-09-24 18:33:18,0,A,781,121,0.1111111111111111,0.0,0.0275229357798165,0.0275229357798165,0.0403458213256484,0.0128787878787878,0.0661552935438614
U_31683139,C_682392,0.0,昆明理工大学,2020-09-15 20:16:29,0,A,476,108,0.1111111111111111,0.0,0.2568807339449541,0.2568807339449541,0.3861671469740634,0.1318181818181818,0.0603273577711584
U_11903053,C_707358,1.0,深圳职业技术学院,2020-06-09 21:01:58,0,A,611,134,0.2916666666666666,0.0,0.1504587155963302,0.2788990825688073,0.1844380403458213,0.0477272727272727,0.0643702417106524
U_14268637,C_697367,0.0,兰州财经大学,2020-05-10 22:40:04,4,E,138,127,0.0416666666666666,0.0,0.0091743119266055,0.0091743119266055,0.0086455331412103,0.0022727272727272,0.0613626299910661
U_30908520,C_801420,2.0,辽宁对外经贸学院,2020-07-08 21:34:06,4,E,781,155,0.0416666666666666,0.0,0.0220183486238532,0.0220183486238532,0.0230547550432276,0.006060606060606,0.0618372327259661
U_22267852,C_735115,2.0,昆明理工大学,2020-05-11 09:11:03,0,A,476,136,0.1111111111111111,0.0,0.2935779816513761,0.2935779816513761,0.4495677233429394,0.1522727272727272,0.0679668849773827
U_4496714,C_707079,2.0,天津中医药大学,2020-07-08 18:57:37,4,E,313,132,0.0416666666666666,0.0,0.0201834862385321,0.0201834862385321,0.0144092219020172,0.0045454545454545,0.0616943527094312
U_30291193,C_682486,1.0,辽宁对外经贸学院,2020-05-31 08:46:29,4,E,781,111,0.0277777777777777,0.0,0.0018348623853211,0.0018348623853211,0.0,0.0,0.0611473170217103
U_29821734,C_756642,1.0,广州中医药大学,2020-05-07 21:24:27,1,B,423,149,0.2083333333333333,0.0,0.0091743119266055,0.0091743119266055,0.0144092219020172,0.0053030303030303,0.1168248826872226
U_30475017,C_747056,0.0,辽宁对外经贸学院,2020-06-12 16:40:56,4,E,781,147,0.0277777777777777,0.0,0.0073394495412844,0.0073394495412844,0.0028818443804034,0.0007575757575757,0.0615290930597911
U_19918814,C_674920,0.0,辽宁对外经贸学院,2020-06-29 18:38:30,4,E,781,87,0.0555555555555555,0.0,0.2201834862385321,0.2201834862385321,0.0864553314121037,0.0227272727272727,0.0685190711006933
U_14427008,C_747056,1.0,宝鸡文理学院,2020-05-18 10:03:53,4,E,356,147,0.0416666666666666,0.0,0.0256880733944954,0.0256880733944954,0.0172910662824207,0.0045454545454545,0.0618228857914438
U_29782795,C_1017355,2.0,华南理工大学,2020-05-05 16:26:25,3,D,211,0,0.1388888888888889,0.0,0.0532110091743119,0.0532110091743119,0.0288184438040345,0.0075757575757575,0.0802232329320938
U_24139421,C_674920,2.0,辽宁对外经贸学院,2020-06-06 19:17:05,4,E,781,87,0.0416666666666666,0.0,0.0807339449541284,0.0807339449541284,0.0720461095100864,0.034090909090909,0.0610766966260295
U_32718215,C_735164,2.0,昆明理工大学,2020-09-15 13:41:47,0,A,476,138,0.1111111111111111,0.0,0.1798165137614679,0.2752293577981651,0.2363112391930835,0.0575757575757575,0.0683502408125338
U_16257304,C_674959,2.0,辽宁对外经贸学院,2020-10-26 10:02:54,4,E,781,88,0.0277777777777777,0.0,0.0018348623853211,0.0018348623853211,0.0,0.0,0.0615587278737991
U_30410505,C_1829948,1.0,辽宁对外经贸学院,2020-06-08 22:59:43,4,E,781,61,0.0694444444444444,0.0,0.0568807339449541,0.0568807339449541,0.0547550432276657,0.0318181818181818,0.0509994434935269
U_33356547,C_2059281,2.0,辽宁对外经贸学院,2020-09-22 10:50:40,4,E,781,85,0.0416666666666666,0.0,0.018348623853211,0.018348623853211,0.0201729106628242,0.009090909090909,0.0620640252238764
U_33310768,C_2059281,1.0,辽宁对外经贸学院,2020-09-21 19:25:07,4,E,781,85,0.0138888888888888,0.0,0.018348623853211,0.018348623853211,0.0201729106628242,0.009090909090909,0.0962384890564295
U_30405158,C_1829948,0.0,辽宁对外经贸学院,2020-06-08 16:08:30,4,E,781,61,0.0138888888888888,0.0,0.0073394495412844,0.0073394495412844,0.0057636887608069,0.0015151515151515,0.0606228144896939
U_11624120,C_1829948,0.0,北方民族大学,2020-06-17 17:04:17,4,E,190,61,0.0416666666666666,0.0,0.0220183486238532,0.0220183486238532,0.0230547550432276,0.006060606060606,0.0611729701528201
U_32872311,C_735164,1.0,昆明理工大学,2020-09-16 08:18:17,0,A,476,138,0.0972222222222222,0.0,0.0256880733944954,0.0275229357798165,0.0403458213256484,0.0196969696969696,0.1482557795130207
U_31104286,C_682392,0.0,中国医科大学,2020-09-14 19:35:32,2,C,69,108,0.1111111111111111,0.0,0.4495412844036697,0.4495412844036697,0.3025936599423631,0.1068181818181818,0.0727857167048468
U_15201717,C_735197,1.0,辽宁石油化工大学,2020-09-09 10:08:07,4,E,790,141,0.0277777777777777,0.0,0.0,0.0,0.0,0.034090909090909,0.0746605000211792
U_12061838,C_801420,0.0,南京邮电大学,2020-09-04 12:53:13,4,E,228,155,0.0416666666666666,0.0,0.0256880733944954,0.0256880733944954,0.0259365994236311,0.0075757575757575,0.0619371313670371
U_7226301,C_1017355,0.0,广州中医药大学,2020-05-06 11:46:10,3,D,423,0,0.125,0.0,0.0568807339449541,0.0568807339449541,0.0576368876080691,0.0181818181818181,0.0794774795727678
U_23407972,C_948395,1.0,西安美术学院,2020-03-08 14:59:46,2,C,727,170,0.1527777777777777,0.0,0.1834862385321101,0.1834862385321101,0.170028818443804,0.0636363636363636,0.0774043797245253
U_6758727,C_1824911,2.0,重庆三峡医药高等专科学校,2020-06-02 10:23:23,4,E,822,57,0.0416666666666666,0.0,0.0807339449541284,0.0807339449541284,0.0489913544668587,0.0219696969696969,0.0657713632370484
U_30337084,C_735321,0.0,辽宁对外经贸学院,2020-06-03 14:52:49,4,E,781,145,0.0416666666666666,0.0,0.0568807339449541,0.0568807339449541,0.0662824207492795,0.0363636363636363,0.0572473725268541
U_30893193,C_674920,1.0,辽宁对外经贸学院,2020-07-07 15:48:56,4,E,781,87,0.0555555555555555,0.0,0.2201834862385321,0.2201834862385321,0.2795389048991354,0.0734848484848484,0.0662402460170387
U_7323994,C_948120,0.0,中国农业大学,2020-08-26 23:00:26,1,B,67,167,0.1805555555555555,0.0,0.0,0.0422018348623853,0.0,0.0401515151515151,4.231257452782936e-05
U_28977417,C_948436,1.0,辽宁对外经贸学院,2020-05-17 19:08:19,4,E,781,171,0.0416666666666666,0.0,0.0752293577981651,0.0752293577981651,0.0518731988472622,0.0295454545454545,0.0611055687793828
U_30558721,C_1829948,1.0,北方民族大学,2020-06-16 14:17:54,4,E,190,61,0.0138888888888888,0.0,0.0220183486238532,0.0220183486238532,0.0259365994236311,0.0068181818181818,0.060874358792486
U_30571562,C_1829948,0.0,辽宁对外经贸学院,2020-06-16 22:23:17,4,E,781,61,0.0277777777777777,0.0,0.0311926605504587,0.0311926605504587,0.0403458213256484,0.0106060606060606,0.0613274386494316
U_33554408,C_697076,0.0,辽宁对外经贸学院,2020-11-16 15:45:38,4,E,781,121,0.0277777777777777,0.0,0.0091743119266055,0.0091743119266055,0.0115273775216138,0.003030303030303,0.0584566601369043
U_14847795,C_1992929,2.0,昆明理工大学,2020-12-03 15:00:09,0,A,476,81,0.1111111111111111,0.0,0.1669724770642202,0.1669724770642202,0.2622478386167147,0.0689393939393939,0.066325654105672
U_10275637,C_735197,1.0,华南理工大学,2020-09-14 22:41:31,4,E,211,141,0.0138888888888888,0.0,0.055045871559633,0.055045871559633,0.0345821325648414,0.0234848484848484,0.0063545793745432
U_21106377,C_948120,0.0,中国农业大学,2020-09-28 16:27:20,0,A,67,167,0.0833333333333333,0.0,0.018348623853211,0.018348623853211,0.0259365994236311,0.0075757575757575,0.0130303496557295
U_29471666,C_674920,2.0,辽宁对外经贸学院,2020-05-24 14:36:19,4,E,781,87,0.0416666666666666,0.0,0.0788990825688073,0.0788990825688073,0.0691642651296829,0.0325757575757575,0.0609670616807573
U_10272780,C_1918363,2.0,医学检验技术,2020-11-15 17:06:15,2,C,194,76,0.125,0.0,0.0605504587155963,0.0605504587155963,0.0547550432276657,0.0348484848484848,0.0759828000736863
U_17668992,C_674920,2.0,辽宁对外经贸学院,2020-07-01 10:19:19,4,E,781,87,0.0416666666666666,0.0,0.018348623853211,0.018348623853211,0.0201729106628242,0.0053030303030303,0.0610050560479146
U_32538093,C_735164,2.0,昆明理工大学,2020-12-03 23:21:41,0,A,476,138,0.125,0.0,0.2862385321100917,0.3853211009174312,0.3948126801152737,0.1416666666666666,0.0729473760019161
U_33318136,C_2059281,2.0,辽宁对外经贸学院,2020-09-21 21:00:38,4,E,781,85,0.0416666666666666,0.0,0.0073394495412844,0.0073394495412844,0.0086455331412103,0.003030303030303,0.0617618679867325
U_32904212,C_735164,2.0,昆明理工大学,2020-09-16 14:52:37,2,C,476,138,0.1388888888888889,0.0,0.0091743119266055,0.0165137614678899,0.0086455331412103,0.0045454545454545,0.0421694233950071
U_30387541,C_676646,0.0,辽宁对外经贸学院,2020-06-07 09:12:02,4,E,781,90,0.0277777777777777,0.0,0.0091743119266055,0.0091743119266055,0.0144092219020172,0.0037878787878787,0.0612297834192472
U_22133382,C_948120,0.0,中国农业大学,2020-10-02 10:02:04,4,E,67,167,0.0694444444444444,0.0,0.1119266055045871,0.1119266055045871,0.1412103746397694,0.0424242424242424,0.0443185752202177
U_25340439,C_948436,0.0,西安美术学院,2020-06-14 21:36:13,4,E,727,171,0.0416666666666666,0.0,0.0110091743119266,0.0110091743119266,0.0115273775216138,0.0015151515151515,0.0606128602824486
U_24628882,C_948436,2.0,西安美术学院,2020-05-20 17:29:24,4,E,727,171,0.0416666666666666,0.0,0.0495412844036697,0.0495412844036697,0.0547550432276657,0.0068181818181818,0.0628355258088086
U_19833094,C_735186,0.0,辽宁对外经贸学院,2020-06-10 15:51:19,4,E,781,139,0.0416666666666666,0.0,0.0110091743119266,0.0110091743119266,0.0115273775216138,0.0045454545454545,0.0613708063075646
U_31574356,C_1992917,1.0,辽宁对外经贸学院,2020-08-28 19:55:02,4,E,781,80,0.0277777777777777,0.0,0.0899082568807339,0.0899082568807339,0.0547550432276657,0.0265151515151515,0.0647858422439997
U_33090276,C_735164,1.0,昆明理工大学,2020-10-17 21:07:26,0,A,476,138,0.0277777777777777,0.0,0.0935779816513761,0.1045871559633027,0.1440922190201729,0.0681818181818181,0.0658124676749271
U_13031802,C_697076,0.0,长沙理工大学,2020-09-10 17:10:04,3,D,862,121,0.1388888888888889,0.0,0.073394495412844,0.073394495412844,0.0749279538904899,0.0219696969696969,0.0789605541238785
U_11045901,C_676646,2.0,天津商业大学,2020-08-11 05:15:26,4,E,316,90,0.0416666666666666,0.0,0.0660550458715596,0.0660550458715596,0.0547550432276657,0.0325757575757575,0.0631691403217846
U_33158172,C_735164,2.0,昆明理工大学,2020-09-20 08:23:42,0,A,476,138,0.1111111111111111,0.0,0.1871559633027523,0.3009174311926605,0.2046109510086455,0.0734848484848484,0.0657665347036831
U_29653626,C_747056,0.0,辽宁对外经贸学院,2020-05-12 17:09:59,4,E,781,147,0.0416666666666666,0.0,0.0256880733944954,0.0256880733944954,0.0144092219020172,0.0037878787878787,0.0617045248197207
U_30340753,C_680979,2.0,辽宁对外经贸学院,2020-06-03 17:57:49,4,E,781,100,0.0416666666666666,0.0,0.0036697247706422,0.0036697247706422,0.0028818443804034,0.0007575757575757,0.060436512339265
U_4602794,C_735197,1.0,华南理工大学,2020-10-14 16:08:19,4,E,211,141,0.0138888888888888,0.0,0.0128440366972477,0.0128440366972477,0.0172910662824207,0.0045454545454545,0.0611282257436353
U_34711691,C_1774987,0.0,辽宁对外经贸学院,2020-10-11 23:34:05,4,E,781,47,0.0416666666666666,0.0,0.0422018348623853,0.0422018348623853,0.0057636887608069,0.003030303030303,0.0626905559039865
U_32593645,C_735164,1.0,昆明理工大学,2020-10-28 15:18:08,0,A,476,138,0.0833333333333333,0.0,0.0091743119266055,0.0091743119266055,0.0144092219020172,0.0075757575757575,0.0657434964091033
U_7499831,C_1824911,2.0,重庆三峡医药高等专科学校,2020-06-30 19:48:12,4,E,822,57,0.0555555555555555,0.0,0.0862385321100917,0.0862385321100917,0.1354466858789625,0.0356060606060606,0.0629988094740254
U_10073375,C_735197,0.0,华南理工大学,2020-09-10 19:00:16,3,D,211,141,0.1527777777777777,0.0,0.1724770642201835,0.2587155963302752,0.0806916426512968,0.1613636363636363,0.0839708186279935
U_14749956,C_1918363,0.0,新乡医学院三全学院,2020-10-30 07:59:50,2,C,461,76,0.125,0.0,0.1981651376146789,0.1981651376146789,0.1873198847262247,0.0696969696969697,0.0820893446977364
U_17912454,C_1771170,0.0,华南理工大学,2020-05-10 10:18:58,3,D,211,40,0.1111111111111111,0.0,0.0036697247706422,0.0036697247706422,0.0028818443804034,0.0007575757575757,0.0733557411637283
U_18615473,C_735197,0.0,昆明理工大学,2020-10-24 21:44:13,0,A,476,141,0.0972222222222222,0.0,0.128440366972477,0.128440366972477,0.0864553314121037,0.0227272727272727,0.0672297090742502
U_33640799,C_2027893,1.0,辽宁对外经贸学院,2020-09-30 15:04:29,4,E,781,84,0.0416666666666666,0.0,0.0165137614678899,0.0165137614678899,0.0144092219020172,0.0037878787878787,0.0616175171246495
U_33225156,C_697076,1.0,辽宁对外经贸学院,2020-09-27 16:27:29,4,E,781,121,0.0416666666666666,0.0,0.0275229357798165,0.0275229357798165,0.0432276657060518,0.0136363636363636,0.0623688468209696
U_31066528,C_682392,0.0,昆明理工大学,2020-08-05 18:08:49,0,A,476,108,0.0972222222222222,0.0,0.1174311926605504,0.255045871559633,0.1815561959654178,0.0424242424242424,0.0443065465393078
U_22805817,C_786631,0.0,昆明理工大学,2020-05-26 19:24:51,0,A,476,154,0.2083333333333333,0.0,0.255045871559633,0.255045871559633,0.4005763688760806,0.1409090909090909,0.0712212867515244
U_15216095,C_735283,1.0,辽宁对外经贸学院,2020-04-30 12:54:45,4,E,781,143,0.0416666666666666,0.0,0.0697247706422018,0.0697247706422018,0.0576368876080691,0.0318181818181818,0.0617191837517835
U_29667748,C_1714448,0.0,辽宁对外经贸学院,2020-05-20 16:07:34,4,E,781,8,0.0416666666666666,0.0,0.0678899082568807,0.0678899082568807,0.0576368876080691,0.0325757575757575,0.0618809272386653
U_15772441,C_697076,2.0,沈阳市第二十八中学,2020-11-17 14:57:43,4,E,537,121,0.0416666666666666,0.0,0.0752293577981651,0.0752293577981651,0.0230547550432276,0.0234848484848484,0.0652536751275044
U_29451170,C_948436,2.0,辽宁对外经贸学院,2020-06-23 16:46:43,4,E,781,171,0.0277777777777777,0.0,0.0018348623853211,0.0018348623853211,0.0,0.0,0.0612439322600929
U_30946253,C_801420,2.0,辽宁对外经贸学院,2020-07-13 21:57:42,4,E,781,155,0.0277777777777777,0.0,0.0018348623853211,0.0018348623853211,0.0,0.0,0.0612796980733893
U_29798313,C_677087,1.0,昆明理工大学,2020-05-06 16:00:54,0,A,476,92,0.125,0.0,0.3614678899082569,0.3614678899082569,0.5677233429394812,0.1492424242424242,0.0683483044468458
U_30041844,C_1806527,2.0,辽宁对外经贸学院,2020-06-25 16:49:26,4,E,781,53,0.0416666666666666,0.0,0.0018348623853211,0.0018348623853211,0.0,0.0,0.0627491817275537
U_32904197,C_735164,1.0,昆明理工大学,2020-10-11 14:57:37,0,A,476,138,0.0416666666666666,0.0,0.236697247706422,0.2788990825688073,0.3717579250720461,0.1393939393939394,0.0680895099154929
U_12089216,C_948488,0.0,合肥工业大学,2020-03-06 14:56:51,0,A,248,172,0.0416666666666666,0.0,0.2073394495412844,0.2770642201834862,0.2132564841498559,0.0553030303030303,0.0714409627341057
U_30589785,C_676646,1.0,辽宁对外经贸学院,2020-07-02 09:18:15,4,E,781,90,0.0416666666666666,0.0,0.0348623853211009,0.0348623853211009,0.0461095100864553,0.0121212121212121,0.0619115376640302
U_2652918,C_735164,1.0,韶关学院,2020-11-29 21:31:01,0,A,895,138,0.125,0.0,0.2862385321100917,0.3027522935779816,0.446685878962536,0.1621212121212121,0.0641338218600629
U_32721169,C_735164,2.0,昆明理工大学,2020-11-13 14:11:21,0,A,476,138,0.0833333333333333,0.0,0.0073394495412844,0.0073394495412844,0.0028818443804034,0.0015151515151515,0.0641164143782384
U_33345076,C_697076,0.0,辽宁对外经贸学院,2020-10-15 19:46:58,4,E,781,121,0.0416666666666666,0.0,0.0844036697247706,0.0844036697247706,0.0778097982708933,0.0333333333333333,0.0606569856488943
U_1837610,C_735164,0.0,攀枝花学院,2020-10-20 11:35:42,4,E,457,138,0.0138888888888888,0.0,0.0697247706422018,0.0697247706422018,0.0547550432276657,0.0303030303030303,0.0615438758004017
U_6758607,C_1824911,2.0,重庆三峡医药高等专科学校,2020-06-10 18:00:50,0,A,822,57,0.25,0.0,0.0623853211009174,0.0623853211009174,0.0951008645533141,0.025,0.0694735805286821
U_11272814,C_948120,1.0,北京农学院,2020-09-25 20:20:31,0,A,160,167,0.0972222222222222,0.0,0.1944954128440367,0.2348623853211009,0.1844380403458213,0.0946969696969697,0.0850040257213234
U_5245110,C_674920,0.0,西昌民族幼儿师范高等专科学校,2020-06-30 21:05:23,4,E,751,87,0.0416666666666666,0.0,0.2201834862385321,0.2201834862385321,0.3458213256484149,0.0931818181818181,0.0634027819085608
U_29565142,C_696596,2.0,辽宁对外经贸学院,2020-04-24 10:43:47,4,E,781,117,0.0416666666666666,0.0,0.0660550458715596,0.0660550458715596,0.0749279538904899,0.034090909090909,0.0618536992628271
U_32904217,C_735164,0.0,昆明理工大学,2020-11-26 13:25:57,3,D,476,138,0.1805555555555555,0.0,0.2862385321100917,0.344954128440367,0.3976945244956772,0.1492424242424242,0.0837879583551942
U_5314085,C_1750793,0.0,内蒙古农业大学职业技术学院,2020-05-20 21:00:53,0,A,142,17,0.0694444444444444,0.0,0.036697247706422,0.036697247706422,0.0403458213256484,0.0212121212121212,0.0700808515510921
U_12049503,C_1714448,2.0,中国医科大学,2020-03-18 15:10:07,4,E,69,8,0.0416666666666666,0.0,0.0715596330275229,0.0715596330275229,0.0518731988472622,0.031060606060606,0.0627119203069996
U_6107186,C_1017355,1.0,广州中医药大学,2020-03-09 10:36:33,1,B,423,0,0.2083333333333333,0.0,0.0330275229357798,0.0495412844036697,0.0518731988472622,0.0295454545454545,0.117050590622254
U_29712144,C_1714448,0.0,辽宁对外经贸学院,2020-04-28 19:30:34,4,E,781,8,0.0416666666666666,0.0,0.0697247706422018,0.0697247706422018,0.0605187319884726,0.0348484848484848,0.0633800754208892
U_30686431,C_1829948,1.0,辽宁对外经贸学院,2020-06-25 22:55:44,4,E,781,61,0.3055555555555555,0.0,0.2605504587155963,0.2605504587155963,0.2939481268011527,0.0772727272727272,0.0704079884008457
U_30594531,C_1829948,0.0,昆明理工大学,2020-06-18 09:52:22,0,A,476,61,0.3055555555555555,0.0,0.4770642201834862,0.4770642201834862,0.2680115273775216,0.0704545454545454,0.0790901816734539
U_30281906,C_801420,1.0,辽宁对外经贸学院,2020-07-28 17:01:33,4,E,781,155,0.0277777777777777,0.0,0.0036697247706422,0.0036697247706422,0.0,0.0,0.0613551222407258
U_5076273,C_735197,1.0,华南理工大学,2020-11-03 18:30:00,4,E,211,141,0.2222222222222222,0.0,0.128440366972477,0.128440366972477,0.1642651296829971,0.0439393939393939,0.0661260499648645
U_7970305,C_1918363,0.0,昆明理工大学,2020-11-09 13:59:41,0,A,476,76,0.1111111111111111,0.0,0.2036697247706422,0.2844036697247706,0.170028818443804,0.0712121212121212,0.078236145358198
U_3252390,C_682556,0.0,西南林业大学,2020-04-21 14:53:11,4,E,711,112,0.0416666666666666,0.0,0.0642201834862385,0.0642201834862385,0.0403458213256484,0.0265151515151515,0.062491976897955
U_12038251,C_948488,1.0,合肥工业大学,2020-03-06 14:58:38,0,A,248,172,0.0138888888888888,0.0,0.1889908256880734,0.2678899082568807,0.2103746397694524,0.0598484848484848,0.0696868729425374
U_7704454,C_1829948,1.0,北方民族大学,2020-06-05 13:13:08,3,D,190,61,0.2916666666666666,0.0,0.4770642201834862,0.4770642201834862,0.7463976945244957,0.1962121212121212,0.0729772633853616
U_32905849,C_735164,1.0,昆明理工大学,2020-09-16 13:56:28,2,C,476,138,0.1527777777777777,0.0,0.2311926605504587,0.2311926605504587,0.1412103746397694,0.0742424242424242,0.0666274943929335
U_25891856,C_823315,0.0,西安石油大学,2020-06-13 21:37:24,4,E,725,158,0.0138888888888888,0.0,0.0678899082568807,0.0678899082568807,0.0922190201729106,0.025,0.0625290402248326
U_32884985,C_735164,2.0,昆明理工大学,2020-09-16 10:27:58,0,A,476,138,0.1111111111111111,0.0,0.2091743119266055,0.255045871559633,0.2593659942363112,0.0507575757575757,0.0630611495540275
U_33329455,C_697076,2.0,辽宁对外经贸学院,2020-11-04 12:13:06,4,E,781,121,0.0416666666666666,0.0,0.0844036697247706,0.0844036697247706,0.0489913544668587,0.0386363636363636,0.0653225522988318
U_30365639,C_1829948,0.0,华南理工大学,2020-06-05 10:49:54,3,D,211,61,0.0833333333333333,0.0,0.1541284403669724,0.1541284403669724,0.1902017291066282,0.05,0.0675352091421855
U_30312482,C_766175,2.0,辽宁对外经贸学院,2020-06-01 18:45:55,4,E,781,151,0.0138888888888888,0.0,0.0403669724770642,0.0403669724770642,0.0374639769452449,0.0098484848484848,0.0617725105695038
U_32423959,C_1808506,2.0,辽宁对外经贸学院,2020-09-11 17:16:42,4,E,781,56,0.0277777777777777,0.0,0.0018348623853211,0.0018348623853211,0.0028818443804034,0.0015151515151515,0.0614277631919072
U_33371207,C_1912004,0.0,辽宁对外经贸学院,2020-09-23 07:40:55,4,E,781,74,0.0277777777777777,0.0,0.0055045871559633,0.0055045871559633,0.0028818443804034,0.0007575757575757,0.0618643913690175
U_5528222,C_756642,2.0,厦门市儿童医院,2020-05-22 20:44:07,4,E,243,149,0.0416666666666666,0.0,0.0605504587155963,0.0605504587155963,0.0576368876080691,0.0325757575757575,0.060949693817668
U_17516035,C_1918363,2.0,平顶山学院,2020-11-12 09:47:47,0,A,398,76,0.1111111111111111,0.0,0.2,0.2660550458715596,0.239193083573487,0.0696969696969697,0.0704778461358719
U_27765594,C_1844112,2.0,内蒙古大学,2020-08-19 08:10:57,0,A,145,63,0.0416666666666666,0.0,0.0513761467889908,0.218348623853211,0.0806916426512968,0.0833333333333333,0.1748413278455206
U_33713456,C_697076,2.0,辽宁对外经贸学院,2020-11-16 16:45:50,4,E,781,121,0.0416666666666666,0.0,0.018348623853211,0.018348623853211,0.0201729106628242,0.006060606060606,0.0592068062235072
U_13722486,C_1786221,1.0,北京体育大学,2020-05-07 20:46:11,4,E,159,51,0.0416666666666666,0.0,0.0715596330275229,0.0715596330275229,0.0605187319884726,0.031060606060606,0.0613130620008579
U_33366250,C_697076,1.0,辽宁对外经贸学院,2020-09-25 14:13:26,4,E,781,121,0.0416666666666666,0.0,0.0844036697247706,0.0844036697247706,0.0749279538904899,0.0348484848484848,0.0614525942342595
U_33555049,C_697076,2.0,辽宁对外经贸学院,2020-11-19 20:44:59,4,E,781,121,0.0555555555555555,0.0,0.1834862385321101,0.1834862385321101,0.239193083573487,0.0734848484848484,0.0651119539589773
U_8488509,C_735197,0.0,华南理工大学,2020-09-17 21:57:38,4,E,211,141,0.0416666666666666,0.0,0.0678899082568807,0.0678899082568807,0.0489913544668587,0.031060606060606,0.0628732824635541
U_33103568,C_735164,1.0,昆明理工大学,2020-11-25 12:25:12,0,A,476,138,0.0972222222222222,0.0,0.0642201834862385,0.0642201834862385,0.100864553314121,0.0454545454545454,0.0646098162030405
U_32538051,C_1992950,1.0,辽宁对外经贸学院,2020-09-13 15:03:51,4,E,781,83,0.0416666666666666,0.0,0.0091743119266055,0.0091743119266055,0.0057636887608069,0.0303030303030303,0.0607428196389321
U_31085819,C_682392,0.0,华南理工大学,2020-08-04 18:36:10,3,D,211,108,0.0555555555555555,0.0,0.1137614678899082,0.1137614678899082,0.063400576368876,0.0189393939393939,0.0722347637146726
U_10590324,C_682126,1.0,哈尔滨工业大学,2020-08-05 12:02:04,4,E,270,104,0.0416666666666666,0.0,0.0055045871559633,0.0055045871559633,0.0028818443804034,0.0007575757575757,0.0613214017446395
U_12933984,C_1774985,1.0,辽宁对外经贸学院,2020-05-29 20:51:31,4,E,781,46,0.0277777777777777,0.0,0.0018348623853211,0.0018348623853211,0.0,0.0,0.0611571226586982
U_1111982,C_1808506,1.0,中国石油大学,2020-05-23 09:08:08,4,E,76,56,0.0416666666666666,0.0,0.0018348623853211,0.0018348623853211,0.0028818443804034,0.0015151515151515,0.0612298874184274
U_2303639,C_854832,1.0,辽宁对外经贸学院,2020-07-29 09:10:53,4,E,781,161,0.0416666666666666,0.0,0.0146788990825688,0.0146788990825688,0.0172910662824207,0.006060606060606,0.0614366774073508
U_31014574,C_1761368,0.0,辽宁对外经贸学院,2020-07-28 22:59:59,4,E,781,31,0.0277777777777777,0.0,0.0091743119266055,0.0091743119266055,0.0086455331412103,0.003030303030303,0.0617914433726375
U_12175528,C_948488,1.0,合肥工业大学,2020-03-06 14:35:41,0,A,248,172,0.0138888888888888,0.0,0.1889908256880734,0.2642201834862385,0.2103746397694524,0.056060606060606,0.0671658288159131
U_10272690,C_1918363,2.0,新乡医学院三全学院,2020-11-18 18:54:27,4,E,461,76,0.0416666666666666,0.0,0.0073394495412844,0.0073394495412844,0.0086455331412103,0.006060606060606,0.0615575244547142
U_34282502,C_697076,2.0,辽宁对外经贸学院,2020-12-02 15:22:55,4,E,781,121,0.0555555555555555,0.0,0.146788990825688,0.146788990825688,0.1354466858789625,0.0386363636363636,0.0648637722963442
U_33328156,C_1912004,1.0,辽宁对外经贸学院,2020-09-22 08:04:01,4,E,781,74,0.0416666666666666,0.0,0.0256880733944954,0.0256880733944954,0.031700288184438,0.0083333333333333,0.0723968150171173
U_5314175,C_1750793,0.0,内蒙古农业大学职业技术学院,2020-05-20 20:42:26,0,A,142,17,0.1111111111111111,0.0,0.036697247706422,0.036697247706422,0.0489913544668587,0.0257575757575757,0.0703649773113304
U_4517008,C_735197,0.0,华南理工大学,2020-10-21 22:23:53,4,E,211,141,0.125,0.0,0.128440366972477,0.128440366972477,0.1527377521613832,0.0454545454545454,0.0653145146479068
U_31257947,C_773985,2.0,南开大学,2020-08-19 21:58:53,4,E,231,153,0.125,0.0,0.0293577981651376,0.0293577981651376,0.031700288184438,0.0098484848484848,0.0852578332443698
U_4723135,C_1472684,2.0,云南中医学院,2020-10-15 08:31:21,4,E,103,3,0.0416666666666666,0.0,0.0660550458715596,0.0660550458715596,0.0489913544668587,0.0363636363636363,0.0644188638035552
U_16972738,C_674959,1.0,辽宁对外经贸学院,2020-12-05 20:08:30,4,E,781,88,0.0416666666666666,0.0,0.0238532110091743,0.0238532110091743,0.0172910662824207,0.0045454545454545,0.0622597021575468
U_30495746,C_674920,0.0,辽宁对外经贸学院,2020-06-17 20:13:35,4,E,781,87,0.0555555555555555,0.0,0.2201834862385321,0.2201834862385321,0.1066282420749279,0.028030303030303,0.0682809823108791
U_23127976,C_1829948,0.0,辽宁对外经贸学院,2020-06-11 18:25:19,4,E,781,61,0.0138888888888888,0.0,0.0073394495412844,0.0073394495412844,0.0057636887608069,0.0015151515151515,0.0606228144896939
U_30459146,C_1829948,2.0,昆明理工大学,2020-06-11 18:29:02,0,A,476,61,0.2916666666666666,0.0,0.4770642201834862,0.4770642201834862,0.2795389048991354,0.0734848484848484,0.0788218340745507
U_12205281,C_674920,0.0,西昌民族幼儿师范,2020-06-04 09:40:21,4,E,747,87,0.0138888888888888,0.0,0.055045871559633,0.055045871559633,0.0720461095100864,0.0189393939393939,0.0589727833064037
U_29754528,C_674920,2.0,辽宁对外经贸学院,2020-05-01 20:53:00,4,E,781,87,0.0416666666666666,0.0,0.018348623853211,0.018348623853211,0.0201729106628242,0.0053030303030303,0.0613544734839352
U_31066390,C_682392,0.0,昆明理工大学,2020-07-30 19:56:40,0,A,476,108,0.1111111111111111,0.0,0.4495412844036697,0.4495412844036697,0.6974063400576368,0.2424242424242424,0.0626818546392452
U_26209287,C_1017355,1.0,辽宁对外经贸学院,2020-03-10 10:50:04,4,E,781,0,0.0277777777777777,0.0,0.0678899082568807,0.0678899082568807,0.0432276657060518,0.0287878787878787,0.0618406201278346
U_30339605,C_674920,1.0,辽宁对外经贸学院,2020-06-06 09:44:58,4,E,781,87,0.0416666666666666,0.0,0.0146788990825688,0.0146788990825688,0.0172910662824207,0.0045454545454545,0.0608882253498427
U_6758174,C_1824911,2.0,重庆三峡医药高等专科学校,2020-06-02 09:50:36,4,E,822,57,0.0416666666666666,0.0,0.0495412844036697,0.0495412844036697,0.0432276657060518,0.0265151515151515,0.0581304196610369
U_12479642,C_697062,2.0,湖北科技学院,2020-04-26 08:07:55,0,A,633,120,0.1111111111111111,0.0,0.1889908256880734,0.273394495412844,0.2074927953890489,0.0568181818181818,0.0668159755738041
U_5319462,C_1750793,0.0,内蒙古农业大学职业技术学院,2020-05-20 20:48:17,0,A,142,17,0.0833333333333333,0.0,0.036697247706422,0.036697247706422,0.0461095100864553,0.0242424242424242,0.0701379669103759
U_16102235,C_786631,0.0,北华航天工业学院,2020-03-31 22:47:40,2,C,186,154,0.125,0.0,0.1944954128440367,0.1944954128440367,0.1671469740634005,0.0666666666666666,0.0813765887925774
U_30606646,C_1750793,0.0,昆明理工大学,2020-06-18 20:50:54,0,A,476,17,0.0416666666666666,0.0,0.036697247706422,0.036697247706422,0.0547550432276657,0.0287878787878787,0.0696164704499008
U_30111639,C_1750793,2.0,昆明理工大学,2020-05-21 21:33:00,0,A,476,17,0.0694444444444444,0.0,0.036697247706422,0.036697247706422,0.0461095100864553,0.0242424242424242,0.0699938488083628
U_30088802,C_786631,2.0,辽宁对外经贸学院,2020-06-16 14:31:52,4,E,781,154,0.0416666666666666,0.0,0.1449541284403669,0.1449541284403669,0.0806916426512968,0.025,0.0660489865723548
U_12918088,C_1829948,2.0,北方民族大学,2020-06-20 10:40:13,4,E,190,61,0.0138888888888888,0.0,0.0477064220183486,0.0477064220183486,0.0605187319884726,0.0159090909090909,0.0615221003530098
U_29902187,C_735115,2.0,辽宁对外经贸学院,2020-06-10 20:54:52,4,E,781,136,0.0416666666666666,0.0,0.073394495412844,0.073394495412844,0.0749279538904899,0.0333333333333333,0.0612498948797563
U_13413067,C_801420,0.0,辽宁对外经贸学院,2020-07-23 17:11:28,4,E,781,155,0.0277777777777777,0.0,0.0036697247706422,0.0036697247706422,0.0,0.0,0.0613551222407258
U_32430367,C_735164,1.0,辽宁对外经贸学院,2020-09-15 16:04:05,4,E,781,138,0.0416666666666666,0.0,0.0036697247706422,0.0055045871559633,0.0028818443804034,0.0007575757575757,0.0611975436733929
U_24716360,C_1017355,0.0,辽宁对外经贸学院,2020-04-27 15:25:02,4,E,781,0,0.0416666666666666,0.0,0.0715596330275229,0.0715596330275229,0.0605187319884726,0.0318181818181818,0.0613514624600521
U_31044698,C_682157,1.0,辽宁对外经贸学院,2020-07-23 16:19:50,4,E,781,105,0.0416666666666666,0.0,0.0715596330275229,0.0715596330275229,0.0662824207492795,0.0325757575757575,0.061965973806339
U_33224601,C_697076,0.0,辽宁对外经贸学院,2020-11-30 10:05:10,4,E,781,121,0.0416666666666666,0.0,0.0844036697247706,0.0844036697247706,0.0749279538904899,0.0348484848484848,0.0612500186883041
U_4921233,C_735164,0.0,长江师范学院,2020-11-19 16:22:42,0,A,860,138,0.125,0.0,0.2146788990825688,0.2201834862385321,0.3342939481268011,0.1242424242424242,0.0687142924189076
U_32904210,C_735164,0.0,昆明理工大学,2020-10-28 19:09:20,0,A,476,138,0.0138888888888888,0.0,0.1963302752293578,0.2587155963302752,0.2103746397694524,0.0492424242424242,0.0601929759733465
U_15349249,C_735164,1.0,辽宁对外经贸学院,2020-12-07 10:39:40,4,E,781,138,0.0416666666666666,0.0,0.0256880733944954,0.036697247706422,0.0259365994236311,0.0121212121212121,0.0621015243568424
U_10244818,C_735197,1.0,华南理工大学,2020-09-23 22:53:23,3,D,211,141,0.1666666666666666,0.0,0.1724770642201835,0.2477064220183486,0.1239193083573487,0.1568181818181818,0.0820358990238103
U_13417662,C_801420,1.0,大连理工大学,2020-07-19 09:23:23,4,E,309,155,0.0277777777777777,0.0,0.0018348623853211,0.0018348623853211,0.0028818443804034,0.0007575757575757,0.0612276638169084
U_31504299,C_697076,2.0,辽宁对外经贸学院,2020-08-27 09:14:57,4,E,781,121,0.0138888888888888,0.0,0.2844036697247706,0.2844036697247706,0.2939481268011527,0.0939393939393939,0.0679706685666043
U_14749815,C_1918363,2.0,新乡医学院三全学院,2020-10-30 07:54:23,2,C,461,76,0.0138888888888888,0.0,0.0311926605504587,0.0311926605504587,0.0374639769452449,0.025,0.071637610326791
U_34195065,C_1912004,0.0,辽宁对外经贸学院,2020-10-02 21:49:30,4,E,781,74,0.0277777777777777,0.0,0.0422018348623853,0.0422018348623853,0.031700288184438,0.0431818181818181,0.0182982651844443
U_29840505,C_756642,2.0,广州中医药大学,2020-05-08 11:20:08,1,B,423,149,0.2222222222222222,0.0,0.0091743119266055,0.0091743119266055,0.0115273775216138,0.0037878787878787,0.1163535187839338
U_5108384,C_674920,0.0,西昌民族幼儿师范高等专科学校,2020-06-11 18:50:59,4,E,751,87,0.0416666666666666,0.0,0.0256880733944954,0.0256880733944954,0.0403458213256484,0.0166666666666666,0.0347918175438594
U_33344816,C_697076,0.0,辽宁对外经贸学院,2020-11-12 10:16:33,4,E,781,121,0.0416666666666666,0.0,0.0899082568807339,0.0899082568807339,0.0518731988472622,0.0318181818181818,0.0600443066691152
U_32967109,C_735164,1.0,昆明理工大学,2020-09-16 23:47:52,0,A,476,138,0.125,0.0,0.1889908256880734,0.2715596330275229,0.2247838616714697,0.0666666666666666,0.0667101935505403
U_29462326,C_735115,1.0,辽宁对外经贸学院,2020-04-18 23:40:54,4,E,781,136,0.0555555555555555,0.0,0.0807339449541284,0.0807339449541284,0.0778097982708933,0.0318181818181818,0.061914741829248
U_6785366,C_1824911,1.0,重庆三峡医药高等专科学校,2020-06-10 18:01:38,4,E,822,57,0.2083333333333333,0.0,0.0623853211009174,0.0623853211009174,0.0662824207492795,0.0174242424242424,0.0642899493912153
U_32203123,C_1912004,1.0,辽宁对外经贸学院,2020-09-27 16:32:16,4,E,781,74,0.0416666666666666,0.0,0.0642201834862385,0.0642201834862385,0.0432276657060518,0.034090909090909,0.0629972990097419
U_33329456,C_697076,2.0,辽宁对外经贸学院,2020-11-03 22:09:09,4,E,781,121,0.0416666666666666,0.0,0.0844036697247706,0.0844036697247706,0.0720461095100864,0.0363636363636363,0.0618449781887181
U_16440066,C_801420,1.0,辽宁对外经贸学院,2020-08-30 16:02:19,4,E,781,155,0.0416666666666666,0.0,0.0697247706422018,0.0697247706422018,0.100864553314121,0.0098484848484848,0.1613666961572488
U_30201876,C_680821,2.0,辽宁对外经贸学院,2020-05-27 11:57:00,4,E,781,97,0.0277777777777777,0.0,0.0018348623853211,0.0018348623853211,0.0,0.0,0.0612358500380907
U_30967090,C_676646,0.0,昆明理工大学,2020-08-23 21:32:20,0,A,476,90,0.1111111111111111,0.0,0.0660550458715596,0.0660550458715596,0.0979827089337175,0.0257575757575757,0.3159903065738353
U_31050645,C_1907842,1.0,广州中医药大学,2020-07-23 17:39:07,1,B,423,70,0.4027777777777777,0.0,0.0,0.0,0.0,0.0007575757575757,0.1554401051407984
U_6902172,C_756642,2.0,辽宁对外经贸学院,2020-05-11 19:39:16,4,E,781,149,0.0416666666666666,0.0,0.0660550458715596,0.0660550458715596,0.0518731988472622,0.0295454545454545,0.0619237303298202
U_27286178,C_696575,0.0,辽宁对外经贸学院,2020-08-04 21:36:53,4,E,781,116,0.0138888888888888,0.0,0.0256880733944954,0.0256880733944954,0.0230547550432276,0.006060606060606,0.0610835110485019
U_16711170,C_1736024,0.0,广州中医药大学,2020-05-11 23:26:37,4,E,423,14,0.0416666666666666,0.0,0.0110091743119266,0.018348623853211,0.0144092219020172,0.006060606060606,0.0615985248934128
U_27302307,C_1738818,2.0,安徽工业大学,2020-06-15 19:50:42,4,E,344,15,0.0277777777777777,0.0,0.0055045871559633,0.0055045871559633,0.0057636887608069,0.003030303030303,0.0613160532153734
U_13225880,C_696575,1.0,辽宁对外经贸学院,2020-11-25 14:40:35,4,E,781,116,0.0416666666666666,0.0,0.0256880733944954,0.0256880733944954,0.0288184438040345,0.0075757575757575,0.0616300515020315
U_33246606,C_697076,2.0,辽宁对外经贸学院,2020-11-16 19:01:29,4,E,781,121,0.0555555555555555,0.0,0.1559633027522936,0.1559633027522936,0.1757925072046109,0.0537878787878787,0.0648137041196028
U_11538417,C_1714448,2.0,中国医科大学,2020-05-11 12:02:12,0,A,69,8,0.0972222222222222,0.0,0.1449541284403669,0.1449541284403669,0.1815561959654178,0.0477272727272727,0.0674522277010896
U_1394215,C_1750793,1.0,北京体育大学,2020-06-05 13:56:25,0,A,159,17,0.0833333333333333,0.0,0.036697247706422,0.036697247706422,0.0547550432276657,0.0287878787878787,0.06995741938125
U_33247741,C_697076,1.0,辽宁对外经贸学院,2020-11-17 22:19:23,4,E,781,121,0.0277777777777777,0.0,0.0660550458715596,0.0660550458715596,0.0403458213256484,0.0295454545454545,0.0604699753135718
U_8715668,C_1017355,1.0,广州中医药大学,2020-05-03 10:42:40,0,A,423,0,0.1111111111111111,0.0,0.0807339449541284,0.0807339449541284,0.0806916426512968,0.0212121212121212,0.0682482324738078
U_28978173,C_948436,2.0,辽宁对外经贸学院,2020-05-23 16:57:47,4,E,781,171,0.0416666666666666,0.0,0.0201834862385321,0.0201834862385321,0.0230547550432276,0.0015151515151515,0.0609361739242453
U_5620990,C_735306,0.0,重庆医药学校,2020-10-17 17:46:07,0,A,833,144,0.0972222222222222,0.0,0.1944954128440367,0.2623853211009174,0.2276657060518732,0.0689393939393939,0.0780552858315316
U_32886975,C_735164,2.0,中国医科大学,2020-09-16 11:00:01,2,C,69,138,0.1388888888888889,0.0,0.055045871559633,0.055045871559633,0.0835734870317002,0.0386363636363636,0.0709353038630687
U_11903009,C_707358,0.0,深圳职业技术学院,2020-02-13 20:35:27,0,A,611,134,0.125,0.0,0.1926605504587156,0.2770642201834862,0.1873198847262247,0.0492424242424242,0.0715824313331953
U_8934405,C_735197,0.0,华南理工大学,2020-09-10 20:07:38,3,D,211,141,0.1527777777777777,0.0,0.1908256880733945,0.255045871559633,0.0893371757925072,0.1553030303030303,0.0910433571609289
U_2456432,C_735164,0.0,哈尔滨工程大学,2020-10-24 15:55:58,0,A,273,138,0.1944444444444444,0.0,0.181651376146789,0.2844036697247706,0.2219020172910662,0.0545454545454545,0.0283172289110281
U_19308917,C_1017355,0.0,广州中医药大学,2020-03-02 21:33:22,0,A,423,0,0.0972222222222222,0.0,0.2036697247706422,0.273394495412844,0.201729106628242,0.0659090909090909,0.0717076314891004
U_31757418,C_682392,2.0,辽宁对外经贸学院,2020-09-01 11:10:58,4,E,781,108,0.0138888888888888,0.0,0.0348623853211009,0.0348623853211009,0.0461095100864553,0.0121212121212121,0.0605218164287182
U_31109607,C_801420,1.0,辽宁对外经贸学院,2020-07-31 15:55:10,4,E,781,155,0.0277777777777777,0.0,0.0036697247706422,0.0036697247706422,0.0,0.0,0.0613551222407258
U_5277788,C_674920,0.0,西昌名族幼儿师范高等专科学校,2020-06-14 21:35:11,4,E,734,87,0.2083333333333333,0.0,0.0825688073394495,0.0825688073394495,0.1296829971181556,0.034090909090909,0.0604984760412817
U_30661959,C_674920,0.0,辽宁对外经贸学院,2020-06-23 15:15:23,4,E,781,87,0.0416666666666666,0.0,0.055045871559633,0.055045871559633,0.0605187319884726,0.0159090909090909,0.0620373023869134
U_12107328,C_948488,1.0,合肥工业大学,2020-05-25 15:13:01,0,A,248,172,0.0138888888888888,0.0,0.1834862385321101,0.1834862385321101,0.270893371757925,0.0712121212121212,0.0678946550705801
U_32255780,C_735385,1.0,中国地质大学(北京),2020-10-21 10:49:30,2,C,70,146,0.1527777777777777,0.0,0.1743119266055046,0.1743119266055046,0.239193083573487,0.0651515151515151,0.0005039042966496
U_29957091,C_747056,1.0,辽宁对外经贸学院,2020-05-13 10:45:05,4,E,781,147,0.0416666666666666,0.0,0.0146788990825688,0.0146788990825688,0.0172910662824207,0.0045454545454545,0.0616607164031575
U_15344721,C_1912004,2.0,辽宁对外经贸学院,2020-08-29 10:29:09,4,E,781,74,0.0277777777777777,0.0,0.0055045871559633,0.0055045871559633,0.0028818443804034,0.0007575757575757,0.0618643913690175
U_5581892,C_1824911,2.0,重庆三峡医药高等专科学校,2020-06-02 09:50:46,4,E,822,57,0.0416666666666666,0.0,0.0495412844036697,0.0495412844036697,0.0489913544668587,0.031060606060606,0.064293782503856
U_33395475,C_2027893,1.0,辽宁对外经贸学院,2020-09-22 17:18:24,4,E,781,84,0.0416666666666666,0.0,0.0403669724770642,0.0403669724770642,0.0518731988472622,0.0174242424242424,4.231257452782936e-05
U_29857461,C_1017355,0.0,华南理工大学,2020-05-08 18:58:48,3,D,211,0,0.1388888888888889,0.0,0.0660550458715596,0.0660550458715596,0.0259365994236311,0.0075757575757575,0.0807834022305683
U_26655311,C_766175,2.0,辽宁对外经贸学院,2020-05-27 14:40:02,4,E,781,151,0.0416666666666666,0.0,0.0110091743119266,0.0110091743119266,0.0172910662824207,0.0045454545454545,0.0614184230750591
U_24657524,C_948395,2.0,中国医科大学,2020-02-19 20:12:37,2,C,69,170,0.0138888888888888,0.0,0.181651376146789,0.181651376146789,0.1556195965417867,0.0606060606060606,0.0751369004561936
U_30689470,C_676635,1.0,昆明理工大学,2020-06-26 13:45:31,0,A,476,89,0.0833333333333333,0.0,0.0642201834862385,0.0642201834862385,0.100864553314121,0.0265151515151515,0.069916730940092
U_7141698,C_735283,1.0,吉林大学珠海学院,2020-04-20 16:07:03,4,E,256,143,0.0416666666666666,0.0,0.0642201834862385,0.0642201834862385,0.0576368876080691,0.0378787878787878,0.0643481988367972
U_32753742,C_735164,1.0,昆明理工大学,2020-11-26 11:08:53,4,E,476,138,0.0416666666666666,0.0,0.055045871559633,0.0844036697247706,0.0576368876080691,0.0257575757575757,0.0633771733485281
U_15385907,C_677087,1.0,辽宁对外经贸学院,2020-10-13 11:02:57,4,E,781,92,0.0416666666666666,0.0,0.0146788990825688,0.0146788990825688,0.0201729106628242,0.0053030303030303,0.0614110341809247
U_9803256,C_682575,0.0,山东财经大学,2020-05-26 22:59:18,4,E,377,113,0.0416666666666666,0.0,0.0073394495412844,0.0073394495412844,0.0057636887608069,0.0015151515151515,0.0613420133916819
U_33555235,C_697076,1.0,辽宁对外经贸学院,2020-11-18 19:45:37,4,E,781,121,0.0416666666666666,0.0,0.0091743119266055,0.0091743119266055,0.0057636887608069,0.0015151515151515,0.0629761327004053
U_31034886,C_801420,1.0,辽宁对外经贸学院,2020-07-21 17:29:33,4,E,781,155,0.0416666666666666,0.0,0.0715596330275229,0.0715596330275229,0.0605187319884726,0.0325757575757575,0.0613535226342879
U_30318502,C_676635,2.0,广州中医药大学,2020-06-02 10:40:25,1,B,423,89,0.2222222222222222,0.0,0.0275229357798165,0.0275229357798165,0.0432276657060518,0.0113636363636363,0.1137755375823346
U_27568999,C_735283,1.0,辽宁对外经贸学院,2020-04-20 12:17:14,4,E,781,143,0.0416666666666666,0.0,0.0660550458715596,0.0660550458715596,0.0576368876080691,0.0333333333333333,0.0632186637409155
U_33555046,C_697076,2.0,辽宁对外经贸学院,2020-10-22 10:10:13,4,E,781,121,0.0416666666666666,0.0,0.0770642201834862,0.0770642201834862,0.0749279538904899,0.0348484848484848,0.0614871368191033
U_10193378,C_1731884,0.0,保山学院,2020-05-25 10:10:03,4,E,127,11,0.0416666666666666,0.0,0.0018348623853211,0.0018348623853211,0.0028818443804034,0.0007575757575757,0.0611682059998997
U_11687862,C_948109,0.0,西京学院,2020-09-12 12:36:02,0,A,701,165,0.3194444444444444,0.0,0.5522935779816514,0.5522935779816514,0.8328530259365994,0.975,0.0790362803840717
U_3466239,C_735186,0.0,山东技师学院,2020-06-26 15:30:02,4,E,374,139,0.0416666666666666,0.0,0.0036697247706422,0.0036697247706422,0.0028818443804034,0.0015151515151515,0.0612768356197635
U_31075057,C_680979,1.0,辽宁对外经贸学院,2020-07-27 23:28:20,4,E,781,100,0.0277777777777777,0.0,0.0018348623853211,0.0018348623853211,0.0028818443804034,0.0007575757575757,0.0612141488758275
U_10272706,C_1918363,0.0,新乡医学院三全学院,2020-11-15 21:50:14,4,E,461,76,0.0416666666666666,0.0,0.0422018348623853,0.0422018348623853,0.0547550432276657,0.0356060606060606,0.0623639935258948
U_30608570,C_1829948,2.0,辽宁对外经贸学院,2020-06-19 07:17:18,4,E,781,61,0.0416666666666666,0.0,0.0073394495412844,0.0073394495412844,0.0057636887608069,0.0015151515151515,0.0612373753594
U_11974563,C_697076,1.0,辽宁对外经贸学院,2020-08-10 10:28:20,4,E,781,121,0.0416666666666666,0.0,0.018348623853211,0.018348623853211,0.0144092219020172,0.0037878787878787,0.0610271484451889
U_33783295,C_948387,1.0,深圳信息职业技术学院,2020-09-25 22:34:35,4,E,610,169,0.0416666666666666,0.0,0.0275229357798165,0.0275229357798165,0.0345821325648414,0.009090909090909,0.0617738922728975
U_5264730,C_735164,1.0,黄淮学院,2020-11-27 11:20:38,2,C,904,138,0.1944444444444444,0.0,0.2862385321100917,0.3339449541284404,0.409221902017291,0.1492424242424242,0.0689194679443673
U_29351273,C_735283,1.0,辽宁对外经贸学院,2020-05-29 17:42:44,4,E,781,143,0.0277777777777777,0.0,0.0018348623853211,0.0018348623853211,0.0028818443804034,0.0007575757575757,0.0616844381209212
U_32130875,C_801420,0.0,辽宁对外经贸学院,2020-09-07 18:34:00,4,E,781,155,0.0277777777777777,0.0,0.0146788990825688,0.0146788990825688,0.0086455331412103,0.0022727272727272,0.0617056093825997
U_31066761,C_682392,0.0,昆明理工大学,2020-08-15 15:24:36,0,A,476,108,0.1805555555555555,0.0,0.4440366972477064,0.4440366972477064,0.5994236311239193,0.2083333333333333,0.0643128886389568
U_21645,C_801420,1.0,辽宁对外经贸学院,2020-07-23 10:10:59,4,E,781,155,0.0416666666666666,0.0,0.0715596330275229,0.0715596330275229,0.0576368876080691,0.031060606060606,0.0629188291521289
U_8715666,C_1017355,1.0,广州中医药大学,2020-05-05 11:34:03,2,C,423,0,0.1388888888888889,0.0,0.0825688073394495,0.0825688073394495,0.063400576368876,0.0189393939393939,0.0754332040251963
U_29435422,C_676676,2.0,辽宁对外经贸学院,2020-04-17 10:52:54,4,E,781,91,0.0416666666666666,0.0,0.0697247706422018,0.0697247706422018,0.0547550432276657,0.0348484848484848,0.0636268357613932
U_12061589,C_1714448,2.0,中国医科大学,2020-05-13 16:39:43,0,A,69,8,0.0972222222222222,0.0,0.1449541284403669,0.1449541284403669,0.1815561959654178,0.0477272727272727,0.0674522277010896
U_5071999,C_735197,2.0,华南理工大学,2020-09-27 16:37:18,3,D,211,141,0.1527777777777777,0.0,0.1908256880733945,0.255045871559633,0.063400576368876,0.1386363636363636,0.0850127715571419
U_12156195,C_682392,2.0,陕西工业职业技术学院,2020-09-02 09:02:56,4,E,876,108,0.0416666666666666,0.0,0.073394495412844,0.073394495412844,0.0576368876080691,0.0295454545454545,0.0618994737591299
U_29755241,C_681130,1.0,昆明理工大学,2020-05-04 13:23:13,0,A,476,102,0.0972222222222222,0.0,0.091743119266055,0.091743119266055,0.1440922190201729,0.0378787878787878,0.0682613017041164
U_33245930,C_697076,1.0,辽宁对外经贸学院,2020-10-01 15:18:58,0,A,781,121,0.1111111111111111,0.0,0.036697247706422,0.036697247706422,0.0461095100864553,0.0136363636363636,0.0654117142626352
U_29810638,C_948113,1.0,昆明理工大学,2020-05-07 11:28:09,0,A,476,166,0.0416666666666666,0.0,0.2642201834862385,0.2642201834862385,0.3054755043227665,0.0871212121212121,0.0708695813335399
U_13833459,C_682392,0.0,昆明理工大学,2020-11-24 23:43:45,0,A,476,108,0.1388888888888889,0.0,0.4495412844036697,0.4495412844036697,0.7060518731988472,0.2469696969696969,0.0622557105699649
U_33329117,C_697076,2.0,辽宁对外经贸学院,2020-11-17 14:53:31,4,E,781,121,0.0416666666666666,0.0,0.0458715596330275,0.0458715596330275,0.0489913544668587,0.0136363636363636,0.0607793332558574
U_33343277,C_697076,2.0,辽宁对外经贸学院,2020-11-17 15:01:19,4,E,781,121,0.0416666666666666,0.0,0.036697247706422,0.036697247706422,0.0374639769452449,0.0106060606060606,0.0605951655647931
U_6075037,C_1829948,0.0,北方民族大学,2020-06-18 11:58:12,4,E,190,61,0.1388888888888889,0.0,0.0311926605504587,0.0311926605504587,0.0432276657060518,0.0113636363636363,0.0622381000421219
U_28439975,C_735283,1.0,辽宁对外经贸学院,2020-05-30 11:47:54,4,E,781,143,0.0277777777777777,0.0,0.0128440366972477,0.0128440366972477,0.0201729106628242,0.0053030303030303,0.0619328921623595
U_30886599,C_1731884,0.0,辽宁对外经贸学院,2020-07-11 11:43:01,4,E,781,11,0.0416666666666666,0.0,0.0091743119266055,0.0091743119266055,0.0144092219020172,0.0037878787878787,0.0612762908621531
U_30487010,C_1750795,0.0,辽宁对外经贸学院,2020-06-13 10:24:14,4,E,781,18,0.0416666666666666,0.0,0.0055045871559633,0.0055045871559633,0.0086455331412103,0.0045454545454545,0.0612159564806258
U_28740784,C_1767581,1.0,华北科技学院,2020-05-23 19:46:16,4,E,208,35,0.0416666666666666,0.0,0.0091743119266055,0.0091743119266055,0.0086455331412103,0.0022727272727272,0.0613626299910661
U_12149320,C_697107,2.0,辽宁对外经贸学院,2020-06-20 15:56:18,4,E,781,122,0.0416666666666666,0.0,0.0311926605504587,0.0311926605504587,0.0461095100864553,0.0143939393939393,0.0618925553374773
U_30613909,C_735195,2.0,辽宁对外经贸学院,2020-06-20 13:02:17,4,E,781,140,0.0277777777777777,0.0,0.0055045871559633,0.0055045871559633,0.0086455331412103,0.0022727272727272,0.0613093774584745
U_31072726,C_682392,0.0,华南理工大学,2020-07-30 16:01:40,3,D,211,108,0.0138888888888888,0.0,0.1669724770642202,0.1669724770642202,0.1585014409221901,0.0507575757575757,0.0685946636476548
U_30022583,C_747056,0.0,辽宁对外经贸学院,2020-05-17 17:18:01,4,E,781,147,0.0416666666666666,0.0,0.0587155963302752,0.0587155963302752,0.0605187319884726,0.0166666666666666,0.0629570513270142
U_28138539,C_786631,2.0,辽宁对外经贸学院,2020-03-03 08:27:08,4,E,781,154,0.0416666666666666,0.0,0.0770642201834862,0.0770642201834862,0.0518731988472622,0.0303030303030303,0.0620108469764136
U_32878420,C_735164,2.0,昆明理工大学,2020-09-18 17:27:02,0,A,476,138,0.125,0.0,0.0440366972477064,0.0623853211009174,0.0547550432276657,0.0242424242424242,0.0605021803930327
U_19843881,C_1828108,2.0,辽宁对外经贸学院,2020-07-22 14:47:09,4,E,781,60,0.0277777777777777,0.0,0.0073394495412844,0.0073394495412844,0.0086455331412103,0.0022727272727272,0.0611989550908382
U_10808327,C_735164,0.0,承德石油高等专科学校,2020-11-14 10:33:57,0,A,456,138,0.0138888888888888,0.0,0.0403669724770642,0.0403669724770642,0.063400576368876,0.028030303030303,0.0682095596358084
U_14817280,C_1864063,1.0,辽宁对外经贸学院,2020-07-15 22:13:19,4,E,781,66,0.0138888888888888,0.0,0.055045871559633,0.055045871559633,0.0403458213256484,0.0121212121212121,0.0626528487726601
U_29710742,C_1918363,1.0,昆明理工大学,2020-11-12 09:46:45,0,A,476,76,0.0833333333333333,0.0,0.0073394495412844,0.0073394495412844,0.0086455331412103,0.006060606060606,0.0744952255145134
U_12408732,C_735197,0.0,华南理工大学,2020-09-12 16:09:26,4,E,211,141,0.0277777777777777,0.0,0.0091743119266055,0.0091743119266055,0.0086455331412103,0.0022727272727272,0.0652930511980555
U_7777240,C_1992950,0.0,华南农业大学,2020-08-29 15:51:43,4,E,209,83,0.0416666666666666,0.0,0.0146788990825688,0.0146788990825688,0.0115273775216138,0.0606060606060606,0.0581799183184584
U_28564072,C_1736024,2.0,广州中医药大学,2020-05-17 10:18:17,4,E,423,14,0.0416666666666666,0.0,0.0110091743119266,0.0146788990825688,0.0172910662824207,0.0075757575757575,0.0614424964090986
U_33090269,C_735164,1.0,昆明理工大学,2020-10-18 20:23:26,4,E,476,138,0.0138888888888888,0.0,0.0055045871559633,0.0091743119266055,0.0057636887608069,0.003030303030303,0.0605523822830058
U_4096792,C_786631,0.0,西昌学院,2020-03-01 19:49:52,4,E,736,154,0.0416666666666666,0.0,0.0880733944954128,0.0880733944954128,0.0518731988472622,0.031060606060606,0.0649665482480667
U_30318471,C_676635,1.0,辽宁对外经贸学院,2020-06-02 10:49:28,4,E,781,89,0.0416666666666666,0.0,0.018348623853211,0.018348623853211,0.0144092219020172,0.0037878787878787,0.0615888183032631
U_29085619,C_735283,1.0,辽宁对外经贸学院,2020-05-20 09:27:42,4,E,781,143,0.0416666666666666,0.0,0.0201834862385321,0.0201834862385321,0.0259365994236311,0.0075757575757575,0.0621629680629583
U_16093930,C_786631,2.0,北华航天工业学院,2020-04-13 21:22:00,0,A,186,154,0.0833333333333333,0.0,0.2,0.2697247706422018,0.2103746397694524,0.0727272727272727,0.0710309088237011
U_5245100,C_674920,0.0,西昌民族幼儿师范专科学校,2020-07-21 09:12:12,4,E,748,87,0.4027777777777777,0.0,0.2201834862385321,0.2201834862385321,0.30835734870317,0.0825757575757575,0.0667340489815357
U_32966155,C_735197,2.0,辽宁对外经贸学院,2020-09-16 21:44:06,4,E,781,141,0.0416666666666666,0.0,0.0091743119266055,0.0091743119266055,0.0144092219020172,0.0037878787878787,0.0611231396884905
U_11520977,C_735197,0.0,辽宁石油化工大学,2020-09-16 14:53:56,3,D,790,141,0.1944444444444444,0.0,0.146788990825688,0.2862385321100917,0.1037463976945244,0.1439393939393939,0.0693003228468523
U_29954874,C_747056,0.0,辽宁对外经贸学院,2020-05-13 09:19:08,4,E,781,147,0.0416666666666666,0.0,0.0256880733944954,0.0256880733944954,0.031700288184438,0.0098484848484848,0.0617188866112687
U_5152185,C_735197,2.0,华南理工大学,2020-09-16 08:28:55,4,E,211,141,0.0416666666666666,0.0,0.0678899082568807,0.0678899082568807,0.0489913544668587,0.031060606060606,0.0627435311054309
U_2438988,C_680979,2.0,西安交通大学,2020-07-20 10:32:53,4,E,715,100,0.0416666666666666,0.0,0.0348623853211009,0.0348623853211009,0.0518731988472622,0.0181818181818181,0.0604555045705018
U_33459828,C_2027893,0.0,辽宁对外经贸学院,2020-09-23 10:45:34,4,E,781,84,0.0416666666666666,0.0,0.0165137614678899,0.0165137614678899,0.0259365994236311,0.0083333333333333,0.0614743102535484
U_32612183,C_735164,1.0,昆明理工大学,2020-11-29 00:03:45,0,A,476,138,0.0972222222222222,0.0,0.1798165137614679,0.2568807339449541,0.1671469740634005,0.0454545454545454,0.0693785203256602
U_4807444,C_682392,0.0,昆明理工大学,2020-09-21 08:59:06,0,A,476,108,0.0833333333333333,0.0,0.1247706422018348,0.2660550458715596,0.1844380403458213,0.0439393939393939,0.0521987967056994
U_31060158,C_735115,2.0,辽宁对外经贸学院,2020-07-25 13:44:55,4,E,781,136,0.0833333333333333,0.0,0.5211009174311927,0.5211009174311927,0.3890489913544668,0.1227272727272727,0.0769091207715058
U_33275963,C_697076,2.0,辽宁对外经贸学院,2020-12-07 12:37:37,4,E,781,121,0.0416666666666666,0.0,0.018348623853211,0.018348623853211,0.0086455331412103,0.0022727272727272,0.0610951688613653
U_29934377,C_697062,2.0,昆明理工大学,2020-05-12 08:24:50,0,A,476,120,0.1111111111111111,0.0,0.1889908256880734,0.1889908256880734,0.2478386167146974,0.0681818181818181,0.0674264012380128
U_30533484,C_735115,2.0,辽宁对外经贸学院,2020-06-15 23:13:10,4,E,781,136,0.0555555555555555,0.0,0.110091743119266,0.110091743119266,0.0691642651296829,0.0204545454545454,0.063876116843931
U_30659393,C_948436,2.0,辽宁对外经贸学院,2020-06-23 11:37:59,4,E,781,171,0.0416666666666666,0.0,0.0311926605504587,0.0311926605504587,0.0345821325648414,0.0037878787878787,0.0620675760530281
U_4080241,C_735164,0.0,西华师范大学,2020-12-01 19:27:05,4,E,708,138,0.0416666666666666,0.0,0.0018348623853211,0.0018348623853211,0.0028818443804034,0.0015151515151515,0.0612298874184274
U_20302863,C_1760323,2.0,辽宁对外经贸学院,2020-06-20 15:37:16,4,E,781,30,0.0416666666666666,0.0,0.0422018348623853,0.0422018348623853,0.0403458213256484,0.0113636363636363,0.0626393387839212
U_32739533,C_735164,1.0,辽宁对外经贸学院,2020-09-20 15:33:09,4,E,781,138,0.0416666666666666,0.0,0.0091743119266055,0.0110091743119266,0.0115273775216138,0.0045454545454545,0.0613146071315348
U_30782422,C_801420,2.0,辽宁对外经贸学院,2020-07-17 16:19:59,4,E,781,155,0.0416666666666666,0.0,0.0678899082568807,0.0678899082568807,0.0489913544668587,0.0333333333333333,0.0625045558464143
U_9814095,C_735197,0.0,辽宁对外经贸学院,2020-11-12 10:25:09,4,E,781,141,0.0416666666666666,0.0,0.1266055045871559,0.1266055045871559,0.0835734870317002,0.0219696969696969,0.0651337789297883
U_30621929,C_1829948,2.0,辽宁对外经贸学院,2020-06-19 21:55:40,4,E,781,61,0.0138888888888888,0.0,0.0073394495412844,0.0073394495412844,0.0057636887608069,0.0015151515151515,0.0606228144896939
U_28360058,C_1755921,1.0,辽宁对外经贸学院,2020-05-11 17:19:58,4,E,781,22,0.0416666666666666,0.0,0.0073394495412844,0.0073394495412844,0.0115273775216138,0.003030303030303,0.061263588105146
U_32386443,C_2027893,2.0,辽宁对外经贸学院,2020-09-10 20:16:42,4,E,781,84,0.0416666666666666,0.0,0.0697247706422018,0.0697247706422018,0.0547550432276657,0.0303030303030303,0.0614240588401562
U_5094697,C_674920,0.0,西昌民族幼儿师范高等专科,2020-06-29 19:55:21,4,E,750,87,0.5138888888888888,0.0,0.2201834862385321,0.2201834862385321,0.3256484149855908,0.0878787878787878,0.0725022297967152
U_11065348,C_676646,2.0,天津商业大学,2020-08-11 00:22:29,4,E,316,90,0.0416666666666666,0.0,0.018348623853211,0.018348623853211,0.0288184438040345,0.0075757575757575,0.0622969289117076
U_11903055,C_707358,0.0,深圳职业技术学院,2020-03-31 20:57:01,0,A,611,134,0.0416666666666666,0.0,0.1853211009174312,0.2697247706422018,0.1844380403458213,0.0484848484848484,0.0689141639861784
U_22252709,C_735115,1.0,辽宁对外经贸学院,2020-05-11 12:51:27,4,E,781,136,0.0138888888888888,0.0,0.3486238532110092,0.3486238532110092,0.4812680115273774,0.1651515151515151,0.0704970711271785
U_10407957,C_676646,2.0,天津商业大学,2020-08-17 16:31:36,4,E,316,90,0.0277777777777777,0.0,0.018348623853211,0.018348623853211,0.0230547550432276,0.006060606060606,0.0180732392199099
U_29823128,C_756642,2.0,昆明理工大学,2020-05-07 22:41:16,0,A,476,149,0.0694444444444444,0.0,0.018348623853211,0.018348623853211,0.0288184438040345,0.009090909090909,0.0744721921722755
U_18830241,C_948488,1.0,合肥工业大学,2020-03-06 14:16:19,0,A,248,172,0.0277777777777777,0.0,0.163302752293578,0.218348623853211,0.1729106628242074,0.0765151515151515,0.063516403489073
U_14749906,C_1918363,2.0,新乡医学院三全学院,2020-10-30 07:55:00,0,A,461,76,0.1111111111111111,0.0,0.2,0.2807339449541284,0.1902017291066282,0.0689393939393939,0.0723967696756758
U_13505657,C_676676,1.0,辽宁对外经贸学院,2020-04-27 12:45:55,4,E,781,91,0.0416666666666666,0.0,0.0036697247706422,0.0036697247706422,0.0028818443804034,0.0007575757575757,0.0620156755097789
U_33344103,C_697076,2.0,辽宁对外经贸学院,2020-11-17 11:49:09,4,E,781,121,0.0555555555555555,0.0,0.1834862385321101,0.1834862385321101,0.2853025936599423,0.0901515151515151,0.0645462776562954
U_24665714,C_948395,1.0,西安美术学院,2020-02-19 11:34:09,0,A,727,170,0.1666666666666666,0.0,0.1761467889908257,0.2403669724770642,0.1729106628242074,0.0818181818181818,0.0661790845944119
U_33333771,C_697076,2.0,辽宁对外经贸学院,2020-09-28 14:21:55,4,E,781,121,0.0416666666666666,0.0,0.0844036697247706,0.0844036697247706,0.0720461095100864,0.034090909090909,0.0614243906470644
U_33554736,C_697076,0.0,辽宁对外经贸学院,2020-11-19 11:49:10,4,E,781,121,0.0416666666666666,0.0,0.0715596330275229,0.0715596330275229,0.0201729106628242,0.0196969696969696,0.0639084655413073
U_18444233,C_948488,1.0,华南理工大学,2020-06-08 09:20:27,3,D,211,172,0.0138888888888888,0.0,0.1834862385321101,0.1834862385321101,0.1469740634005763,0.0386363636363636,0.0828206174093085
U_30428424,C_1829948,0.0,辽宁对外经贸学院,2020-06-10 07:48:21,4,E,781,61,0.0416666666666666,0.0,0.0220183486238532,0.0220183486238532,0.0288184438040345,0.0075757575757575,0.0612186852210199
U_14648537,C_1907852,1.0,辽宁对外经贸学院,2020-11-20 21:35:30,4,E,781,71,0.0416666666666666,0.0,0.0348623853211009,0.0348623853211009,0.0259365994236311,0.0068181818181818,0.0621625669232633
U_30017758,C_749807,1.0,辽宁对外经贸学院,2020-05-17 00:11:00,4,E,781,148,0.0416666666666666,0.0,0.0238532110091743,0.0238532110091743,0.0288184438040345,0.0075757575757575,0.0618565220977176
U_5212098,C_674920,2.0,辽宁对外经贸学院,2020-06-15 09:17:57,4,E,781,87,0.0555555555555555,0.0,0.2018348623853211,0.2018348623853211,0.3170028818443803,0.0856060606060606,0.0648154770580076
U_2104154,C_1828106,2.0,华中科技大学,2020-08-31 16:42:37,4,E,200,59,0.0277777777777777,0.0,0.055045871559633,0.055045871559633,0.0,0.0121212121212121,0.0072546832326806
U_4504861,C_735164,0.0,2-161-22,2020-09-15 13:48:42,0,A,6,138,0.1111111111111111,0.0,0.1834862385321101,0.273394495412844,0.2046109510086455,0.0719696969696969,0.0704740922607018
U_29951865,C_948395,0.0,辽宁对外经贸学院,2020-05-31 16:14:44,4,E,781,170,0.0416666666666666,0.0,0.0623853211009174,0.0623853211009174,0.0951008645533141,0.056060606060606,0.0620570325170951
U_5732374,C_1824911,2.0,重庆三峡医药高等专科学校,2020-06-05 12:37:33,4,E,822,57,0.0833333333333333,0.0,0.0,0.0,0.0,0.0636363636363636,0.0450038511376979
U_16196869,C_681031,2.0,辽宁对外经贸学院,2020-04-25 13:47:03,4,E,781,101,0.0277777777777777,0.0,0.0055045871559633,0.0055045871559633,0.0057636887608069,0.0015151515151515,0.0613020232307336
U_32929699,C_735164,2.0,昆明理工大学,2020-09-20 09:54:39,3,D,476,138,0.1527777777777777,0.0,0.0770642201834862,0.1339449541284403,0.0489913544668587,0.0219696969696969,0.0794144857836332
U_24713967,C_1017355,2.0,昆明理工大学,2020-04-10 15:35:40,0,A,476,0,0.125,0.0,0.163302752293578,0.2605504587155963,0.2046109510086455,0.084090909090909,0.0643931611490262
U_12420004,C_697076,0.0,长沙理工大学,2020-09-09 19:36:15,2,C,862,121,0.1805555555555555,0.0,0.073394495412844,0.073394495412844,0.0922190201729106,0.0295454545454545,0.0639406409067167
U_6241034,C_756642,2.0,昆明理工大学,2020-05-11 17:15:02,0,A,476,149,0.0694444444444444,0.0,0.0091743119266055,0.0091743119266055,0.0,0.0,0.0756475017644599
U_32577218,C_735164,2.0,昆明理工大学,2020-10-07 13:43:31,2,C,476,138,0.1111111111111111,0.0,0.1908256880733945,0.1908256880733945,0.1613832853025936,0.053030303030303,0.0745066059962297
U_6159589,C_735197,0.0,华南理工大学,2020-10-24 17:34:04,4,E,211,141,0.0416666666666666,0.0,0.0568807339449541,0.0568807339449541,0.0547550432276657,0.0318181818181818,0.1645564872869946
U_30366446,C_1829948,0.0,辽宁对外经贸学院,2020-06-19 13:22:34,4,E,781,61,0.1388888888888889,0.0,0.1541284403669724,0.1541284403669724,0.1757925072046109,0.0462121212121212,0.0658404682161037
U_32594068,C_735164,2.0,昆明理工大学,2020-12-02 19:57:23,0,A,476,138,0.125,0.0,0.2862385321100917,0.2990825688073394,0.4351585014409221,0.1575757575757575,0.0696629432264133
U_34337715,C_1755941,1.0,辽宁何氏医学院,2020-10-30 18:44:32,4,E,771,24,0.0277777777777777,0.0,0.0110091743119266,0.0110091743119266,0.0144092219020172,0.0037878787878787,0.0026906950802015
U_33224557,C_697076,2.0,辽宁对外经贸学院,2020-09-24 15:08:37,0,A,781,121,0.0972222222222222,0.0,0.0275229357798165,0.0275229357798165,0.0432276657060518,0.0136363636363636,0.0652735736373113
U_19821273,C_808528,2.0,昆明理工大学,2020-02-19 22:37:21,0,A,476,156,0.0138888888888888,0.0,0.1963302752293578,0.2660550458715596,0.2132564841498559,0.0568181818181818,0.0696491509541853
U_5009220,C_735164,1.0,宝鸡文理学院,2020-09-16 23:17:44,0,A,356,138,0.0277777777777777,0.0,0.1853211009174312,0.2440366972477064,0.1181556195965417,0.0848484848484848,0.060788534707132
U_33224760,C_697076,1.0,辽宁对外经贸学院,2020-09-27 11:06:53,0,A,781,121,0.1111111111111111,0.0,0.1889908256880734,0.273394495412844,0.1959654178674351,0.059090909090909,0.0683140292884652
U_2235311,C_735164,0.0,北方工业大学,2020-11-17 19:33:43,0,A,189,138,0.1111111111111111,0.0,0.163302752293578,0.2532110091743119,0.2132564841498559,0.0545454545454545,0.0575363169157739
U_9774810,C_735197,2.0,华南理工大学,2020-09-07 15:11:28,3,D,211,141,0.125,0.0,0.0018348623853211,0.0018348623853211,0.0,0.0,0.0873629054120032
U_6758240,C_1824911,2.0,重庆三峡医药高等专科学校,2020-06-10 19:14:05,4,E,822,57,0.1666666666666666,0.0,0.0623853211009174,0.0623853211009174,0.0576368876080691,0.0151515151515151,0.0621853130296702
U_33714135,C_697076,1.0,辽宁对外经贸学院,2020-12-06 17:36:59,4,E,781,121,0.0555555555555555,0.0,0.1834862385321101,0.1834862385321101,0.2881844380403458,0.0931818181818181,0.0645015282947686
U_456336,C_735164,1.0,辽宁科技学院,2020-12-07 13:23:26,0,A,793,138,0.1388888888888889,0.0,0.2862385321100917,0.2899082568807339,0.4495677233429394,0.1636363636363636,0.0667941852693865
U_16562521,C_735283,1.0,辽宁对外经贸学院,2020-07-10 14:15:10,4,E,781,143,0.0277777777777777,0.0,0.0055045871559633,0.0055045871559633,0.0057636887608069,0.0015151515151515,0.0618012688189931
U_32881392,C_735164,2.0,昆明理工大学,2020-09-16 10:01:39,0,A,476,138,0.1111111111111111,0.0,0.2110091743119266,0.2899082568807339,0.239193083573487,0.0651515151515151,0.0240944724391275
U_4460408,C_735197,0.0,华南理工大学,2020-10-19 22:28:13,4,E,211,141,0.2916666666666666,0.0,0.0660550458715596,0.0660550458715596,0.0605187319884726,0.0325757575757575,0.0642727152413577
U_32905214,C_735164,2.0,中国医科大学,2020-09-16 13:48:32,2,C,69,138,0.125,0.0,0.1981651376146789,0.1981651376146789,0.1383285302593659,0.084090909090909,0.0775260389559625
U_5277772,C_674920,0.0,西昌民族幼儿师范高等专科学校,2020-06-17 09:56:14,4,E,751,87,0.0555555555555555,0.0,0.0880733944954128,0.0880733944954128,0.0922190201729106,0.0272727272727272,0.0601288134315203
U_30722191,C_674920,2.0,辽宁对外经贸学院,2020-06-29 09:48:22,4,E,781,87,0.0555555555555555,0.0,0.146788990825688,0.146788990825688,0.1757925072046109,0.0469696969696969,0.065134363306134
U_10244809,C_735197,0.0,华南理工大学,2020-09-26 10:14:45,3,D,211,141,0.1666666666666666,0.0,0.1688073394495413,0.2899082568807339,0.0576368876080691,0.175,0.0825215306241507
U_965260,C_735164,0.0,昆明理工大学,2020-09-16 13:47:44,0,A,476,138,0.0277777777777777,0.0,0.0256880733944954,0.0256880733944954,0.0403458213256484,0.0196969696969696,0.0648376536450945
U_13932219,C_1806527,1.0,昆明理工大学,2020-06-26 11:19:19,0,A,476,53,0.0138888888888888,0.0,0.0055045871559633,0.0055045871559633,0.0028818443804034,0.0075757575757575,0.0744396552859065
U_14046976,C_1829948,1.0,辽宁对外经贸学院,2020-06-17 10:02:16,4,E,781,61,0.0416666666666666,0.0,0.0311926605504587,0.0311926605504587,0.0403458213256484,0.0106060606060606,0.0618096977049292
U_12390631,C_948387,2.0,深圳信息职业技术学院,2020-10-27 13:51:26,4,E,610,169,0.0138888888888888,0.0,0.091743119266055,0.091743119266055,0.0691642651296829,0.0181818181818181,0.063390916097337
U_31066912,C_682392,0.0,中国医科大学,2020-09-14 19:48:57,2,C,69,108,0.0555555555555555,0.0,0.2091743119266055,0.2091743119266055,0.1296829971181556,0.0424242424242424,0.0624887776850791
U_27974246,C_697076,2.0,泽大教育,2020-09-27 18:21:46,0,A,590,121,0.0694444444444444,0.0,0.0256880733944954,0.0256880733944954,0.0403458213256484,0.0128787878787878,0.0735772990362366
U_22348724,C_676646,2.0,辽宁对外经贸学院,2020-06-10 08:42:43,4,E,781,90,0.0416666666666666,0.0,0.0256880733944954,0.0256880733944954,0.031700288184438,0.0083333333333333,0.0617044951056693
U_18298409,C_948488,0.0,广州中医药大学,2020-03-06 14:18:28,1,B,423,172,0.1805555555555555,0.0,0.0605504587155963,0.0642201834862385,0.0951008645533141,0.0287878787878787,0.1134546555404172
U_26076802,C_948395,2.0,西安美术学院,2020-02-25 13:31:12,0,A,727,170,0.1111111111111111,0.0,0.1963302752293578,0.2807339449541284,0.2046109510086455,0.0628787878787878,0.0716392842183577
U_30653318,C_681411,2.0,辽宁对外经贸学院,2020-06-22 21:43:32,4,E,781,103,0.0555555555555555,0.0,0.1761467889908257,0.1761467889908257,0.2507204610951008,0.0659090909090909,0.0664300296638325
U_12390555,C_948387,0.0,辽宁对外经贸学院,2020-10-27 13:37:35,4,E,781,169,0.0138888888888888,0.0,0.0752293577981651,0.0752293577981651,0.0691642651296829,0.0181818181818181,0.0629321905706104
U_33713621,C_697076,1.0,辽宁对外经贸学院,2020-11-16 16:44:16,0,A,781,121,0.0833333333333333,0.0,0.1376146788990825,0.2495412844036697,0.1383285302593659,0.0537878787878787,0.0635334643069636
U_33139471,C_2059281,2.0,辽宁对外经贸学院,2020-09-19 09:13:08,4,E,781,85,0.0138888888888888,0.0,0.018348623853211,0.018348623853211,0.0172910662824207,0.0068181818181818,0.061490633172494
U_26364857,C_801420,1.0,辽宁对外经贸学院,2020-08-04 11:39:25,4,E,781,155,0.0416666666666666,0.0,0.0293577981651376,0.0293577981651376,0.0345821325648414,0.0083333333333333,0.0607963049315936
U_30337161,C_747056,0.0,华南理工大学,2020-06-03 14:57:54,3,D,211,147,0.1944444444444444,0.0,0.4495412844036697,0.4495412844036697,0.201729106628242,0.0553030303030303,0.0912680647228939
U_7310202,C_735164,1.0,昆明理工大学,2020-11-27 16:18:51,0,A,476,138,0.125,0.0,0.2862385321100917,0.3064220183486238,0.4351585014409221,0.1590909090909091,0.0698926576060524
U_20020239,C_948395,2.0,西安美术学院,2020-02-24 11:34:56,0,A,727,170,0.1111111111111111,0.0,0.1944954128440367,0.2807339449541284,0.2046109510086455,0.0636363636363636,0.071229061928328
U_33249708,C_1992945,1.0,辽宁对外经贸学院,2020-11-05 15:08:40,4,E,781,82,0.0277777777777777,0.0,0.0036697247706422,0.0036697247706422,0.0057636887608069,0.0015151515151515,0.0613351940168675
U_7374699,C_1824911,2.0,辽宁对外经贸学院,2020-06-11 14:35:49,4,E,781,57,0.0277777777777777,0.0,0.0660550458715596,0.0660550458715596,0.0720461095100864,0.0325757575757575,0.0636227253176053
U_26825278,C_1774985,2.0,辽宁对外经贸学院,2020-05-09 12:00:11,4,E,781,46,0.0277777777777777,0.0,0.0036697247706422,0.0036697247706422,0.0028818443804034,0.0007575757575757,0.0611985341417755
U_13102697,C_813262,0.0,陕西工业职业技术学院,2019-11-05 22:19:02,0,A,876,157,0.0416666666666666,0.0,0.1779816513761468,0.2660550458715596,0.2074927953890489,0.059090909090909,0.0673715193849318
U_4096715,C_786631,0.0,西昌学院,2020-03-01 13:15:35,4,E,736,154,0.0555555555555555,0.0,0.0752293577981651,0.0752293577981651,0.0547550432276657,0.0318181818181818,0.0621488736978736
U_18301803,C_697062,0.0,中国医科大学,2020-04-27 08:47:29,2,C,69,120,0.1666666666666666,0.0,0.1651376146788991,0.1651376146788991,0.1613832853025936,0.0507575757575757,0.0708047056544783
U_14289029,C_682392,2.0,陕西工业职业技术学院,2020-09-04 15:46:12,4,E,876,108,0.0416666666666666,0.0,0.0807339449541284,0.0807339449541284,0.0576368876080691,0.0303030303030303,0.0613252249525965
U_22311536,C_707358,1.0,湖北文理学院理工学院,2020-05-14 15:35:45,0,A,626,134,0.0138888888888888,0.0,0.018348623853211,0.0201834862385321,0.0259365994236311,0.0068181818181818,0.07579407127572
U_27581073,C_735283,2.0,辽宁对外经贸学院,2020-04-20 12:54:11,4,E,781,143,0.0416666666666666,0.0,0.0642201834862385,0.0642201834862385,0.0547550432276657,0.0333333333333333,0.0627390987594187
U_33224751,C_697076,2.0,辽宁对外经贸学院,2020-09-24 14:07:49,0,A,781,121,0.1111111111111111,0.0,0.1706422018348624,0.2513761467889908,0.1210374639769452,0.0401515151515151,0.0730482700637117
U_29995977,C_1750793,0.0,昆明理工大学,2020-06-16 11:15:01,0,A,476,17,0.1111111111111111,0.0,0.036697247706422,0.036697247706422,0.0547550432276657,0.0287878787878787,0.070277979520943
U_6766541,C_1824911,2.0,重庆三峡医药高等专科学校,2020-06-02 10:24:43,4,E,822,57,0.0555555555555555,0.0,0.0293577981651376,0.0293577981651376,0.0461095100864553,0.025,0.0491863366433802
U_30365336,C_1829948,2.0,辽宁对外经贸学院,2020-06-05 10:35:48,4,E,781,61,0.0277777777777777,0.0,0.0073394495412844,0.0073394495412844,0.0057636887608069,0.0015151515151515,0.0590987312659376
U_29040364,C_735186,1.0,辽宁对外经贸学院,2020-07-16 15:50:43,4,E,781,139,0.0416666666666666,0.0,0.0256880733944954,0.0256880733944954,0.0201729106628242,0.0068181818181818,0.0618721368317696
U_30683089,C_948436,0.0,辽宁对外经贸学院,2020-06-25 10:53:12,4,E,781,171,0.0277777777777777,0.0,0.0018348623853211,0.0018348623853211,0.0028818443804034,0.0,0.0612135001190369
U_32718130,C_735164,1.0,昆明理工大学,2020-10-26 10:07:47,0,A,476,138,0.0694444444444444,0.0,0.2862385321100917,0.2972477064220183,0.446685878962536,0.1621212121212121,0.0693769850996671
U_3699203,C_1017355,2.0,广州中医药大学,2020-05-05 12:13:07,4,E,423,0,0.0277777777777777,0.0,0.0018348623853211,0.0018348623853211,0.0,0.0,0.0610317937419034
U_24161124,C_1738818,0.0,安徽工业大学,2020-06-15 19:26:41,0,A,344,15,0.0555555555555555,0.0,0.0440366972477064,0.0440366972477064,0.0576368876080691,0.0272727272727272,0.070231477030379
U_7499860,C_1824911,0.0,辽宁对外经贸学院,2020-06-10 19:47:36,4,E,781,57,0.1111111111111111,0.0,0.0568807339449541,0.0568807339449541,0.0489913544668587,0.0287878787878787,0.0571980571060835
U_28189616,C_681031,0.0,中国医科大学,2020-07-19 14:50:41,2,C,69,101,0.1388888888888889,0.0,0.0990825688073394,0.0990825688073394,0.0720461095100864,0.0204545454545454,0.0761022010372112
U_30447672,C_674920,0.0,辽宁对外经贸学院,2020-06-11 09:18:02,4,E,781,87,0.0416666666666666,0.0,0.091743119266055,0.091743119266055,0.0461095100864553,0.0121212121212121,0.0637157798221525
U_15776472,C_1755893,1.0,辽宁对外经贸学院,2020-05-02 12:07:26,4,E,781,19,0.0277777777777777,0.0,0.0073394495412844,0.0073394495412844,0.0057636887608069,0.0015151515151515,0.0612521382906429
U_29808111,C_786631,1.0,昆明理工大学,2020-05-07 09:57:04,0,A,476,154,0.0277777777777777,0.0,0.0807339449541284,0.0807339449541284,0.0979827089337175,0.0295454545454545,0.0595769046393569
U_4807569,C_682392,0.0,陕西工业职业技术学院,2020-09-21 08:56:19,4,E,876,108,0.0138888888888888,0.0,0.0899082568807339,0.0899082568807339,0.0230547550432276,0.0113636363636363,0.0659417832269619
U_30200653,C_676646,0.0,中国医科大学,2020-05-27 10:43:30,2,C,69,90,0.125,0.0,0.0660550458715596,0.0660550458715596,0.0576368876080691,0.0151515151515151,0.0762573628616905
U_16785252,C_1829948,0.0,北方民族大学,2020-06-18 09:51:58,4,E,190,61,0.1944444444444444,0.0,0.3357798165137615,0.3357798165137615,0.3832853025936599,0.1007575757575757,0.0712737171953584
U_14946125,C_756642,0.0,辽宁对外经贸学院,2020-05-09 19:09:59,4,E,781,149,0.0416666666666666,0.0,0.0642201834862385,0.0642201834862385,0.0461095100864553,0.0333333333333333,0.0627641031337379
U_33329510,C_697076,2.0,辽宁对外经贸学院,2020-09-22 08:45:44,4,E,781,121,0.0555555555555555,0.0,0.036697247706422,0.036697247706422,0.0374639769452449,0.0098484848484848,0.0620219897457181
U_17899848,C_786631,2.0,北华航天工业学院,2020-04-23 09:52:27,0,A,186,154,0.0972222222222222,0.0,0.2201834862385321,0.2807339449541284,0.2276657060518732,0.0765151515151515,0.0756058426642869
U_20011688,C_948120,0.0,辽宁对外经贸学院,2020-10-18 14:54:01,4,E,781,167,0.0277777777777777,0.0,0.0935779816513761,0.0935779816513761,0.0922190201729106,0.0287878787878787,0.063433486428422
U_26953103,C_801420,0.0,辽宁对外经贸学院,2020-07-22 14:48:55,4,E,781,155,0.0277777777777777,0.0,0.0055045871559633,0.0055045871559633,0.0028818443804034,0.0007575757575757,0.0613965287714613
U_5740609,C_735197,0.0,华南理工大学,2020-09-24 15:10:20,3,D,211,141,0.0972222222222222,0.0,0.0458715596330275,0.0458715596330275,0.0576368876080691,0.0196969696969696,0.0889859661412348
U_30536942,C_1829948,0.0,辽宁对外经贸学院,2020-06-15 14:22:36,4,E,781,61,0.0416666666666666,0.0,0.0513761467889908,0.0513761467889908,0.063400576368876,0.0166666666666666,0.062367227405164
U_2972725,C_674920,0.0,北京第二外国语学院,2020-05-29 19:33:40,4,E,179,87,0.0416666666666666,0.0,0.018348623853211,0.018348623853211,0.0144092219020172,0.0037878787878787,0.0613431970013991
U_33442624,C_697076,1.0,辽宁对外经贸学院,2020-11-16 22:02:56,4,E,781,121,0.0416666666666666,0.0,0.0862385321100917,0.0862385321100917,0.0518731988472622,0.031060606060606,0.0611548396290763
U_11946015,C_948387,0.0,深圳信息职业技术学院,2020-10-28 09:42:40,4,E,610,169,0.0416666666666666,0.0,0.0275229357798165,0.0275229357798165,0.0172910662824207,0.0045454545454545,0.0619779683784525
U_32134295,C_697076,2.0,中国医科大学,2020-09-07 19:37:44,2,C,69,121,0.1805555555555555,0.0,0.018348623853211,0.018348623853211,0.0115273775216138,0.003030303030303,0.0821534775255111
U_28977654,C_948436,1.0,辽宁对外经贸学院,2020-05-18 08:16:11,4,E,781,171,0.0277777777777777,0.0,0.0036697247706422,0.0036697247706422,0.0057636887608069,0.0,0.0612584871929755
U_16130002,C_801420,0.0,辽宁对外经贸学院,2020-08-16 16:37:01,4,E,781,155,0.0416666666666666,0.0,0.0128440366972477,0.0128440366972477,0.0144092219020172,0.0045454545454545,0.3119629187983228
U_29947992,C_681031,2.0,辽宁对外经贸学院,2020-05-12 16:48:42,4,E,781,101,0.0416666666666666,0.0,0.0146788990825688,0.0146788990825688,0.0086455331412103,0.0022727272727272,0.0616451165261312
U_12205257,C_674920,2.0,西昌民族幼儿师范高等专科学校,2020-06-04 09:20:08,4,E,751,87,0.0555555555555555,0.0,0.0697247706422018,0.0697247706422018,0.0778097982708933,0.0265151515151515,0.0587004441199185
U_30933287,C_747056,1.0,河南师范大学,2020-07-16 09:28:22,4,E,572,147,0.0416666666666666,0.0,0.0128440366972477,0.0128440366972477,0.0115273775216138,0.006060606060606,0.0602394685592266
U_31038890,C_735283,1.0,辽宁对外经贸学院,2020-07-22 10:02:02,4,E,781,143,0.0277777777777777,0.0,0.0018348623853211,0.0018348623853211,0.0028818443804034,0.0007575757575757,0.0616844381209212
U_33459853,C_2027893,1.0,辽宁对外经贸学院,2020-09-23 10:45:06,4,E,781,84,0.0416666666666666,0.0,0.0110091743119266,0.0110091743119266,0.0144092219020172,0.0045454545454545,0.0613876739841206
U_32995518,C_735164,0.0,昆明理工大学,2020-09-22 08:37:35,0,A,476,138,0.1111111111111111,0.0,0.1834862385321101,0.2715596330275229,0.2190201729106628,0.0583333333333333,0.0668058480345918
U_34124236,C_2027893,0.0,辽宁对外经贸学院,2020-09-30 11:33:03,4,E,781,84,0.0416666666666666,0.0,0.0146788990825688,0.0146788990825688,0.0230547550432276,0.006060606060606,0.0614400598568774
U_30388490,C_1829948,2.0,辽宁对外经贸学院,2020-06-08 19:54:47,4,E,781,61,0.0416666666666666,0.0,0.0201834862385321,0.0201834862385321,0.0230547550432276,0.006060606060606,0.0618882666093805
U_5731979,C_1824911,2.0,重庆三峡医药高等专科学校,2020-06-05 11:31:22,4,E,822,57,0.0555555555555555,0.0,0.0532110091743119,0.0532110091743119,0.0518731988472622,0.0318181818181818,0.0648516341063152
U_22298070,C_1829948,0.0,北方民族大学,2020-06-05 11:09:42,1,B,190,61,0.2638888888888889,0.0,0.0018348623853211,0.0018348623853211,0.0,0.0,0.1006617163870799
U_2847372,C_1829948,0.0,北方名族大学,2020-06-15 10:51:13,4,E,188,61,0.0138888888888888,0.0,0.0311926605504587,0.0311926605504587,0.0201729106628242,0.0053030303030303,0.0615026723156847
U_33896318,C_697076,0.0,辽宁对外经贸学院,2020-11-29 20:03:33,4,E,781,121,0.0555555555555555,0.0,0.1834862385321101,0.1834862385321101,0.2046109510086455,0.0613636363636363,0.0655344184382161
U_16090774,C_786631,1.0,北华航天工业学院,2020-03-31 19:38:55,0,A,186,154,0.0138888888888888,0.0,0.1834862385321101,0.2605504587155963,0.201729106628242,0.0772727272727272,0.0699104167041528
U_12196486,C_948109,2.0,辽宁对外经贸学院,2020-12-05 04:22:31,4,E,781,165,0.0416666666666666,0.0,0.036697247706422,0.036697247706422,0.0201729106628242,0.0265151515151515,0.0619288361943327
U_22883059,C_677087,1.0,辽宁对外经贸学院,2020-08-26 14:46:37,4,E,781,92,0.0555555555555555,0.0,0.2513761467889908,0.2513761467889908,0.1181556195965417,0.031060606060606,0.0699839094581432
U_25707581,C_735197,0.0,辽宁对外经贸学院,2020-12-07 10:29:38,4,E,781,141,0.0694444444444444,0.0,0.2587155963302752,0.2587155963302752,0.4034582132564841,0.1166666666666666,0.0667386001837539
U_30602346,C_1829948,1.0,辽宁对外经贸学院,2020-06-18 16:23:47,4,E,781,61,0.0416666666666666,0.0,0.0220183486238532,0.0220183486238532,0.0086455331412103,0.0022727272727272,0.0618067312521233
U_12394528,C_2027893,0.0,广东水利电力职业技术学院,2020-11-03 10:50:24,2,C,407,84,0.1111111111111111,0.0,0.0477064220183486,0.0477064220183486,0.0489913544668587,0.0174242424242424,0.0768715523057531
U_9564322,C_747056,1.0,太原理工大学,2020-05-07 22:45:34,4,E,331,147,0.0416666666666666,0.0,0.0055045871559633,0.0055045871559633,0.0028818443804034,0.0007575757575757,0.0613243236263683
U_33148034,C_735164,2.0,昆明理工大学,2020-10-19 13:12:13,0,A,476,138,0.0138888888888888,0.0,0.0091743119266055,0.0128440366972477,0.0115273775216138,0.0053030303030303,0.0576125928859194
U_17897506,C_786631,2.0,北华航天工业学院,2020-04-23 10:44:25,0,A,186,154,0.0416666666666666,0.0,0.2091743119266055,0.2715596330275229,0.2161383285302593,0.0734848484848484,0.0729909566107514
U_32718185,C_735164,2.0,昆明理工大学,2020-09-15 13:53:07,0,A,476,138,0.1111111111111111,0.0,0.2348623853211009,0.3082568807339449,0.1988472622478386,0.0537878787878787,0.0611226097879058
U_7872877,C_1829948,0.0,辽宁对外经贸学院,2020-06-18 11:05:22,4,E,781,61,0.0138888888888888,0.0,0.0220183486238532,0.0220183486238532,0.031700288184438,0.0083333333333333,0.0609200689083439
U_5423940,C_758928,1.0,陕西工业职业技术学院,2020-02-24 12:45:07,4,E,876,150,0.0277777777777777,0.0,0.0935779816513761,0.0935779816513761,0.0576368876080691,0.0272727272727272,0.0644575168321869
U_30253581,C_766175,2.0,昆明理工大学,2020-05-28 17:14:15,0,A,476,151,0.0416666666666666,0.0,0.1834862385321101,0.1834862385321101,0.2420749279538904,0.0643939393939393,0.0673928144551581
U_13139024,C_735385,1.0,重庆大学,2020-05-19 07:46:54,4,E,835,146,0.0555555555555555,0.0,0.0715596330275229,0.0715596330275229,0.0749279538904899,0.0303030303030303,0.0627111725033707
U_33213189,C_2027893,2.0,中国石油大学(北京),2020-10-20 20:37:44,4,E,77,84,0.0277777777777777,0.0,0.0036697247706422,0.0036697247706422,0.0028818443804034,0.0007575757575757,0.0612745624948254
U_30634691,C_1829948,2.0,中国医科大学,2020-06-21 11:50:56,2,C,69,61,0.2083333333333333,0.0,0.0954128440366972,0.0954128440366972,0.1210374639769452,0.0318181818181818,0.0481044678384122
U_13386347,C_697107,1.0,昆明理工大学津桥学院,2020-06-26 10:54:43,4,E,480,122,0.0416666666666666,0.0,0.1082568807339449,0.1082568807339449,0.0922190201729106,0.0257575757575757,0.0643027710044283
U_5314154,C_1750793,2.0,内蒙古农业大学职业技术学院,2020-05-20 21:11:12,0,A,142,17,0.0833333333333333,0.0,0.036697247706422,0.036697247706422,0.0432276657060518,0.0227272727272727,0.0701755601378382
U_30593394,C_1829948,2.0,辽宁对外经贸学院,2020-06-18 09:55:11,4,E,781,61,0.2638888888888889,0.0,0.4275229357798165,0.4275229357798165,0.3602305475504322,0.0946969696969697,0.0760921032120503
U_14046950,C_1829948,0.0,北方民族大学,2020-06-17 09:58:43,4,E,190,61,0.0694444444444444,0.0,0.073394495412844,0.073394495412844,0.0691642651296829,0.0181818181818181,0.0630051633286999
U_4602922,C_735197,2.0,华南理工大学,2020-10-14 19:11:03,4,E,211,141,0.0416666666666666,0.0,0.0587155963302752,0.0587155963302752,0.0403458213256484,0.028030303030303,0.060708009627625
U_28429284,C_674920,1.0,北京师范大学附属实验中学,2020-07-12 00:19:41,4,E,169,87,0.0833333333333333,0.0,0.2165137614678899,0.2165137614678899,0.2939481268011527,0.0787878787878787,0.0625761766151615
U_12699615,C_707079,0.0,华南理工大学,2020-05-30 22:07:00,3,D,211,132,0.25,0.0,0.6513761467889909,0.6513761467889909,0.648414985590778,0.2704545454545454,0.0700277673981256
U_30895930,C_674920,2.0,辽宁对外经贸学院,2020-07-07 21:35:00,4,E,781,87,0.0416666666666666,0.0,0.018348623853211,0.018348623853211,0.0201729106628242,0.0053030303030303,0.0610050560479146
U_30487702,C_756642,0.0,辽宁对外经贸学院,2020-06-13 11:18:47,4,E,781,149,0.0416666666666666,0.0,0.0678899082568807,0.0678899082568807,0.0576368876080691,0.0325757575757575,0.0617378441761121
U_30326311,C_676635,2.0,广州中医药大学,2020-06-02 18:57:16,1,B,423,89,0.2222222222222222,0.0,0.036697247706422,0.036697247706422,0.0576368876080691,0.0151515151515151,0.1137633251071769
U_990929,C_735164,0.0,昆明理工大学,2020-09-16 15:25:26,0,A,476,138,0.1111111111111111,0.0,0.2018348623853211,0.3082568807339449,0.201729106628242,0.0696969696969697,0.0675385470206349
U_14153704,C_697107,1.0,辽宁对外经贸学院,2020-06-22 15:15:02,4,E,781,122,0.0277777777777777,0.0,0.0018348623853211,0.0018348623853211,0.0,0.0,0.0612407528565847
U_14919308,C_674920,2.0,西昌民族幼儿师范高等专科学校,2020-06-04 14:05:03,4,E,751,87,0.0694444444444444,0.0,0.2201834862385321,0.2201834862385321,0.3429394812680115,0.0916666666666666,0.0637903323773123
U_6220337,C_1829948,0.0,北方民族大学,2020-06-18 08:41:56,4,E,190,61,0.0416666666666666,0.0,0.0513761467889908,0.0513761467889908,0.0374639769452449,0.0098484848484848,0.0625596011267784
U_4460410,C_735197,2.0,华南理工大学,2020-10-20 16:36:02,3,D,211,141,0.1527777777777777,0.0,0.2165137614678899,0.2587155963302752,0.0778097982708933,0.1431818181818182,0.0903967992101223
U_31059400,C_697076,1.0,中国医科大学,2020-07-25 10:46:09,2,C,69,121,0.1527777777777777,0.0,0.018348623853211,0.018348623853211,0.0201729106628242,0.0053030303030303,0.0844013257104992
U_31017923,C_936971,1.0,中国医科大学,2020-07-19 21:16:36,2,C,69,162,0.1111111111111111,0.0,0.0623853211009174,0.0623853211009174,0.0951008645533141,0.0333333333333333,0.0775467991732622
U_31683443,C_682392,0.0,昆明理工大学,2020-09-15 20:05:55,0,A,476,108,0.1111111111111111,0.0,0.018348623853211,0.018348623853211,0.0259365994236311,0.0068181818181818,0.051251329507911
U_32577087,C_735164,1.0,昆明理工大学,2020-10-21 13:18:01,2,C,476,138,0.0138888888888888,0.0,0.0091743119266055,0.0091743119266055,0.0144092219020172,0.006060606060606,0.0746337128037713
U_4080578,C_735164,0.0,西华师范大学,2020-09-16 17:02:01,0,A,708,138,0.0138888888888888,0.0,0.218348623853211,0.2440366972477064,0.2247838616714697,0.0795454545454545,0.0764184476870978
U_5277594,C_674920,0.0,西昌民族幼儿师范高等专科学校,2020-06-21 19:10:21,4,E,751,87,0.0416666666666666,0.0,0.0844036697247706,0.0844036697247706,0.0951008645533141,0.0227272727272727,0.0599048982442615
U_6902424,C_756642,2.0,辽宁对外经贸学院,2020-05-11 17:30:04,4,E,781,149,0.0416666666666666,0.0,0.0091743119266055,0.0091743119266055,0.0144092219020172,0.0053030303030303,0.0608822033020763
U_32324369,C_735197,1.0,辽宁对外经贸学院,2020-09-10 08:05:05,4,E,781,141,0.0416666666666666,0.0,0.0788990825688073,0.0788990825688073,0.0518731988472622,0.0295454545454545,0.061043387174322
U_22300051,C_801420,2.0,辽宁对外经贸学院,2020-09-01 09:44:38,4,E,781,155,0.0277777777777777,0.0,0.0055045871559633,0.0055045871559633,0.0028818443804034,0.0007575757575757,0.0613965287714613
U_28295839,C_1750795,0.0,辽宁对外经贸学院,2020-06-13 08:43:24,4,E,781,18,0.0416666666666666,0.0,0.0055045871559633,0.0055045871559633,0.0028818443804034,0.0015151515151515,0.0612911379832086
U_17910452,C_786631,1.0,北华航天工业学院,2020-04-22 12:15:17,0,A,186,154,0.0972222222222222,0.0,0.2146788990825688,0.2807339449541284,0.2190201729106628,0.0734848484848484,0.0728586647012267
U_6240557,C_735115,2.0,广州体育学院,2020-05-11 08:52:02,0,A,425,136,0.1111111111111111,0.0,0.2935779816513761,0.2935779816513761,0.4380403458213256,0.15,0.0667874154179913
U_30933137,C_801420,2.0,辽宁对外经贸学院,2020-09-01 15:46:14,4,E,781,155,0.0277777777777777,0.0,0.0055045871559633,0.0055045871559633,0.0057636887608069,0.0015151515151515,0.0191406700773166
U_30326268,C_676635,0.0,中国医科大学,2020-06-02 19:02:01,2,C,69,89,0.125,0.0,0.0642201834862385,0.0642201834862385,0.0893371757925072,0.0234848484848484,0.0782648738936359
U_34343814,C_2027893,0.0,辽宁对外经贸学院,2020-10-06 22:20:45,4,E,781,84,0.0416666666666666,0.0,0.055045871559633,0.055045871559633,0.063400576368876,0.0272727272727272,0.0614623305384606
U_30786050,C_948436,0.0,辽宁对外经贸学院,2020-06-30 23:05:38,4,E,781,171,0.0416666666666666,0.0,0.0385321100917431,0.0385321100917431,0.0374639769452449,0.0,0.0623567234879664
U_31106419,C_1755909,1.0,辽宁对外经贸学院,2020-08-15 02:01:53,4,E,781,21,0.0277777777777777,0.0,0.0110091743119266,0.0110091743119266,0.0144092219020172,0.0053030303030303,0.0615929089376833
U_33017409,C_735195,2.0,山东大学,2020-09-17 14:07:42,3,D,367,140,0.1111111111111111,0.0,0.0403669724770642,0.0403669724770642,0.031700288184438,0.0083333333333333,0.0307542027601366
U_32550527,C_1912004,0.0,辽宁对外经贸学院,2020-09-22 14:56:23,4,E,781,74,0.0416666666666666,0.0,0.0256880733944954,0.0256880733944954,0.0345821325648414,0.009090909090909,0.0060978189791129
U_28975915,C_948436,2.0,辽宁对外经贸学院,2020-05-20 13:03:23,4,E,781,171,0.0416666666666666,0.0,0.0165137614678899,0.0165137614678899,0.0201729106628242,0.0015151515151515,0.0616271098109352
U_32966123,C_735164,2.0,辽宁对外经贸学院,2020-09-16 21:46:46,4,E,781,138,0.0416666666666666,0.0,0.0660550458715596,0.0660550458715596,0.0432276657060518,0.028030303030303,0.0149113359233757
U_15042883,C_1750793,0.0,昆明理工大学,2020-06-05 11:06:13,0,A,476,17,0.0972222222222222,0.0,0.036697247706422,0.036697247706422,0.0547550432276657,0.0287878787878787,0.0701456777067346
U_31090880,C_682392,0.0,中国医科大学,2020-08-02 11:23:14,2,C,69,108,0.0694444444444444,0.0,0.1137614678899082,0.1137614678899082,0.1527377521613832,0.0477272727272727,0.0553572716169844
U_10407954,C_676646,2.0,天津商业大学,2020-08-11 08:51:38,0,A,316,90,0.0972222222222222,0.0,0.0660550458715596,0.0660550458715596,0.100864553314121,0.0265151515151515,0.0808504321783621
U_29721088,C_1714448,2.0,中国医科大学,2020-04-29 11:04:33,2,C,69,8,0.1527777777777777,0.0,0.1944954128440367,0.1944954128440367,0.201729106628242,0.0704545454545454,0.0766885434626964
U_3788195,C_756642,2.0,广州中医药大学,2020-05-11 19:30:14,1,B,423,149,0.0138888888888888,0.0,0.0128440366972477,0.0128440366972477,0.0201729106628242,0.0272727272727272,0.1179003332570712
U_27994835,C_747056,1.0,辽宁对外经贸学院,2020-05-26 20:19:47,4,E,781,147,0.0416666666666666,0.0,0.0275229357798165,0.0275229357798165,0.0144092219020172,0.0045454545454545,0.0621011083601217
U_12981411,C_1829948,0.0,北方民族大学,2020-06-05 11:06:40,4,E,190,61,0.0416666666666666,0.0,0.0311926605504587,0.0311926605504587,0.0259365994236311,0.0068181818181818,0.0618660206895069
U_4516967,C_735197,0.0,华南理工大学,2020-10-23 20:58:48,3,D,211,141,0.1666666666666666,0.0,0.1688073394495413,0.2403669724770642,0.0979827089337175,0.1545454545454545,0.0822702289861124
U_30079289,C_1741505,2.0,辽宁对外经贸学院,2020-05-19 23:36:18,4,E,781,16,0.0277777777777777,0.0,0.0055045871559633,0.0055045871559633,0.0057636887608069,0.0015151515151515,0.0612536685642941
U_33220463,C_697076,0.0,辽宁对外经贸学院,2020-11-19 09:01:43,4,E,781,121,0.0277777777777777,0.0,0.036697247706422,0.036697247706422,0.0288184438040345,0.0075757575757575,0.0610715164763884
U_29809711,C_681031,0.0,辽宁对外经贸学院,2020-05-07 10:40:02,4,E,781,101,0.0416666666666666,0.0,0.0036697247706422,0.0036697247706422,0.0028818443804034,0.0007575757575757,0.0616549221631191
U_30562435,C_1829948,1.0,辽宁对外经贸学院,2020-06-16 16:24:15,4,E,781,61,0.0416666666666666,0.0,0.0513761467889908,0.0513761467889908,0.0489913544668587,0.0128787878787878,0.0621873335851707
U_33836968,C_735164,2.0,昆明理工大学,2020-12-07 13:21:13,0,A,476,138,0.125,0.0,0.2862385321100917,0.2935779816513761,0.4495677233429394,0.1636363636363636,0.0693044927187432
U_31116110,C_1944729,0.0,辽宁对外经贸学院,2020-09-17 09:30:13,4,E,781,79,0.0416666666666666,0.0,0.018348623853211,0.018348623853211,0.0230547550432276,0.006060606060606,0.0616923569156402
U_32753974,C_735164,2.0,昆明理工大学,2020-10-23 11:00:54,4,E,476,138,0.0416666666666666,0.0,0.0293577981651376,0.0293577981651376,0.0461095100864553,0.0227272727272727,0.0485209831903681
U_30182973,C_1714448,0.0,辽宁对外经贸学院,2020-05-26 09:01:42,4,E,781,8,0.0416666666666666,0.0,0.0623853211009174,0.0623853211009174,0.0951008645533141,0.025,0.0631735825724806
U_33554980,C_697076,0.0,辽宁对外经贸学院,2020-11-07 09:49:22,4,E,781,121,0.0416666666666666,0.0,0.0844036697247706,0.0844036697247706,0.0749279538904899,0.0348484848484848,0.0614974773090179
U_18315260,C_735164,2.0,昆明理工大学,2020-10-24 13:06:29,0,A,476,138,0.1111111111111111,0.0,0.2055045871559633,0.2862385321100917,0.2219020172910662,0.0583333333333333,0.0694056839210535
U_34269319,C_697076,2.0,辽宁对外经贸学院,2020-12-01 10:51:28,0,A,781,121,0.1527777777777777,0.0,0.5541284403669725,0.5541284403669725,0.8703170028818443,0.2931818181818181,0.0764215924242127
U_29412260,C_1767581,2.0,辽宁对外经贸学院,2020-04-30 14:19:19,4,E,781,35,0.0416666666666666,0.0,0.0073394495412844,0.0073394495412844,0.0115273775216138,0.003030303030303,0.0613077778520366
U_15878516,C_697107,2.0,辽宁对外经贸学院,2020-05-06 16:09:12,4,E,781,122,0.0416666666666666,0.0,0.0422018348623853,0.0422018348623853,0.0518731988472622,0.0166666666666666,0.0622734746204072
U_1807539,C_1750793,0.0,北京体育大学,2020-06-13 22:41:58,2,C,159,17,0.0972222222222222,0.0,0.0293577981651376,0.0293577981651376,0.0432276657060518,0.0227272727272727,0.073500740782602
U_31060054,C_735115,1.0,华南理工大学,2020-07-25 13:08:32,3,D,211,136,0.2083333333333333,0.0,0.5211009174311927,0.5211009174311927,0.2478386167146974,0.0787878787878787,0.0833562429012617
U_33224412,C_697076,1.0,辽宁对外经贸学院,2020-12-04 08:43:23,4,E,781,121,0.0416666666666666,0.0,0.0091743119266055,0.0091743119266055,0.0115273775216138,0.0037878787878787,0.0629942978905426
U_33221419,C_697076,2.0,辽宁对外经贸学院,2020-10-04 21:47:24,0,A,781,121,0.125,0.0,0.218348623853211,0.3045871559633027,0.2420749279538904,0.0712121212121212,0.0629625434741958
U_29978466,C_1736024,0.0,辽宁对外经贸学院,2020-05-14 14:48:16,4,E,781,14,0.0416666666666666,0.0,0.0091743119266055,0.0165137614678899,0.0115273775216138,0.0045454545454545,0.0614612509279235
U_32612216,C_735164,2.0,昆明理工大学,2020-11-29 00:07:19,0,A,476,138,0.0972222222222222,0.0,0.1798165137614679,0.2587155963302752,0.1671469740634005,0.0462121212121212,0.0694516119399556
U_22286632,C_948120,1.0,中国农业大学,2020-10-05 18:51:57,4,E,67,167,0.0138888888888888,0.0,0.0091743119266055,0.0091743119266055,0.0144092219020172,0.0037878787878787,0.0587856291110512
U_29746081,C_1776290,1.0,辽宁对外经贸学院,2020-04-30 18:57:23,4,E,781,48,0.0416666666666666,0.0,0.018348623853211,0.018348623853211,0.0201729106628242,0.0106060606060606,0.0617617194164751
U_11064831,C_676646,2.0,天津商业大学,2020-08-11 09:45:35,4,E,316,90,0.0694444444444444,0.0,0.1651376146788991,0.1651376146788991,0.0374639769452449,0.0568181818181818,0.0609525364619262
U_19315583,C_948395,2.0,西安美术学院,2020-05-14 18:09:36,0,A,727,170,0.1388888888888889,0.0,0.110091743119266,0.110091743119266,0.1729106628242074,0.1,0.0683069028684523
U_19909993,C_948395,2.0,西安美术学院,2020-05-23 10:33:55,2,C,727,170,0.1388888888888889,0.0,0.110091743119266,0.110091743119266,0.1239193083573487,0.0681818181818181,0.0737271271884755
U_10619434,C_676646,0.0,天津商业大学,2020-08-11 00:34:18,4,E,316,90,0.0416666666666666,0.0,0.018348623853211,0.018348623853211,0.0230547550432276,0.006060606060606,0.0623649542802259
U_33499271,C_2027893,1.0,辽宁对外经贸学院,2020-09-23 14:31:05,4,E,781,84,0.0416666666666666,0.0,0.0110091743119266,0.0110091743119266,0.0144092219020172,0.0053030303030303,0.0613840934409175
U_5245106,C_674920,0.0,辽宁对外经贸学院,2020-06-29 10:11:01,4,E,781,87,0.0416666666666666,0.0,0.0568807339449541,0.0568807339449541,0.031700288184438,0.0265151515151515,0.0617073922256884
U_5661938,C_735164,0.0,昆明理工大学,2020-09-15 10:22:25,0,A,476,138,0.125,0.0,0.2715596330275229,0.2990825688073394,0.2074927953890489,0.0628787878787878,0.0610539059485454
U_33219925,C_697076,2.0,辽宁对外经贸学院,2020-10-11 11:52:56,0,A,781,121,0.1111111111111111,0.0,0.110091743119266,0.110091743119266,0.170028818443804,0.0545454545454545,0.015207543178059
U_30597483,C_1829948,0.0,辽宁对外经贸学院,2020-06-18 12:20:43,4,E,781,61,0.0555555555555555,0.0,0.0220183486238532,0.0220183486238532,0.0115273775216138,0.003030303030303,0.0615550581884415
U_28979981,C_948436,2.0,辽宁对外经贸学院,2020-05-18 03:40:26,4,E,781,171,0.0416666666666666,0.0,0.0697247706422018,0.0697247706422018,0.0576368876080691,0.031060606060606,0.0629497416703504
U_7332345,C_676635,0.0,湖北经济学院,2020-06-24 09:36:30,4,E,634,89,0.0416666666666666,0.0,0.0440366972477064,0.0440366972477064,0.0605187319884726,0.0159090909090909,0.0621049810914978
U_32877393,C_735164,2.0,昆明理工大学,2020-11-06 16:59:16,0,A,476,138,0.0138888888888888,0.0,0.055045871559633,0.055045871559633,0.0864553314121037,0.0401515151515151,0.0649134442857326
U_33442530,C_697076,2.0,辽宁对外经贸学院,2020-11-16 22:14:21,4,E,781,121,0.0277777777777777,0.0,0.1834862385321101,0.1834862385321101,0.2824207492795388,0.0909090909090909,0.0644966304286166
U_31742148,C_1992945,1.0,辽宁对外经贸学院,2020-08-31 22:13:10,4,E,781,82,0.0277777777777777,0.0,0.0055045871559633,0.0091743119266055,0.0028818443804034,0.0007575757575757,0.0159095280224641
U_33328156,C_1992945,1.0,辽宁对外经贸学院,2020-09-27 10:59:36,4,E,781,82,0.0277777777777777,0.0,0.0036697247706422,0.0055045871559633,0.0028818443804034,0.0007575757575757,0.0614284218533816
U_5442524,C_2141845,0.0,宝鸡文理学院,2020-09-16 16:28:18,0,A,356,86,0.0833333333333333,0.0,0.055045871559633,0.055045871559633,0.0778097982708933,0.0204545454545454,0.0694112255916543
U_15201703,C_735197,0.0,辽宁石油化工大学,2020-09-09 10:05:30,4,E,790,141,0.0277777777777777,0.0,0.0091743119266055,0.0091743119266055,0.0086455331412103,0.0022727272727272,0.0607140217707075
U_2125523,C_735164,0.0,江西理工大学,2020-09-16 10:27:07,4,E,529,138,0.0138888888888888,0.0,0.0825688073394495,0.0825688073394495,0.0489913544668587,0.0,0.056011010463565
U_30356164,C_1829948,2.0,中国医科大学,2020-06-04 17:54:49,2,C,69,61,0.0694444444444444,0.0,0.0311926605504587,0.0311926605504587,0.0461095100864553,0.0121212121212121,0.0693530058601239
U_23410216,C_948395,2.0,西安美术学院,2020-03-20 09:34:04,2,C,727,170,0.0138888888888888,0.0,0.1743119266055046,0.1743119266055046,0.1585014409221901,0.0606060606060606,0.0746087975716065
U_33554888,C_697076,2.0,辽宁对外经贸学院,2020-11-21 16:30:28,4,E,781,121,0.0555555555555555,0.0,0.1834862385321101,0.1834862385321101,0.2853025936599423,0.0924242424242424,0.0645355409790278
U_5796597,C_1824911,0.0,重庆三峡医药高等专科学校,2020-06-11 07:45:37,4,E,822,57,0.125,0.0,0.073394495412844,0.073394495412844,0.0461095100864553,0.0295454545454545,0.066624047562962
U_29796252,C_766175,1.0,昆明理工大学,2020-05-06 14:32:17,0,A,476,151,0.0972222222222222,0.0,0.0348623853211009,0.0348623853211009,0.031700288184438,0.0083333333333333,0.0590494554639023
U_11576851,C_1017355,0.0,广州中医药大学,2020-03-03 12:15:19,3,D,423,0,0.1388888888888889,0.0,0.1889908256880734,0.218348623853211,0.1152737752161383,0.1348484848484848,0.082273383627911
U_13139798,C_735197,1.0,辽宁石油化工大学,2020-12-03 11:13:29,3,D,790,141,0.2083333333333333,0.0,0.3376146788990826,0.3376146788990826,0.5302593659942363,0.1515151515151515,0.0734026546986711
U_30440491,C_1829948,2.0,华南理工大学,2020-06-10 18:21:48,3,D,211,61,0.0416666666666666,0.0,0.0513761467889908,0.0513761467889908,0.063400576368876,0.0166666666666666,0.0729258283622522
U_11379022,C_680895,0.0,石家庄医学高等专科学校,2020-07-04 22:04:47,4,E,672,98,0.0416666666666666,0.0,0.0678899082568807,0.0678899082568807,0.0576368876080691,0.0333333333333333,0.0635723699050329
U_30578313,C_801420,2.0,辽宁对外经贸学院,2020-07-13 20:02:53,4,E,781,155,0.0416666666666666,0.0,0.0018348623853211,0.0018348623853211,0.0028818443804034,0.0007575757575757,0.060895728147841
U_30354097,C_1829948,0.0,辽宁对外经贸学院,2020-06-04 16:06:33,4,E,781,61,0.0138888888888888,0.0,0.0311926605504587,0.0311926605504587,0.0374639769452449,0.0098484848484848,0.0612291495194823
U_1772327,C_1774985,0.0,大连海事大学,2020-08-10 11:33:54,4,E,308,46,0.0277777777777777,0.0,0.0036697247706422,0.0036697247706422,0.0028818443804034,0.0007575757575757,0.0612745624948254
U_7023319,C_756642,2.0,区医院,2020-05-07 22:22:36,4,E,192,149,0.0416666666666666,0.0,0.0623853211009174,0.0623853211009174,0.0691642651296829,0.034090909090909,0.0611560628575288
U_19832931,C_786631,1.0,北华航天工业学院,2020-04-01 09:54:09,0,A,186,154,0.0277777777777777,0.0,0.2,0.2642201834862385,0.201729106628242,0.0704545454545454,0.0707421971948512
U_33396824,C_735050,1.0,华南理工大学,2020-10-07 11:38:49,3,D,211,135,0.1527777777777777,0.0,0.181651376146789,0.181651376146789,0.0749279538904899,0.0196969696969696,0.0839147482128534
U_13537900,C_948120,0.0,中国农业大学,2020-10-03 16:38:46,0,A,67,167,0.0972222222222222,0.0,0.1541284403669724,0.1541284403669724,0.2363112391930835,0.0719696969696969,0.0140545062891872
U_33776557,C_697076,0.0,辽宁对外经贸学院,2020-11-06 08:02:19,4,E,781,121,0.0416666666666666,0.0,0.0844036697247706,0.0844036697247706,0.0778097982708933,0.0333333333333333,0.0606569856488943
U_26996232,C_948395,1.0,西安美术学院,2020-05-30 18:32:41,1,B,727,170,0.25,0.0,0.110091743119266,0.110091743119266,0.1210374639769452,0.0666666666666666,0.1133997241639171
U_33224401,C_697076,2.0,高红叶,2020-11-22 22:41:31,0,A,899,121,0.1388888888888889,0.0,0.5541284403669725,0.5541284403669725,0.8703170028818443,0.2931818181818181,0.0740234802808973
U_14946315,C_674920,2.0,西昌民族幼儿师范高等专科学校,2020-06-04 09:24:58,4,E,751,87,0.1388888888888889,0.0,0.0788990825688073,0.0788990825688073,0.0835734870317002,0.025,0.0601375047915778
U_30856194,C_1824926,2.0,昆明理工大学,2020-07-23 10:44:19,0,A,476,58,0.1111111111111111,0.0,0.0165137614678899,0.0165137614678899,0.0259365994236311,0.0136363636363636,0.0633799020889222
U_30350247,C_1829948,2.0,中国医科大学,2020-06-04 12:09:09,2,C,69,61,0.0416666666666666,0.0,0.1211009174311926,0.1908256880733945,0.0893371757925072,0.0484848484848484,0.0551515067628371
U_12528461,C_786631,1.0,河北师范大学,2020-04-22 17:22:01,0,A,556,154,0.25,0.0,0.1926605504587156,0.3009174311926605,0.2334293948126801,0.0598484848484848,0.0668477002760994
U_30405975,C_1829948,1.0,辽宁对外经贸学院,2020-06-08 16:56:23,4,E,781,61,0.0416666666666666,0.0,0.0678899082568807,0.0678899082568807,0.0489913544668587,0.0303030303030303,0.0606202293672153
U_26384300,C_747056,2.0,辽宁对外经贸学院,2020-04-16 10:47:59,4,E,781,147,0.0416666666666666,0.0,0.0715596330275229,0.0715596330275229,0.0605187319884726,0.034090909090909,0.0626159538254075
U_1107938,C_756642,0.0,武汉大学,2020-05-07 23:01:42,1,B,506,149,0.1944444444444444,0.0,0.018348623853211,0.018348623853211,0.0230547550432276,0.0068181818181818,0.1177222668512438
U_30674902,C_948113,0.0,辽宁对外经贸学院,2020-06-24 14:43:20,4,E,781,166,0.0416666666666666,0.0,0.0256880733944954,0.0256880733944954,0.0028818443804034,0.0007575757575757,0.0620206773751111
U_33222399,C_697076,2.0,辽宁对外经贸学院,2020-09-24 10:45:34,0,A,781,121,0.1111111111111111,0.0,0.2,0.2807339449541284,0.2161383285302593,0.0643939393939393,0.07051123482505
U_34040460,C_735164,1.0,昆明理工大学,2020-11-09 21:43:19,0,A,476,138,0.0138888888888888,0.0,0.1889908256880734,0.2660550458715596,0.2219020172910662,0.0575757575757575,0.064962145616106
U_34429307,C_1755941,2.0,辽宁对外经贸学院,2020-10-30 18:32:58,4,E,781,24,0.0416666666666666,0.0,0.0110091743119266,0.0110091743119266,0.0144092219020172,0.0037878787878787,0.0616397580921812
U_32385697,C_697076,2.0,辽宁对外经贸学院,2020-09-10 19:34:46,4,E,781,121,0.0416666666666666,0.0,0.0532110091743119,0.0532110091743119,0.0403458213256484,0.0113636363636363,0.059468279971835
U_30350283,C_1829948,1.0,广州中医药大学,2020-06-04 12:12:45,1,B,423,61,0.2777777777777778,0.0,0.0403669724770642,0.1174311926605504,0.063400576368876,0.0121212121212121,0.0870513832963016
U_33270130,C_697076,0.0,辽宁对外经贸学院,2020-11-21 13:04:41,4,E,781,121,0.0416666666666666,0.0,0.036697247706422,0.036697247706422,0.0288184438040345,0.0083333333333333,0.0644685506499693
U_26385527,C_1017355,2.0,华南理工大学,2020-02-22 18:13:30,3,D,211,0,0.1388888888888889,0.0,0.1871559633027523,0.2110091743119266,0.1037463976945244,0.1363636363636363,0.0825665127457474
U_11542459,C_735385,2.0,安徽大学,2020-06-01 08:13:31,3,D,343,146,0.1388888888888889,0.0,0.0275229357798165,0.0275229357798165,0.0374639769452449,0.0098484848484848,0.0775821737515475
U_33344082,C_697076,2.0,辽宁对外经贸学院,2020-11-16 18:31:58,4,E,781,121,0.0277777777777777,0.0,0.2110091743119266,0.2110091743119266,0.1815561959654178,0.053030303030303,0.0664663105206878
U_32598248,C_1738818,2.0,中国医科大学,2020-09-14 13:50:31,2,C,69,15,0.0972222222222222,0.0,0.0055045871559633,0.0055045871559633,0.0086455331412103,0.0045454545454545,0.0612969569849565
U_420202,C_735164,1.0,哈尔滨佛学院,2020-12-07 15:10:42,0,A,267,138,0.125,0.0,0.2862385321100917,0.291743119266055,0.4495677233429394,0.1636363636363636,0.0668638894818134
U_19910766,C_948395,2.0,西安美术学院,2020-03-21 12:46:45,0,A,727,170,0.0555555555555555,0.0,0.1908256880733945,0.2752293577981651,0.201729106628242,0.0621212121212121,0.0691033186855492
U_4661725,C_682392,1.0,陕西工业职业技术学院,2019-10-31 19:24:09,2,C,876,108,0.0138888888888888,0.0,0.1541284403669724,0.1889908256880734,0.1786743515850144,0.0507575757575757,0.0652097329977095
U_30357689,C_1829948,1.0,广州中医药大学,2020-06-04 19:35:24,1,B,423,61,0.2638888888888889,0.0,0.0,0.0862385321100917,0.0,0.0484848484848484,0.0942507314962639
U_14787058,C_697076,0.0,长沙理工大学,2020-09-08 19:23:57,4,E,862,121,0.0416666666666666,0.0,0.0275229357798165,0.0275229357798165,0.0201729106628242,0.006060606060606,0.0622223367378125
U_7157624,C_735197,0.0,华南理工大学,2020-09-08 15:37:59,4,E,211,141,0.0416666666666666,0.0,0.0697247706422018,0.0697247706422018,0.0518731988472622,0.0295454545454545,0.0623402965698406
U_31060668,C_735115,1.0,中国医科大学,2020-07-25 15:24:24,2,C,69,136,0.0138888888888888,0.0,0.5211009174311927,0.5211009174311927,0.2103746397694524,0.056060606060606,0.0759547054380133
U_5277644,C_674920,0.0,西昌民族幼儿师范高等专科学校,2020-06-12 14:54:51,4,E,751,87,0.0555555555555555,0.0,0.0862385321100917,0.0862385321100917,0.1066282420749279,0.0318181818181818,0.058943698202348
U_20018965,C_758928,2.0,辽宁对外经贸学院,2020-05-07 23:07:10,4,E,781,150,0.0416666666666666,0.0,0.0055045871559633,0.0055045871559633,0.0086455331412103,0.0022727272727272,0.0612841007053501
U_15201664,C_735197,0.0,辽宁石油化工大学,2020-09-09 10:06:25,4,E,790,141,0.0138888888888888,0.0,0.0165137614678899,0.0165137614678899,0.0201729106628242,0.006060606060606,0.06749973056472
U_5200084,C_674920,2.0,西昌民族幼儿师范高等专科学校,2020-06-04 09:07:16,4,E,751,87,0.0555555555555555,0.0,0.073394495412844,0.073394495412844,0.0461095100864553,0.0181818181818181,0.0624632830289105
U_30990393,C_758928,1.0,辽宁对外经贸学院,2020-07-18 09:45:54,4,E,781,150,0.0277777777777777,0.0,0.0018348623853211,0.0018348623853211,0.0028818443804034,0.0007575757575757,0.0612012826915373
U_32965784,C_735164,2.0,昆明理工大学,2020-09-16 21:15:19,0,A,476,138,0.0277777777777777,0.0,0.1908256880733945,0.2954128440366972,0.1959654178674351,0.0772727272727272,0.0672407924154517
U_14749880,C_1918363,0.0,新乡医学院三全学院,2020-11-04 18:16:57,4,E,461,76,0.0416666666666666,0.0,0.0715596330275229,0.0715596330275229,0.0605187319884726,0.0325757575757575,0.0628837269526488
U_14946308,C_674920,0.0,西昌民族幼儿师范高等专科学校,2020-06-04 09:02:46,4,E,751,87,0.0555555555555555,0.0,0.0715596330275229,0.0715596330275229,0.0749279538904899,0.0242424242424242,0.0598787994023794
U_26977599,C_758928,0.0,辽宁对外经贸学院,2020-02-25 00:58:12,4,E,781,150,0.0138888888888888,0.0,0.0678899082568807,0.0678899082568807,0.0432276657060518,0.0287878787878787,0.0618316118178947
U_33343312,C_697076,1.0,辽宁对外经贸学院,2020-11-16 21:47:19,4,E,781,121,0.0277777777777777,0.0,0.0697247706422018,0.0697247706422018,0.0403458213256484,0.0295454545454545,0.0602856441952244
U_30385473,C_1829948,0.0,辽宁对外经贸学院,2020-06-06 17:42:18,4,E,781,61,0.0416666666666666,0.0,0.0018348623853211,0.0018348623853211,0.0028818443804034,0.0007575757575757,0.0606925434638304
U_11064824,C_676646,1.0,天津商业大学,2020-08-11 08:20:44,4,E,316,90,0.0416666666666666,0.0,0.0091743119266055,0.0091743119266055,0.0144092219020172,0.0037878787878787,0.0616706904197704
U_31159897,C_697076,1.0,辽宁对外经贸学院,2020-08-08 22:39:35,4,E,781,121,0.0555555555555555,0.0,0.110091743119266,0.110091743119266,0.1556195965417867,0.0477272727272727,0.0630993717289128
U_4836301,C_735164,0.0,华北科技学院,2020-11-30 20:53:06,0,A,208,138,0.0972222222222222,0.0,0.0238532110091743,0.036697247706422,0.0259365994236311,0.0128787878787878,0.0657159415786988
U_5993312,C_696917,1.0,辽宁对外经贸学院,2020-04-17 20:25:20,4,E,781,119,0.0416666666666666,0.0,0.073394495412844,0.073394495412844,0.0518731988472622,0.0318181818181818,0.063257846670132
U_11267478,C_1786221,1.0,中国医科大学,2020-11-26 14:57:29,2,C,69,51,0.125,0.0,0.0458715596330275,0.0458715596330275,0.0576368876080691,0.0378787878787878,0.0756341155842688
U_14156660,C_735197,0.0,昆明理工大学,2020-11-17 00:16:14,0,A,476,141,0.0972222222222222,0.0,0.2275229357798165,0.2275229357798165,0.1296829971181556,0.034090909090909,0.0707922554669088
U_11504424,C_813262,0.0,陕西工业职业技术学院,2019-11-07 09:10:13,0,A,876,157,0.1111111111111111,0.0,0.1963302752293578,0.273394495412844,0.2103746397694524,0.0553030303030303,0.070088552442767
U_30099322,C_1750793,0.0,昆明理工大学,2020-05-21 10:09:23,0,A,476,17,0.125,0.0,0.036697247706422,0.036697247706422,0.0403458213256484,0.0212121212121212,0.0705982375677793
U_18594542,C_677087,0.0,辽宁对外经贸学院,2020-06-10 14:19:08,4,E,781,92,0.0416666666666666,0.0,0.036697247706422,0.036697247706422,0.0288184438040345,0.0075757575757575,0.06221404651745
U_7667592,C_735164,0.0,西安邮电大学,2020-11-18 11:30:40,4,E,730,138,0.0416666666666666,0.0,0.0256880733944954,0.0256880733944954,0.0403458213256484,0.0181818181818181,0.0616162988485389
U_13139983,C_801420,0.0,南京邮电大学通达学院,2020-09-08 10:22:04,4,E,229,155,0.0277777777777777,0.0,0.0018348623853211,0.0018348623853211,0.0028818443804034,0.0007575757575757,0.0611950179790172
U_9448172,C_735164,0.0,山东理工大学,2020-11-28 20:31:39,0,A,376,138,0.125,0.0,0.2862385321100917,0.2990825688073394,0.440922190201729,0.1598484848484848,0.0688527846605075
U_31128151,C_1864063,0.0,辽宁对外经贸学院,2020-08-05 10:35:49,4,E,781,66,0.0416666666666666,0.0,0.018348623853211,0.018348623853211,0.0115273775216138,0.0037878787878787,0.0621026980618758
U_5235943,C_674920,2.0,辽宁对外经贸学院,2020-06-04 12:29:06,4,E,781,87,0.0416666666666666,0.0,0.0642201834862385,0.0642201834862385,0.0172910662824207,0.0196969696969696,0.0628110364780483
U_20303181,C_801420,2.0,辽宁对外经贸学院,2020-09-01 09:37:09,4,E,781,155,0.0277777777777777,0.0,0.0018348623853211,0.0018348623853211,0.0028818443804034,0.0007575757575757,0.0612456853891302
U_9942101,C_756642,2.0,辽宁对外经贸学院,2020-05-11 19:04:50,4,E,781,149,0.0416666666666666,0.0,0.0091743119266055,0.0091743119266055,0.0115273775216138,0.0037878787878787,0.0608749085024383
U_5832630,C_697766,0.0,武汉职业技术学院,2020-07-07 17:06:16,1,B,511,128,0.2222222222222222,0.0,0.1045871559633027,0.1045871559633027,0.132564841498559,0.0356060606060606,0.1143587550800726
U_31574691,C_1992917,1.0,辽宁对外经贸学院,2020-08-28 20:28:52,4,E,781,80,0.0416666666666666,0.0,0.073394495412844,0.073394495412844,0.0489913544668587,0.0363636363636363,0.062005696540824
U_30596762,C_1829948,1.0,辽宁对外经贸学院,2020-06-18 11:42:26,4,E,781,61,0.2361111111111111,0.0,0.0605504587155963,0.0605504587155963,0.0691642651296829,0.0181818181818181,0.0641785712215897
U_29451708,C_1714448,2.0,辽宁对外经贸学院,2020-07-22 16:55:19,4,E,781,8,0.0416666666666666,0.0,0.0752293577981651,0.0752293577981651,0.0835734870317002,0.0219696969696969,0.0638375826715051
U_5152546,C_735197,0.0,华南理工大学,2020-09-17 11:59:41,4,E,211,141,0.0277777777777777,0.0,0.0825688073394495,0.0825688073394495,0.0576368876080691,0.0295454545454545,0.0647406224099911
U_1304172,C_735197,0.0,云南民族大学,2020-10-21 22:57:16,4,E,114,141,0.0694444444444444,0.0,0.0623853211009174,0.0623853211009174,0.0720461095100864,0.0371212121212121,0.042035619494557
U_29794260,C_766175,2.0,华南理工大学,2020-05-31 22:54:40,3,D,211,151,0.0555555555555555,0.0,0.1834862385321101,0.1834862385321101,0.170028818443804,0.0454545454545454,0.0831338728446797
U_5832638,C_1824926,0.0,昆明理工大学,2020-07-23 08:49:46,0,A,476,58,0.125,0.0,0.1761467889908257,0.2862385321100917,0.201729106628242,0.059090909090909,0.0696681134713706
U_10953321,C_1806527,1.0,昆明理工大学,2020-07-11 21:22:53,0,A,476,53,0.0416666666666666,0.0,0.0091743119266055,0.0091743119266055,0.0028818443804034,0.0075757575757575,0.0748551022966545
U_5140750,C_735164,2.0,云南民族大学,2020-10-20 15:23:33,0,A,114,138,0.1111111111111111,0.0,0.1871559633027523,0.2788990825688073,0.201729106628242,0.05,0.0258914490133476
U_11286386,C_697766,0.0,武汉职业技术学院,2020-07-07 12:58:56,0,A,511,128,0.0972222222222222,0.0,0.1045871559633027,0.1045871559633027,0.1642651296829971,0.0454545454545454,0.0678680213757715
U_6165630,C_1829948,0.0,北方民族大学,2020-06-17 20:55:58,4,E,190,61,0.0416666666666666,0.0,0.0073394495412844,0.0073394495412844,0.0057636887608069,0.0015151515151515,0.0611236349226818
U_29683212,C_674920,0.0,辽宁对外经贸学院,2020-04-27 13:42:28,4,E,781,87,0.0416666666666666,0.0,0.0788990825688073,0.0788990825688073,0.0662824207492795,0.031060606060606,0.0608574267354851
U_11518383,C_801420,2.0,西安科技大学,2020-07-14 22:04:51,4,E,726,155,0.0416666666666666,0.0,0.0256880733944954,0.0256880733944954,0.0230547550432276,0.006060606060606,0.062170678859317
U_5739392,C_735197,1.0,华南理工大学,2020-09-09 18:05:13,4,E,211,141,0.0416666666666666,0.0,0.0678899082568807,0.0678899082568807,0.0576368876080691,0.0303030303030303,0.0619335854902273
U_15397413,C_1750795,2.0,辽宁对外经贸学院,2020-06-23 22:22:29,4,E,781,18,0.0416666666666666,0.0,0.073394495412844,0.073394495412844,0.0403458213256484,0.0265151515151515,0.0629497020516151
U_34124168,C_2027893,0.0,辽宁对外经贸学院,2020-09-30 11:30:46,4,E,781,84,0.0416666666666666,0.0,0.0165137614678899,0.0165137614678899,0.0201729106628242,0.0068181818181818,0.0615423356220667
U_29935853,C_735115,2.0,华南理工大学,2020-05-12 09:59:30,3,D,211,136,0.1944444444444444,0.0,0.4128440366972477,0.4128440366972477,0.1613832853025936,0.0431818181818181,0.0799876252655781
U_28934310,C_680979,1.0,辽宁对外经贸学院,2020-06-29 22:54:11,4,E,781,100,0.0416666666666666,0.0,0.0715596330275229,0.0715596330275229,0.0259365994236311,0.0068181818181818,0.0638080419519935
U_30594056,C_1829948,0.0,辽宁对外经贸学院,2020-06-18 09:17:12,4,E,781,61,0.0416666666666666,0.0,0.0073394495412844,0.0073394495412844,0.0057636887608069,0.0015151515151515,0.0612373753594
U_33286033,C_1912004,0.0,辽宁对外经贸学院,2020-09-21 17:16:04,4,E,781,74,0.0416666666666666,0.0,0.0954128440366972,0.0954128440366972,0.0489913544668587,0.031060606060606,0.057441766803969
U_30594381,C_1829948,1.0,辽宁对外经贸学院,2020-06-18 09:41:29,4,E,781,61,0.0138888888888888,0.0,0.0311926605504587,0.0311926605504587,0.0259365994236311,0.0068181818181818,0.061365200256519
U_1111055,C_1808023,2.0,西北农林科技大学,2020-11-07 23:51:22,4,E,702,54,0.0416666666666666,0.0,0.036697247706422,0.036697247706422,0.0489913544668587,0.0128787878787878,0.0619230221449267
U_30893082,C_735283,1.0,辽宁对外经贸学院,2020-07-07 15:37:20,4,E,781,143,0.0277777777777777,0.0,0.0055045871559633,0.0055045871559633,0.0086455331412103,0.0022727272727272,0.061767256134734
U_33344415,C_697076,2.0,辽宁对外经贸学院,2020-10-15 10:46:59,2,C,781,121,0.1666666666666666,0.0,0.1504587155963302,0.1504587155963302,0.1873198847262247,0.0689393939393939,0.0757005661080588
U_238251,C_735164,0.0,昆明理工大学,2020-09-26 14:58:38,0,A,476,138,0.1111111111111111,0.0,0.2110091743119266,0.3045871559633027,0.239193083573487,0.075,0.0671729156171908
U_14534448,C_682392,2.0,辽宁对外经贸学院,2020-09-02 09:02:27,4,E,781,108,0.0416666666666666,0.0,0.073394495412844,0.073394495412844,0.0749279538904899,0.031060606060606,0.0615788690483597
U_5277616,C_674920,2.0,西昌民族幼儿师范高等专科学校,2020-06-12 15:01:42,4,E,751,87,0.0138888888888888,0.0,0.0862385321100917,0.0862385321100917,0.0893371757925072,0.0242424242424242,0.0592494013163017
U_5442543,C_2141845,0.0,宝鸡文理学院,2020-09-15 11:57:14,0,A,356,86,0.0972222222222222,0.0,0.055045871559633,0.055045871559633,0.0835734870317002,0.0219696969696969,0.0693432002231359
U_28977798,C_1750793,0.0,昆明理工大学,2020-06-16 17:43:45,0,A,476,17,0.0833333333333333,0.0,0.036697247706422,0.036697247706422,0.0518731988472622,0.0272727272727272,0.0700509691199885
U_30350294,C_1829948,2.0,华南理工大学,2020-06-04 12:12:10,3,D,211,61,0.2083333333333333,0.0,0.0880733944954128,0.3412844036697248,0.0,0.1219696969696969,0.0526018727663485
U_31066590,C_682392,2.0,昆明理工大学,2020-08-07 15:07:41,0,A,476,108,0.0972222222222222,0.0,0.1339449541284403,0.2587155963302752,0.1786743515850144,0.0431818181818181,0.0453140014546896
U_972908,C_735164,0.0,昆明理工大学,2020-12-07 13:10:47,4,E,476,138,0.0416666666666666,0.0,0.0642201834862385,0.0642201834862385,0.100864553314121,0.0454545454545454,0.062257240843616
U_13469304,C_1714448,2.0,中国医科大学,2020-05-23 19:15:49,2,C,69,8,0.0277777777777777,0.0,0.0238532110091743,0.0238532110091743,0.031700288184438,0.0083333333333333,0.0723238860597407
U_2104249,C_1828106,2.0,华中科技大学,2020-08-27 20:31:28,4,E,200,59,0.0277777777777777,0.0,0.0055045871559633,0.0055045871559633,0.0086455331412103,0.0454545454545454,0.1086894641689425
U_967843,C_735164,0.0,昆明理工大学,2020-11-29 20:33:44,0,A,476,138,0.125,0.0,0.2862385321100917,0.2954128440366972,0.446685878962536,0.1621212121212121,0.0694013010984604
U_29736499,C_1017355,1.0,辽宁对外经贸学院,2020-04-30 10:38:07,4,E,781,0,0.0277777777777777,0.0,0.073394495412844,0.073394495412844,0.0547550432276657,0.0303030303030303,0.0603511834881023
U_10244776,C_735197,0.0,华南理工大学,2020-09-24 12:25:25,4,E,211,141,0.0972222222222222,0.0,0.0,0.0,0.0,0.0742424242424242,0.0421543676953969
U_6758751,C_1824911,2.0,重庆三峡医药高等专科学校,2020-06-10 18:05:10,4,E,822,57,0.1111111111111111,0.0,0.0623853211009174,0.0623853211009174,0.0893371757925072,0.0234848484848484,0.0653091908803503
U_16116940,C_786631,1.0,北华航天工业学院,2020-04-11 14:57:44,0,A,186,154,0.0138888888888888,0.0,0.1889908256880734,0.2587155963302752,0.2161383285302593,0.078030303030303,0.0698863681318228
U_33542839,C_697076,2.0,辽宁对外经贸学院,2020-11-26 14:55:36,4,E,781,121,0.0416666666666666,0.0,0.055045871559633,0.055045871559633,0.0864553314121037,0.0272727272727272,0.0616637769504598
U_27778276,C_677087,2.0,辽宁对外经贸学院,2020-11-05 11:26:27,4,E,781,92,0.0416666666666666,0.0,0.036697247706422,0.036697247706422,0.0403458213256484,0.0106060606060606,0.0620780007327552
U_30407841,C_1829948,2.0,广州中医药大学,2020-06-08 19:01:56,1,B,423,61,0.0694444444444444,0.0,0.0605504587155963,0.0605504587155963,0.0749279538904899,0.0196969696969696,0.0978697643007833
U_19807114,C_808528,1.0,广州中医药大学,2020-02-19 20:27:38,1,B,423,156,0.0416666666666666,0.0,0.0477064220183486,0.0513761467889908,0.0749279538904899,0.0242424242424242,0.1144680235520433
U_12089392,C_948488,1.0,合肥工业大学宣城校区,2020-03-06 14:40:42,1,B,249,172,0.0555555555555555,0.0,0.0642201834862385,0.0642201834862385,0.100864553314121,0.0234848484848484,0.1124222606311611
U_12182211,C_948488,0.0,合肥工业大学宣城校区,2020-03-06 14:37:53,0,A,249,172,0.0555555555555555,0.0,0.1981651376146789,0.2678899082568807,0.2074927953890489,0.0507575757575757,0.0692513392329899
U_29569353,C_674959,1.0,辽宁对外经贸学院,2020-06-06 19:35:16,4,E,781,88,0.0555555555555555,0.0,0.2238532110091743,0.2238532110091743,0.2046109510086455,0.0628787878787878,0.0682268284520594
U_29710172,C_681031,2.0,辽宁对外经贸学院,2020-04-28 17:35:34,4,E,781,101,0.0416666666666666,0.0,0.0146788990825688,0.0146788990825688,0.0172910662824207,0.0053030303030303,0.0615394979301505
U_32741095,C_735164,1.0,昆明理工大学,2020-09-15 11:43:08,0,A,476,138,0.1111111111111111,0.0,0.2,0.2880733944954128,0.2074927953890489,0.0636363636363636,0.0680569284580467
U_30904172,C_674920,0.0,辽宁对外经贸学院,2020-07-08 19:38:58,4,E,781,87,0.5,0.0,0.0825688073394495,0.0825688073394495,0.0461095100864553,0.0303030303030303,0.0695255107859829
U_739909,C_735164,0.0,北京交通大学,2020-11-09 08:54:04,0,A,157,138,0.1111111111111111,0.0,0.0990825688073394,0.1045871559633027,0.1498559077809798,0.0712121212121212,0.0624938785972496
U_5152415,C_735197,2.0,华南理工大学,2020-09-15 12:51:13,3,D,211,141,0.1527777777777777,0.0,0.2110091743119266,0.2568807339449541,0.0806916426512968,0.1462121212121212,0.0895028717807564
U_18305078,C_948488,1.0,合肥工业大学,2020-03-06 14:23:26,0,A,248,172,0.0138888888888888,0.0,0.1743119266055046,0.218348623853211,0.170028818443804,0.0719696969696969,0.065342772710863
U_33329522,C_697076,2.0,辽宁对外经贸学院,2020-10-07 08:25:57,4,E,781,121,0.0416666666666666,0.0,0.0825688073394495,0.0825688073394495,0.0691642651296829,0.0333333333333333,0.0617298312868967
U_30585408,C_676635,0.0,辽宁对外经贸学院,2020-06-17 17:06:06,4,E,781,89,0.0416666666666666,0.0,0.0275229357798165,0.0275229357798165,0.0403458213256484,0.0106060606060606,0.0622121794845487
U_31063202,C_735115,1.0,中国医科大学,2020-07-26 08:11:11,2,C,69,136,0.2083333333333333,0.0,0.5211009174311927,0.5211009174311927,0.3832853025936599,0.1219696969696969,0.074772611137408
U_11534569,C_735197,1.0,辽宁石油化工大学,2020-11-15 13:29:36,4,E,790,141,0.0138888888888888,0.0,0.1944954128440367,0.1944954128440367,0.2939481268011527,0.0878787878787878,0.0642423573854304
U_32098716,C_1992917,1.0,辽宁对外经贸学院,2020-09-07 09:37:32,4,E,781,80,0.0416666666666666,0.0,0.0788990825688073,0.0788990825688073,0.0547550432276657,0.0325757575757575,0.0641899566556479
U_33106320,C_697076,1.0,长沙理工大学,2020-11-03 13:52:24,0,A,862,121,0.0833333333333333,0.0,0.1376146788990825,0.2477064220183486,0.1296829971181556,0.053030303030303,0.0648957297587094
U_4016799,C_1944726,0.0,天津理工大学中环信息学院,2020-10-01 18:27:21,4,E,324,78,0.0277777777777777,0.0,0.0055045871559633,0.0091743119266055,0.0057636887608069,0.0015151515151515,0.0145905296765011
U_1540938,C_948113,1.0,三亚学院,2020-05-25 00:11:51,0,A,34,166,0.625,0.0,0.2642201834862385,0.2642201834862385,0.4121037463976945,0.1257575757575757,0.0776403489120007
U_31066362,C_682392,0.0,昆明理工大学,2020-08-02 14:22:55,0,A,476,108,0.0833333333333333,0.0,0.2807339449541284,0.2807339449541284,0.4236311239193083,0.1424242424242424,0.0594571223455048
U_33554998,C_697076,2.0,辽宁对外经贸学院,2020-10-22 10:10:09,4,E,781,121,0.0277777777777777,0.0,0.0110091743119266,0.0110091743119266,0.0086455331412103,0.0022727272727272,0.0605243272660681
U_2314323,C_1778564,0.0,四川大学,2020-09-29 18:03:06,4,E,285,50,0.0416666666666666,0.0,0.0330275229357798,0.0330275229357798,0.0374639769452449,0.0984848484848484,0.0014847867061584
U_29675512,C_786631,0.0,辽宁对外经贸学院,2020-04-27 08:30:52,4,E,781,154,0.0416666666666666,0.0,0.0752293577981651,0.0752293577981651,0.0489913544668587,0.0363636363636363,0.0643791460214121
U_28105073,C_786631,1.0,中国医科大学,2020-03-02 16:45:30,2,C,69,154,0.1666666666666666,0.0,0.1651376146788991,0.1651376146788991,0.170028818443804,0.0628787878787878,0.0657846107516659
U_5245228,C_674920,0.0,西昌幼儿师范专科学院,2020-06-30 08:11:36,4,E,741,87,0.0833333333333333,0.0,0.0678899082568807,0.0678899082568807,0.0345821325648414,0.0295454545454545,0.0651079078956343
U_29662507,C_735283,0.0,辽宁对外经贸学院,2020-04-26 15:12:17,4,E,781,143,0.0277777777777777,0.0,0.0660550458715596,0.0660550458715596,0.0518731988472622,0.0303030303030303,0.0628975192248768
U_32754053,C_735164,2.0,昆明理工大学,2020-11-02 17:20:24,0,A,476,138,0.0694444444444444,0.0,0.2862385321100917,0.3100917431192661,0.440922190201729,0.1590909090909091,0.0698666875250601
U_30437811,C_674920,1.0,辽宁对外经贸学院,2020-07-04 17:09:31,4,E,781,87,0.0416666666666666,0.0,0.0018348623853211,0.0018348623853211,0.0,0.0,0.0605643570457517
U_20011517,C_948120,2.0,中国农业大学,2020-09-27 13:57:15,4,E,67,167,0.0277777777777777,0.0,0.0642201834862385,0.0642201834862385,0.0432276657060518,0.0265151515151515,0.0660675281404774
U_28786644,C_1732845,2.0,中国医科大学,2020-05-18 14:38:36,2,C,69,13,0.0694444444444444,0.0,0.1614678899082569,0.1614678899082569,0.1729106628242074,0.0454545454545454,0.0710545413993104
U_30094297,C_756642,1.0,辽宁对外经贸学院,2020-05-20 20:10:39,4,E,781,149,0.0277777777777777,0.0,0.0091743119266055,0.0091743119266055,0.0028818443804034,0.0007575757575757,0.0617855203717095
U_29327579,C_682556,0.0,辽宁对外经贸学院,2020-07-29 22:42:14,4,E,781,112,0.0416666666666666,0.0,0.0770642201834862,0.0770642201834862,0.0893371757925072,0.0227272727272727,0.0691839031931592
U_32028405,C_697076,2.0,辽宁对外经贸学院,2020-09-04 22:31:30,4,E,781,121,0.0416666666666666,0.0,0.018348623853211,0.018348623853211,0.0144092219020172,0.0037878787878787,0.0610271484451889
U_1161910,C_735164,0.0,昆明理工大学,2020-09-16 08:18:19,0,A,476,138,0.0138888888888888,0.0,0.0825688073394495,0.0972477064220183,0.1210374639769452,0.056060606060606,0.1392332774518604
U_5643119,C_1824911,0.0,重庆三峡医药高等专科学校,2020-06-08 10:39:38,4,E,822,57,0.0416666666666666,0.0,0.0862385321100917,0.0862385321100917,0.0461095100864553,0.0265151515151515,0.0696641169314467
U_33230427,C_1912004,0.0,辽宁对外经贸学院,2020-09-21 10:33:29,4,E,781,74,0.0416666666666666,0.0,0.0587155963302752,0.0587155963302752,0.0374639769452449,0.0295454545454545,0.0283090356579605
U_5277640,C_674920,0.0,西昌民族学校,2020-06-28 18:33:39,4,E,743,87,0.0555555555555555,0.0,0.055045871559633,0.055045871559633,0.0864553314121037,0.0098484848484848,0.057254043331411
U_5796561,C_1824911,2.0,重庆三峡医药高等专科学校,2020-06-12 09:09:52,0,A,822,57,0.0694444444444444,0.0,0.1981651376146789,0.2752293577981651,0.1988472622478386,0.0659090909090909,0.0736647326327123
U_6159282,C_735197,0.0,华南理工大学,2020-10-04 15:51:51,4,E,211,141,0.0416666666666666,0.0,0.0422018348623853,0.0422018348623853,0.0518731988472622,0.031060606060606,0.0615838164379308
U_13071381,C_801420,1.0,南京邮电大学通达学院,2020-09-01 09:38:11,4,E,229,155,0.0277777777777777,0.0,0.0018348623853211,0.0018348623853211,0.0028818443804034,0.0007575757575757,0.0611950179790172
U_27875705,C_735283,2.0,辽宁对外经贸学院,2020-04-20 12:34:31,4,E,781,143,0.0416666666666666,0.0,0.0715596330275229,0.0715596330275229,0.0518731988472622,0.034090909090909,0.0632437473527054
U_30601386,C_1829948,0.0,辽宁对外经贸学院,2020-06-18 15:38:10,4,E,781,61,0.1944444444444444,0.0,0.181651376146789,0.181651376146789,0.2651296829971181,0.0696969696969697,0.0664466051522156
U_12625040,C_813262,1.0,陕西工业职业技术学院,2019-11-06 09:16:12,4,E,876,157,0.0277777777777777,0.0,0.0972477064220183,0.0972477064220183,0.0576368876080691,0.0265151515151515,0.066212418807829
U_21102229,C_948120,0.0,中国农业大学,2020-09-23 09:22:33,0,A,67,167,0.1111111111111111,0.0,0.2513761467889908,0.2899082568807339,0.1815561959654178,0.0727272727272727,0.0631829424986964
U_30735089,C_948136,0.0,辽宁对外经贸学院,2020-07-01 14:34:29,4,E,781,168,0.0416666666666666,0.0,0.018348623853211,0.018348623853211,0.0230547550432276,0.006060606060606,0.0616907325474928
U_33219981,C_697076,2.0,辽宁对外经贸学院,2020-09-21 10:37:34,0,A,781,121,0.0972222222222222,0.0,0.0275229357798165,0.0275229357798165,0.031700288184438,0.0098484848484848,0.0672427287811397
U_8980888,C_697062,0.0,大连理工大学,2020-06-05 19:07:35,3,D,309,120,0.1666666666666666,0.0,0.1706422018348624,0.2330275229357798,0.0893371757925072,0.1393939393939394,0.0836516203823266
U_646492,C_735164,2.0,天津工业大学,2020-09-24 11:43:14,0,A,321,138,0.0972222222222222,0.0,0.055045871559633,0.0568807339449541,0.0864553314121037,0.0401515151515151,0.0707416821512922
U_13386315,C_697107,2.0,昆明理工大学津桥学院,2020-06-24 12:14:24,1,B,480,122,0.2222222222222222,0.0,0.2146788990825688,0.2146788990825688,0.2795389048991354,0.0757575757575757,0.108423492153429
U_3996345,C_735164,0.0,攀枝花学院,2020-09-17 10:09:54,0,A,457,138,0.0138888888888888,0.0,0.0990825688073394,0.1155963302752293,0.1498559077809798,0.0712121212121212,0.0867176981959456
U_31104512,C_682392,0.0,昆明理工大学,2020-08-15 18:56:48,0,A,476,108,0.0972222222222222,0.0,0.1247706422018348,0.2532110091743119,0.1354466858789625,0.0234848484848484,0.063511174366273
U_12529767,C_786631,1.0,河北师范大学,2020-04-22 17:21:44,4,E,556,154,0.0277777777777777,0.0,0.055045871559633,0.055045871559633,0.0432276657060518,0.0303030303030303,0.05070315478155
U_5076059,C_1864065,2.0,湖北理工学院,2020-06-20 11:57:38,4,E,631,67,0.0416666666666666,0.0,0.0935779816513761,0.0935779816513761,0.0864553314121037,0.0371212121212121,0.0565982145965431
U_5199971,C_674920,0.0,西昌民族幼儿高等专科学校,2020-06-04 09:15:05,4,E,755,87,0.0555555555555555,0.0,0.0697247706422018,0.0697247706422018,0.0432276657060518,0.0181818181818181,0.0647419199235724
U_30886158,C_680719,1.0,辽宁对外经贸学院,2020-07-06 20:20:42,4,E,781,94,0.0416666666666666,0.0,0.0091743119266055,0.0091743119266055,0.0115273775216138,0.003030303030303,0.0612554712167505
U_33656774,C_697076,2.0,辽宁对外经贸学院,2020-09-25 10:36:39,4,E,781,121,0.0416666666666666,0.0,0.091743119266055,0.091743119266055,0.063400576368876,0.0166666666666666,0.0140095010962803
U_1265968,C_747056,0.0,四川大学,2020-04-21 09:45:29,4,E,285,147,0.0416666666666666,0.0,0.0678899082568807,0.0678899082568807,0.0662824207492795,0.0333333333333333,0.0615406221117648
U_29795307,C_1714448,0.0,中国医科大学,2020-05-23 22:19:23,2,C,69,8,0.1388888888888889,0.0,0.1137614678899082,0.1137614678899082,0.0403458213256484,0.0106060606060606,0.0767404638153133
U_31280923,C_1829948,1.0,中国医科大学,2020-08-22 12:37:31,2,C,69,61,0.2361111111111111,0.0,0.4036697247706422,0.4036697247706422,0.2334293948126801,0.0613636363636363,0.0742679427347536
U_25886751,C_948395,0.0,西北政法大学,2020-05-30 17:30:19,1,B,706,170,0.2222222222222222,0.0,0.110091743119266,0.110091743119266,0.1123919308357348,0.0606060606060606,0.1126503853090461
U_5503136,C_1017355,0.0,广州中医药大学,2020-03-05 12:16:51,0,A,423,0,0.1111111111111111,0.0,0.2018348623853211,0.273394495412844,0.201729106628242,0.0651515151515151,0.0689183140487016
U_29779823,C_735283,2.0,辽宁对外经贸学院,2020-07-23 08:47:43,4,E,781,143,0.0277777777777777,0.0,0.0036697247706422,0.0036697247706422,0.0028818443804034,0.0007575757575757,0.0617598573359158
U_31023731,C_674920,0.0,辽宁对外经贸学院,2020-07-20 11:12:46,4,E,781,87,0.0555555555555555,0.0,0.2201834862385321,0.2201834862385321,0.3458213256484149,0.0931818181818181,0.0654472225541522
U_32966879,C_735164,1.0,昆明理工大学,2020-10-21 13:28:28,0,A,476,138,0.1111111111111111,0.0,0.2036697247706422,0.2752293577981651,0.1642651296829971,0.0462121212121212,0.0852167135054044
U_30278734,C_697367,0.0,广州中医药大学,2020-08-19 15:25:59,1,B,423,127,0.2083333333333333,0.0,0.1926605504587156,0.1926605504587156,0.2564841498559078,0.0674242424242424,0.0069257991306689
U_30681066,C_735283,0.0,辽宁对外经贸学院,2020-06-24 21:58:40,4,E,781,143,0.0416666666666666,0.0,0.0330275229357798,0.0330275229357798,0.0489913544668587,0.0128787878787878,0.062422396494076
U_33323119,C_2059281,0.0,辽宁对外经贸学院,2020-09-22 07:31:32,4,E,781,85,0.0277777777777777,0.0,0.018348623853211,0.018348623853211,0.0201729106628242,0.009090909090909,0.0303853329230295
U_23909884,C_697107,0.0,吉林大学,2020-07-22 08:43:52,4,E,255,122,0.0416666666666666,0.0,0.0036697247706422,0.0036697247706422,0.0057636887608069,0.0015151515151515,0.0612483497490794
U_33344203,C_697076,2.0,辽宁对外经贸学院,2020-11-17 11:44:16,4,E,781,121,0.0416666666666666,0.0,0.0752293577981651,0.0752293577981651,0.0230547550432276,0.0295454545454545,0.0662408848691455
U_13741001,C_682392,2.0,昆明理工大学,2019-10-31 08:51:02,0,A,476,108,0.3194444444444444,0.0,0.1706422018348624,0.3211009174311927,0.2593659942363112,0.0545454545454545,0.0585154592924385
U_18106692,C_1776290,2.0,河北农业大学,2020-05-12 23:41:21,2,C,545,48,0.125,0.0,0.018348623853211,0.018348623853211,0.0259365994236311,0.0136363636363636,0.0766170266931293
U_11903143,C_707358,1.0,深圳职业技术学院,2020-06-09 21:30:07,1,B,611,134,0.9027777777777776,0.0,0.018348623853211,0.0220183486238532,0.0288184438040345,0.0075757575757575,0.1155697512480828
U_3588796,C_735164,0.0,重庆邮电大学,2020-09-15 10:55:23,0,A,847,138,0.0138888888888888,0.0,0.018348623853211,0.0220183486238532,0.0230547550432276,0.0113636363636363,0.0631805009941332
U_1844716,C_1992950,0.0,华南农业大学,2020-10-18 16:52:46,4,E,209,83,0.0,0.0,0.2036697247706422,0.2036697247706422,0.0,0.0,0.0762817878120059
U_11286379,C_1824926,0.0,武汉职业技术学院,2020-07-06 19:17:56,0,A,511,58,0.1111111111111111,0.0,0.1761467889908257,0.2697247706422018,0.2276657060518732,0.0568181818181818,0.0661929362947428
U_9832940,C_735164,0.0,昆明医科大学,2020-09-16 13:46:23,4,E,471,138,0.0138888888888888,0.0,0.0495412844036697,0.0605504587155963,0.0662824207492795,0.0303030303030303,0.0676660768550217
U_25291881,C_696596,2.0,辽宁对外经贸学院,2020-06-15 01:28:45,4,E,781,117,0.0416666666666666,0.0,0.0018348623853211,0.0018348623853211,0.0028818443804034,0.0007575757575757,0.0607887080390989
U_13139760,C_735197,0.0,辽宁石油化工大学,2020-12-03 10:52:39,3,D,790,141,0.2083333333333333,0.0,0.3376146788990826,0.3376146788990826,0.5302593659942363,0.1515151515151515,0.0734026546986711
U_14460166,C_682392,1.0,陕西工业职业技术学院,2020-09-01 10:13:18,0,A,876,108,0.125,0.0,0.1908256880733945,0.2880733944954128,0.239193083573487,0.0606060606060606,0.063143754617138
U_30918649,C_697076,0.0,辽宁对外经贸学院,2020-07-09 22:08:36,4,E,781,121,0.0416666666666666,0.0,0.0844036697247706,0.0844036697247706,0.0778097982708933,0.0325757575757575,0.0606121025741359
U_561793,C_735164,1.0,石河子大学,2020-11-14 20:50:21,0,A,674,138,0.0138888888888888,0.0,0.1761467889908257,0.2146788990825688,0.1469740634005763,0.0416666666666666,0.0661134759687472
U_32385812,C_697076,1.0,辽宁对外经贸学院,2020-09-10 19:38:41,4,E,781,121,0.0416666666666666,0.0,0.055045871559633,0.055045871559633,0.0778097982708933,0.0257575757575757,0.061762239412376
U_28065234,C_735164,1.0,昆明理工大学,2020-09-20 11:02:16,0,A,476,138,0.0416666666666666,0.0,0.1889908256880734,0.2862385321100917,0.2074927953890489,0.0674242424242424,0.0271756548832557
U_34200530,C_735197,1.0,中国医科大学,2020-10-03 11:07:14,2,C,69,141,0.1805555555555555,0.0,0.3376146788990826,0.3376146788990826,0.239193083573487,0.0636363636363636,0.0806221737872455
U_19910712,C_948395,2.0,西安美术学院,2020-02-18 19:00:48,2,C,727,170,0.1944444444444444,0.0,0.1798165137614679,0.1798165137614679,0.1671469740634005,0.0689393939393939,0.075371844508893
U_11053334,C_801420,2.0,辽宁对外经贸学院,2020-07-31 09:46:56,4,E,781,155,0.0416666666666666,0.0,0.0256880733944954,0.0256880733944954,0.0201729106628242,0.0053030303030303,0.0620220838402144
U_33329071,C_697076,1.0,辽宁对外经贸学院,2020-12-02 13:46:54,4,E,781,121,0.0416666666666666,0.0,0.036697247706422,0.036697247706422,0.0259365994236311,0.0075757575757575,0.0616417291242626
U_21804917,C_948120,2.0,中国农业大学,2020-10-03 18:54:12,0,A,67,167,0.0138888888888888,0.0,0.1541284403669724,0.1541284403669724,0.2219020172910662,0.0651515151515151,0.0718365657108079
U_30051811,C_735283,2.0,辽宁对外经贸学院,2020-05-19 20:01:08,4,E,781,143,0.0277777777777777,0.0,0.018348623853211,0.018348623853211,0.0172910662824207,0.0045454545454545,0.0621931674439443
U_9879225,C_756642,2.0,中国石油大学胜利学院,2020-05-07 20:50:24,4,E,80,149,0.0416666666666666,0.0,0.0348623853211009,0.0348623853211009,0.0259365994236311,0.0075757575757575,0.0620924813805091
U_33333869,C_697076,0.0,辽宁对外经贸学院,2020-11-09 13:33:30,4,E,781,121,0.0277777777777777,0.0,0.1963302752293578,0.1963302752293578,0.2247838616714697,0.0689393939393939,0.0653312783252827
U_29512183,C_676646,0.0,辽宁对外经贸学院,2020-06-26 01:13:47,4,E,781,90,0.0416666666666666,0.0,0.0330275229357798,0.0330275229357798,0.031700288184438,0.0083333333333333,0.0620061818703314
U_22852063,C_823315,0.0,西安石油大学,2020-05-20 17:33:13,4,E,725,158,0.0416666666666666,0.0,0.0220183486238532,0.0220183486238532,0.0259365994236311,0.0068181818181818,0.0616383862934713
U_31060162,C_735115,2.0,昆明理工大学,2020-07-25 13:50:01,0,A,476,136,0.125,0.0,0.5211009174311927,0.5211009174311927,0.6397694524495677,0.2204545454545454,0.0733803840170879
U_21093867,C_948120,2.0,昆明理工大学,2020-10-03 14:21:26,0,A,476,167,0.0416666666666666,0.0,0.1211009174311926,0.1211009174311926,0.1757925072046109,0.056060606060606,0.0727787339027493
U_12706907,C_735385,1.0,辽宁对外经贸学院,2020-09-23 14:32:15,4,E,781,146,0.0138888888888888,0.0,0.0128440366972477,0.0128440366972477,0.0172910662824207,0.0045454545454545,0.0608236071925605
U_31072121,C_682392,0.0,辽宁对外经贸学院,2020-07-27 15:14:54,4,E,781,108,0.0416666666666666,0.0,0.0899082568807339,0.0899082568807339,0.0778097982708933,0.0325757575757575,0.0601345977668748
U_29224747,C_756642,2.0,昆明理工大学,2020-05-07 21:34:33,0,A,476,149,0.0694444444444444,0.0,0.0091743119266055,0.0091743119266055,0.0144092219020172,0.0053030303030303,0.0741999074615514
U_31105058,C_801420,1.0,辽宁对外经贸学院,2020-08-02 15:51:03,4,E,781,155,0.0555555555555555,0.0,0.0293577981651376,0.0293577981651376,0.0201729106628242,0.0053030303030303,0.0629402183168515
U_5517359,C_674920,0.0,西昌民族幼儿师范高等专科学校,2020-06-16 19:19:39,4,E,751,87,0.0555555555555555,0.0,0.0220183486238532,0.0220183486238532,0.0172910662824207,0.0045454545454545,0.0594574739617806
U_15006314,C_674920,2.0,辽宁对外经贸学院,2020-06-19 08:12:41,4,E,781,87,0.0416666666666666,0.0,0.0807339449541284,0.0807339449541284,0.0720461095100864,0.0325757575757575,0.0606016333233316
U_20251046,C_948436,2.0,西安美术学院,2020-05-26 08:12:34,4,E,727,171,0.0277777777777777,0.0,0.0036697247706422,0.0036697247706422,0.0057636887608069,0.0,0.061499577101989
U_32744326,C_735164,2.0,昆明理工大学,2020-10-15 17:36:27,2,C,476,138,0.0833333333333333,0.0,0.1651376146788991,0.1651376146788991,0.100864553314121,0.0651515151515151,0.0908310601677982
U_3446239,C_735197,1.0,华南理工大学,2020-10-18 15:19:07,4,E,211,141,0.0277777777777777,0.0,0.0091743119266055,0.0091743119266055,0.0115273775216138,0.003030303030303,0.0628107541945593
U_14642258,C_756642,0.0,广州中医药大学,2020-05-08 12:47:16,1,B,423,149,0.2222222222222222,0.0,0.0275229357798165,0.0275229357798165,0.0432276657060518,0.0325757575757575,0.120427047815186
U_30544966,C_680979,0.0,辽宁对外经贸学院,2020-06-15 20:51:44,4,E,781,100,0.0416666666666666,0.0,0.0165137614678899,0.0165137614678899,0.0172910662824207,0.0068181818181818,0.0616367124019047
U_31074193,C_1731884,1.0,辽宁对外经贸学院,2020-07-27 21:05:27,4,E,781,11,0.0277777777777777,0.0,0.0018348623853211,0.0018348623853211,0.0028818443804034,0.0007575757575757,0.0611106548345276
U_29756160,C_674920,1.0,青岛农业大学,2020-05-02 09:14:41,4,E,885,87,0.0416666666666666,0.0,0.055045871559633,0.055045871559633,0.0662824207492795,0.0174242424242424,0.0613092338405591
U_33224759,C_697076,2.0,辽宁对外经贸学院,2020-09-29 15:27:17,0,A,781,121,0.0972222222222222,0.0,0.0275229357798165,0.0275229357798165,0.0432276657060518,0.0136363636363636,0.0630025286828021
U_20252565,C_948120,2.0,中国农业大学东校区,2020-10-03 14:20:00,4,E,68,167,0.0416666666666666,0.0,0.018348623853211,0.018348623853211,0.0230547550432276,0.006060606060606,0.0628006217030051
U_32742021,C_735164,0.0,昆明理工大学,2020-10-11 15:37:08,2,C,476,138,0.0833333333333333,0.0,0.0091743119266055,0.0091743119266055,0.0144092219020172,0.006060606060606,0.067397207182435
U_5204869,C_674920,2.0,辽宁对外经贸学院,2020-06-04 09:40:52,4,E,781,87,0.0277777777777777,0.0,0.0532110091743119,0.0532110091743119,0.0288184438040345,0.0075757575757575,0.0615747685092556
U_6902190,C_756642,2.0,广州中医药大学,2020-05-11 19:42:37,1,B,423,149,0.2083333333333333,0.0,0.0091743119266055,0.0091743119266055,0.0144092219020172,0.0053030303030303,0.115826133988924
U_15134397,C_707013,0.0,哈尔滨工业大学,2020-08-21 10:34:08,4,E,270,129,0.0416666666666666,0.0,0.0972477064220183,0.0972477064220183,0.1095100864553314,0.0287878787878787,0.0641880797180628
U_30034325,C_1824911,0.0,辽宁对外经贸学院,2020-06-02 09:51:41,4,E,781,57,0.0416666666666666,0.0,0.0880733944954128,0.0880733944954128,0.0518731988472622,0.0227272727272727,0.0671444743175838
U_32612130,C_735164,2.0,昆明理工大学,2020-11-28 18:56:46,0,A,476,138,0.125,0.0,0.2862385321100917,0.2880733944954128,0.4495677233429394,0.1636363636363636,0.0691268423096365
U_30951480,C_1829948,0.0,广州中医药大学,2020-07-14 13:39:29,1,B,423,61,0.2916666666666666,0.0,0.3889908256880734,0.3889908256880734,0.2219020172910662,0.0583333333333333,0.1000237358924668
U_27891347,C_735283,1.0,辽宁对外经贸学院,2020-04-20 12:05:28,4,E,781,143,0.0416666666666666,0.0,0.0715596330275229,0.0715596330275229,0.0547550432276657,0.034090909090909,0.0632189658337722
U_33618136,C_1912004,0.0,辽宁对外经贸学院,2020-09-26 09:47:45,4,E,781,74,0.0277777777777777,0.0,0.0055045871559633,0.0055045871559633,0.0057636887608069,0.0015151515151515,0.0618303786847583
U_28298898,C_735164,1.0,新疆大学,2020-11-16 23:14:10,4,E,465,138,0.0555555555555555,0.0,0.0788990825688073,0.0788990825688073,0.0749279538904899,0.0083333333333333,0.0573307154889096
U_24068714,C_697766,2.0,四川音乐学院,2020-07-29 15:31:41,4,E,293,128,0.0416666666666666,0.0,0.018348623853211,0.018348623853211,0.0144092219020172,0.0045454545454545,0.0616304179753331
U_33219963,C_697076,2.0,辽宁对外经贸学院,2020-09-27 07:23:25,4,E,781,121,0.0416666666666666,0.0,0.0788990825688073,0.0788990825688073,0.0691642651296829,0.031060606060606,0.0218928530215024
U_12060934,C_801420,0.0,南京邮电大学,2020-09-04 14:00:30,4,E,228,155,0.0277777777777777,0.0,0.0036697247706422,0.0036697247706422,0.0028818443804034,0.0007575757575757,0.061307758042669
U_7392946,C_1992929,1.0,武汉体育学院,2020-11-13 19:33:58,4,E,505,81,0.0416666666666666,0.0,0.0330275229357798,0.0330275229357798,0.0374639769452449,0.0098484848484848,0.0619024154502263
U_29799156,C_766175,2.0,华南理工大学,2020-05-06 17:19:22,3,D,211,151,0.0833333333333333,0.0,0.1834862385321101,0.1834862385321101,0.1383285302593659,0.0363636363636363,0.0837761915908087
U_29055359,C_948488,1.0,合肥工业大学,2020-06-05 14:32:47,1,B,248,172,0.1944444444444444,0.0,0.1834862385321101,0.1834862385321101,0.2593659942363112,0.0681818181818181,0.1102643667846825
U_17128232,C_1992929,2.0,辽宁对外经贸学院,2020-10-03 00:07:29,4,E,781,81,0.0277777777777777,0.0,0.0018348623853211,0.0018348623853211,0.0028818443804034,0.0007575757575757,0.0138900642381813
U_13320963,C_1755959,1.0,辽宁对外经贸学院,2020-08-16 11:22:48,4,E,781,26,0.0416666666666666,0.0,0.0587155963302752,0.0587155963302752,0.0374639769452449,0.0265151515151515,4.231257452782936e-05
U_33442610,C_697076,2.0,辽宁对外贸易学院,2020-11-23 15:37:37,4,E,783,121,0.0555555555555555,0.0,0.1834862385321101,0.1834862385321101,0.1613832853025936,0.0484848484848484,0.0645800823421942
U_1038027,C_735164,1.0,昆明理工大学,2020-09-23 08:48:58,0,A,476,138,0.1111111111111111,0.0,0.1871559633027523,0.273394495412844,0.2103746397694524,0.0575757575757575,0.0256732478555217
U_5084955,C_735197,0.0,华南理工大学,2020-09-24 09:44:12,3,D,211,141,0.1944444444444444,0.0,0.0954128440366972,0.2275229357798165,0.0662824207492795,0.1689393939393939,0.0700645781555656
U_13535218,C_948120,0.0,中国农业大学,2020-09-23 10:06:39,4,E,67,167,0.0277777777777777,0.0,0.0385321100917431,0.0385321100917431,0.0547550432276657,0.0151515151515151,0.0676847328537908
U_34269016,C_697076,2.0,辽宁对外经贸学院,2020-11-16 22:13:31,0,A,781,121,0.0277777777777777,0.0,0.5541284403669725,0.5541284403669725,0.8703170028818443,0.2931818181818181,0.0759411508781972
U_5581716,C_1824911,2.0,重庆三峡医药高等专科学校,2020-06-02 08:53:59,4,E,822,57,0.0416666666666666,0.0,0.0697247706422018,0.0697247706422018,0.0374639769452449,0.0257575757575757,0.065193231794455
U_22331217,C_735115,2.0,深圳信息职业技术学院,2020-07-15 09:59:31,4,E,610,136,0.0416666666666666,0.0,0.0256880733944954,0.0256880733944954,0.0144092219020172,0.0045454545454545,0.0618861717687513
U_30738483,C_735283,0.0,辽宁对外经贸学院,2020-06-29 15:52:09,4,E,781,143,0.0416666666666666,0.0,0.0330275229357798,0.0330275229357798,0.0518731988472622,0.0136363636363636,0.0623883838098168
U_13120163,C_801420,0.0,南京邮电大学通达学院,2020-09-01 09:38:07,4,E,229,155,0.0277777777777777,0.0,0.0018348623853211,0.0018348623853211,0.0028818443804034,0.0007575757575757,0.0611950179790172
U_29933713,C_735115,1.0,昆明理工大学,2020-05-12 07:55:19,0,A,476,136,0.1111111111111111,0.0,0.3486238532110092,0.3486238532110092,0.4438040345821325,0.1484848484848485,0.069250532001258
U_29015826,C_707035,2.0,辽宁对外经贸学院,2020-07-08 09:16:51,4,E,781,130,0.0416666666666666,0.0,0.018348623853211,0.018348623853211,0.0201729106628242,0.0053030303030303,0.0623814257694289
U_460465,C_735164,0.0,攀枝花学院,2020-09-24 07:54:53,0,A,457,138,0.125,0.0,0.1944954128440367,0.2788990825688073,0.2276657060518732,0.0727272727272727,0.0698379936560156
U_19813790,C_735164,1.0,皖南医学院,2020-10-25 09:11:10,0,A,668,138,0.1111111111111111,0.0,0.1944954128440367,0.236697247706422,0.1671469740634005,0.0424242424242424,0.0705926958971786
U_13535296,C_948120,2.0,中国农业大学,2020-09-23 09:24:49,4,E,67,167,0.0138888888888888,0.0,0.0275229357798165,0.0275229357798165,0.0403458213256484,0.0113636363636363,0.0634837626035238
U_28156261,C_707013,0.0,辽宁对外经贸学院,2020-08-25 19:35:29,4,E,781,129,0.0416666666666666,0.0,0.1376146788990825,0.1376146788990825,0.1296829971181556,0.034090909090909,0.0984575143285763
U_27243802,C_697107,1.0,三峡大学科技学院,2020-07-07 15:41:38,4,E,38,122,0.0416666666666666,0.0,0.0752293577981651,0.0752293577981651,0.0461095100864553,0.0121212121212121,0.0635187806131913
U_30330326,C_756642,2.0,辽宁对外经贸学院,2020-06-03 06:42:29,4,E,781,149,0.0416666666666666,0.0,0.0348623853211009,0.0348623853211009,0.0230547550432276,0.0068181818181818,0.0625997497626679
U_9080123,C_735197,0.0,华南理工大学,2020-10-23 10:26:03,4,E,211,141,0.0555555555555555,0.0,0.0385321100917431,0.0385321100917431,0.0432276657060518,0.0303030303030303,0.0603897721362892
U_31503948,C_1864063,1.0,辽宁对外经贸学院,2020-08-27 10:44:04,4,E,781,66,0.0416666666666666,0.0,0.0110091743119266,0.0110091743119266,0.0086455331412103,0.0022727272727272,0.0821133207677808
U_21237865,C_948120,2.0,中国农业大学,2020-09-26 16:24:45,2,C,67,167,0.1111111111111111,0.0,0.0568807339449541,0.0568807339449541,0.0749279538904899,0.0212121212121212,0.0765755805436586
U_20462680,C_823315,0.0,辽宁对外经贸学院,2020-06-16 18:36:45,4,E,781,158,0.0416666666666666,0.0,0.0642201834862385,0.0642201834862385,0.0576368876080691,0.0295454545454545,0.0556986414973963
U_29501105,C_676676,2.0,辽宁对外经贸学院,2020-04-22 09:52:15,4,E,781,91,0.0416666666666666,0.0,0.0678899082568807,0.0678899082568807,0.0576368876080691,0.0348484848484848,0.0635611627552836
U_30627693,C_676646,0.0,辽宁对外经贸学院,2020-08-16 10:51:08,4,E,781,90,0.0416666666666666,0.0,0.0532110091743119,0.0532110091743119,0.0201729106628242,0.0053030303030303,0.0629718588293343
U_31095574,C_674920,2.0,辽宁对外经贸学院,2020-07-29 20:45:25,4,E,781,87,0.0416666666666666,0.0,0.018348623853211,0.018348623853211,0.0057636887608069,0.0015151515151515,0.0611751194692104
U_15004206,C_674920,1.0,辽宁对外经贸学院,2020-06-19 13:05:18,4,E,781,87,0.0416666666666666,0.0,0.018348623853211,0.018348623853211,0.0201729106628242,0.0053030303030303,0.0610050560479146
U_5256542,C_674920,0.0,西昌民族幼儿师范高等专科学校,2020-07-07 06:30:12,4,E,751,87,0.0416666666666666,0.0,0.055045871559633,0.055045871559633,0.0835734870317002,0.0219696969696969,0.0594365007937786
U_31065797,C_682392,0.0,昆明理工大学,2020-08-02 19:45:55,0,A,476,108,0.1111111111111111,0.0,0.4495412844036697,0.4495412844036697,0.6801152737752161,0.2371212121212121,0.0628895063356614
U_9080787,C_735197,2.0,辽宁石油化工大学,2020-09-15 12:45:28,4,E,790,141,0.0277777777777777,0.0,0.0091743119266055,0.0091743119266055,0.0144092219020172,0.0037878787878787,0.10759029888064
U_17147288,C_1776290,2.0,河北农业大学,2020-04-27 21:57:53,2,C,545,48,0.1388888888888889,0.0,0.181651376146789,0.181651376146789,0.1873198847262247,0.0628787878787878,0.078453612596286
U_5732061,C_1824911,2.0,辽宁对外经贸学院,2020-06-04 08:05:10,4,E,781,57,0.0694444444444444,0.0,0.0715596330275229,0.0715596330275229,0.031700288184438,0.0113636363636363,0.0643622040597274
U_33402883,C_735164,1.0,昆明理工大学,2020-10-08 18:27:21,0,A,476,138,0.0277777777777777,0.0,0.236697247706422,0.2513761467889908,0.3717579250720461,0.1393939393939394,0.0679607886444877
U_31045597,C_825821,1.0,辽宁对外经贸学院,2020-07-24 20:07:44,4,E,781,159,0.0416666666666666,0.0,0.0018348623853211,0.0018348623853211,0.0,0.0,0.0614788515510827
U_15199465,C_735164,1.0,昆明理工大学,2020-11-27 13:05:44,0,A,476,138,0.125,0.0,0.2385321100917431,0.2513761467889908,0.3659942363112392,0.1363636363636363,0.0693622172160823
U_3699232,C_1017355,2.0,广州中医药大学,2020-03-11 15:47:03,4,E,423,0,0.0138888888888888,0.0,0.0660550458715596,0.0660550458715596,0.0432276657060518,0.0295454545454545,0.0616281101840016
U_30607645,C_1829948,0.0,辽宁对外经贸学院,2020-06-18 22:28:45,4,E,781,61,0.0,0.0,0.0678899082568807,0.0678899082568807,0.1066282420749279,0.1719696969696969,0.0461059601640648
U_32877672,C_1774987,2.0,昆明理工大学,2020-10-20 17:20:29,0,A,476,47,0.0972222222222222,0.0,0.2036697247706422,0.2623853211009174,0.1988472622478386,0.0651515151515151,0.0721237866847419
U_6509946,C_1824911,2.0,重庆三峡医药高等专科学校,2020-06-05 11:32:39,4,E,822,57,0.0833333333333333,0.0,0.0697247706422018,0.0697247706422018,0.0489913544668587,0.0287878787878787,0.0644699472103888
U_10272862,C_1918363,0.0,新乡医学院三全学院,2020-10-12 08:32:25,0,A,461,76,0.1111111111111111,0.0,0.1908256880733945,0.2752293577981651,0.2103746397694524,0.0772727272727272,0.0715081660138665
U_12923133,C_1829948,0.0,北方民族大学,2020-06-17 12:34:09,4,E,190,61,0.0138888888888888,0.0,0.0513761467889908,0.0513761467889908,0.0345821325648414,0.009090909090909,0.0619790529413315
U_33224839,C_697076,2.0,辽宁对外经贸学院,2020-09-24 14:15:45,4,E,781,121,0.0416666666666666,0.0,0.0275229357798165,0.0275229357798165,0.0432276657060518,0.0136363636363636,0.0612878842945717
U_931876,C_697062,2.0,昆明理工大学城市学院,2020-07-17 10:04:31,4,E,478,120,0.0416666666666666,0.0,0.0238532110091743,0.0238532110091743,0.0172910662824207,0.0045454545454545,0.0603339641952705
U_16552794,C_749807,0.0,佳木斯大学,2020-07-06 11:24:48,4,E,124,148,0.0416666666666666,0.0,0.0091743119266055,0.0091743119266055,0.0115273775216138,0.003030303030303,0.0613364122929781
U_5732055,C_1824911,2.0,重庆三峡医药高等专科学校,2020-06-13 16:09:34,4,E,822,57,0.0833333333333333,0.0,0.0256880733944954,0.0256880733944954,0.0374639769452449,0.0098484848484848,0.0537649352169818
U_31090554,C_674959,1.0,辽宁对外经贸学院,2020-08-11 20:01:25,4,E,781,88,0.0277777777777777,0.0,0.0036697247706422,0.0036697247706422,0.0028818443804034,0.0007575757575757,0.0020617763588106
U_32744333,C_735164,1.0,昆明理工大学,2020-11-03 13:45:47,0,A,476,138,0.0138888888888888,0.0,0.1963302752293578,0.2752293577981651,0.2449567723342939,0.0674242424242424,0.0637682003613026
U_31060261,C_735115,2.0,昆明理工大学,2020-07-25 14:11:44,0,A,476,136,0.125,0.0,0.5211009174311927,0.5211009174311927,0.4322766570605187,0.1439393939393939,0.0759330736085369
U_33080612,C_735164,0.0,昆明理工大学,2020-11-11 14:07:31,0,A,476,138,0.0277777777777777,0.0,0.0954128440366972,0.1376146788990825,0.1123919308357348,0.053030303030303,0.0610113207604346
U_32312699,C_697076,1.0,辽宁对外经贸学院,2020-09-27 19:36:52,4,E,781,121,0.0416666666666666,0.0,0.0788990825688073,0.0788990825688073,0.0691642651296829,0.0318181818181818,0.0127136400353886
U_29860712,C_749807,2.0,辽宁对外经贸学院,2020-06-29 21:41:58,4,E,781,148,0.0416666666666666,0.0,0.0293577981651376,0.0293577981651376,0.031700288184438,0.0083333333333333,0.0620487720107841
U_33328306,C_735164,1.0,昆明理工大学,2020-10-09 14:42:05,0,A,476,138,0.0138888888888888,0.0,0.0036697247706422,0.0036697247706422,0.0057636887608069,0.0022727272727272,0.0061007039273762
U_11903627,C_707358,1.0,深圳职业技术学院,2020-03-03 21:42:45,0,A,611,134,0.125,0.0,0.1963302752293578,0.2752293577981651,0.1902017291066282,0.0469696969696969,0.0704313436453079
U_21157494,C_948120,0.0,中国农业大学,2020-09-25 10:14:09,2,C,67,167,0.0972222222222222,0.0,0.0275229357798165,0.0275229357798165,0.0374639769452449,0.0098484848484848,0.041612916875024
U_11346906,C_948120,0.0,中国农业大学,2020-09-24 13:53:54,0,A,67,167,0.0833333333333333,0.0,0.2036697247706422,0.2568807339449541,0.1902017291066282,0.0704545454545454,0.0728666528287326
U_30818270,C_823315,2.0,辽宁对外经贸学院,2020-07-02 10:25:04,4,E,781,158,0.0277777777777777,0.0,0.0844036697247706,0.0844036697247706,0.1181556195965417,0.034090909090909,0.0624451227911152
U_32872410,C_735164,1.0,昆明理工大学,2020-09-16 20:02:35,0,A,476,138,0.0138888888888888,0.0,0.1963302752293578,0.2660550458715596,0.2219020172910662,0.0613636363636363,0.0675912597479579
U_7374690,C_1824911,2.0,重庆三峡医药高等专科学校,2020-06-10 19:14:22,4,E,822,57,0.125,0.0,0.0091743119266055,0.0091743119266055,0.0057636887608069,0.0015151515151515,0.0618172203122952
U_15062026,C_1750793,0.0,昆明理工大学,2020-06-05 11:07:55,0,A,476,17,0.0416666666666666,0.0,0.036697247706422,0.036697247706422,0.0547550432276657,0.0287878787878787,0.0696164704499008
U_30096509,C_735283,0.0,辽宁对外经贸学院,2020-05-21 06:59:51,4,E,781,143,0.0277777777777777,0.0,0.0201834862385321,0.0201834862385321,0.0144092219020172,0.0037878787878787,0.0623025993431981
U_31014201,C_1761368,2.0,华南理工大学,2020-07-19 09:48:57,3,D,211,31,0.1388888888888889,0.0,0.0990825688073394,0.0990825688073394,0.0864553314121037,0.0257575757575757,0.0819176420512674
U_6159332,C_735197,0.0,华南理工大学,2020-10-04 10:58:16,4,E,211,141,0.0416666666666666,0.0,0.055045871559633,0.055045871559633,0.0461095100864553,0.0295454545454545,0.0606360719089953
U_7888932,C_697076,2.0,北京师范大学克拉玛依附属学校,2020-10-15 10:48:12,4,E,168,121,0.0416666666666666,0.0,0.0623853211009174,0.0623853211009174,0.0547550432276657,0.031060606060606,0.061216114955567
U_18437209,C_735164,0.0,辽宁对外经贸学院,2020-11-29 10:35:28,4,E,781,138,0.0416666666666666,0.0,0.0972477064220183,0.0990825688073394,0.1527377521613832,0.0727272727272727,0.0631214542215033
U_6159279,C_735197,2.0,华南理工大学,2020-10-04 10:48:54,4,E,211,141,0.0416666666666666,0.0,0.0825688073394495,0.0825688073394495,0.0605187319884726,0.0242424242424242,0.0621269249185147
U_33268697,C_697076,0.0,辽宁对外经贸学院,2020-11-19 12:12:40,4,E,781,121,0.0555555555555555,0.0,0.1834862385321101,0.1834862385321101,0.201729106628242,0.0598484848484848,0.0653600514317978
U_33499584,C_2027893,2.0,辽宁对外经贸学院,2020-09-23 14:35:23,4,E,781,84,0.0416666666666666,0.0,0.0110091743119266,0.0110091743119266,0.0115273775216138,0.003030303030303,0.061425267211583
U_10784180,C_735115,0.0,北京师范大学香港浸会大学联合国际学院,2020-06-08 10:40:15,4,E,170,136,0.0416666666666666,0.0,0.055045871559633,0.055045871559633,0.0547550432276657,0.0181818181818181,0.0626142304104218
U_29896211,C_697062,2.0,辽宁对外经贸学院,2020-05-09 14:55:42,4,E,781,120,0.0555555555555555,0.0,0.163302752293578,0.163302752293578,0.1268011527377521,0.0333333333333333,0.0657980415029342
U_33976652,C_735164,2.0,昆明理工大学,2020-10-04 19:12:41,0,A,476,138,0.0694444444444444,0.0,0.1504587155963302,0.1504587155963302,0.2363112391930835,0.1037878787878787,0.0654685671477976
U_20292312,C_948113,2.0,西安思源学院,2020-02-27 17:55:50,4,E,721,166,0.0138888888888888,0.0,0.073394495412844,0.073394495412844,0.0518731988472622,0.0295454545454545,0.0615803844649851
U_11323988,C_1824926,0.0,武汉职业技术学院,2020-07-12 20:51:41,0,A,511,58,0.0972222222222222,0.0,0.1743119266055046,0.2642201834862385,0.2363112391930835,0.053030303030303,0.067320901498238
U_6509868,C_1824911,2.0,重庆三峡医药高等专科学校,2020-06-10 16:58:42,4,E,822,57,0.0555555555555555,0.0,0.0623853211009174,0.0623853211009174,0.0922190201729106,0.0242424242424242,0.0625285251812737
U_31060950,C_735115,1.0,昆明理工大学,2020-07-25 16:04:13,0,A,476,136,0.1388888888888889,0.0,0.5211009174311927,0.5211009174311927,0.717579250720461,0.2416666666666666,0.0724584709035711
U_7751001,C_1017355,1.0,广州中医药大学,2020-05-09 11:45:22,0,A,423,0,0.2222222222222222,0.0,0.0825688073394495,0.0825688073394495,0.1095100864553314,0.0356060606060606,0.0690115171235061
U_30408211,C_680979,1.0,辽宁对外经贸学院,2020-06-30 00:35:43,4,E,781,100,0.0416666666666666,0.0,0.0036697247706422,0.0036697247706422,0.0028818443804034,0.0007575757575757,0.0605211131961665
U_32079002,C_801420,0.0,辽宁对外经贸学院,2020-09-08 11:34:14,4,E,781,155,0.0277777777777777,0.0,0.0128440366972477,0.0128440366972477,0.0115273775216138,0.003030303030303,0.0615961774833459
U_30366535,C_813262,0.0,辽宁对外经贸学院,2020-06-05 11:41:04,4,E,781,157,0.0416666666666666,0.0,0.0495412844036697,0.0495412844036697,0.0144092219020172,0.0106060606060606,0.0608479182390119
U_1450998,C_735164,1.0,河南理工大学,2020-11-29 09:43:10,0,A,576,138,0.1111111111111111,0.0,0.2862385321100917,0.2954128440366972,0.4495677233429394,0.1636363636363636,0.0647691528517525
U_4361901,C_735115,0.0,南京晓庄学院 经济学转本1班,2020-06-23 15:31:48,4,E,222,136,0.0416666666666666,0.0,0.055045871559633,0.055045871559633,0.0374639769452449,0.0121212121212121,0.0628015329339171
U_20572917,C_823315,1.0,西安石油大学,2020-04-28 09:45:34,4,E,725,158,0.0416666666666666,0.0,0.0715596330275229,0.0715596330275229,0.0605187319884726,0.0318181818181818,0.0626304790442387
U_14513342,C_1750793,2.0,北京体育大学,2020-06-16 19:03:53,0,A,159,17,0.0555555555555555,0.0,0.036697247706422,0.036697247706422,0.0547550432276657,0.0287878787878787,0.0696928157528331
U_33749678,C_697076,1.0,辽宁对外经贸学院,2020-11-22 14:50:14,4,E,781,121,0.0555555555555555,0.0,0.0825688073394495,0.0825688073394495,0.1239193083573487,0.0401515151515151,0.0624077524190389
U_20229255,C_948395,1.0,西安美术学院,2020-05-26 14:18:28,1,B,727,170,0.2222222222222222,0.0,0.110091743119266,0.110091743119266,0.1354466858789625,0.0772727272727272,0.1129328470824016
U_30565624,C_1829948,0.0,辽宁对外经贸学院,2020-06-16 18:54:56,4,E,781,61,0.0416666666666666,0.0,0.0220183486238532,0.0220183486238532,0.0057636887608069,0.0015151515151515,0.0618407439363824
U_32954740,C_735164,2.0,昆明理工大学,2020-11-01 20:58:31,0,A,476,138,0.0972222222222222,0.0,0.2018348623853211,0.2752293577981651,0.201729106628242,0.0462121212121212,0.0660720149622507
U_12186541,C_1714448,2.0,中国医科大学,2020-05-11 11:48:39,2,C,69,8,0.1388888888888889,0.0,0.1449541284403669,0.1449541284403669,0.1123919308357348,0.0295454545454545,0.0771723080301356
U_7226598,C_1017355,0.0,广州中医药大学,2020-05-09 11:57:09,0,A,423,0,0.0972222222222222,0.0,0.0825688073394495,0.0825688073394495,0.0951008645533141,0.0318181818181818,0.0679908642169259
U_12605785,C_682392,2.0,昆明理工大学,2020-09-01 10:32:23,0,A,476,108,0.0138888888888888,0.0,0.018348623853211,0.018348623853211,0.0259365994236311,0.0068181818181818,0.0514950887292156
U_4458009,C_735197,1.0,华南理工大学,2020-09-10 21:50:14,4,E,211,141,0.0416666666666666,0.0,0.0623853211009174,0.0623853211009174,0.0403458213256484,0.0484848484848484,0.0604956036829721
U_28346557,C_1736024,2.0,广州中医药大学,2020-05-17 16:46:22,4,E,423,14,0.0416666666666666,0.0,0.0091743119266055,0.0146788990825688,0.0144092219020172,0.006060606060606,0.0614638855738213
U_24754408,C_735164,1.0,昆明理工大学,2020-12-01 15:08:26,0,A,476,138,0.125,0.0,0.2385321100917431,0.2440366972477064,0.3746397694524495,0.1439393939393939,0.0681686532916062
U_30945570,C_1755893,1.0,辽宁对外经贸学院,2020-07-13 19:54:48,4,E,781,19,0.0277777777777777,0.0,0.0073394495412844,0.0073394495412844,0.0115273775216138,0.003030303030303,0.0611841178744665
U_30811990,C_1829948,1.0,辽宁对外经贸学院,2020-07-03 16:59:30,4,E,781,61,0.0416666666666666,0.0,0.0073394495412844,0.0073394495412844,0.0086455331412103,0.0022727272727272,0.0612033626751408
U_12286296,C_682392,2.0,陕西工业职业技术学院,2020-09-03 09:51:15,0,A,876,108,0.0138888888888888,0.0,0.018348623853211,0.018348623853211,0.0288184438040345,0.0075757575757575,0.0606532812971433
U_7704444,C_1829948,0.0,广州中医药大学,2020-06-18 08:47:54,1,B,423,61,0.1388888888888889,0.0,0.2091743119266055,0.2091743119266055,0.1613832853025936,0.0424242424242424,0.0933405306713715
U_29771786,C_697766,1.0,辽宁对外经贸学院,2020-05-03 21:14:06,4,E,781,128,0.0416666666666666,0.0,0.0128440366972477,0.0128440366972477,0.0028818443804034,0.0007575757575757,0.0615297071501883
U_1393322,C_735164,1.0,嘉兴学院,2020-12-06 16:05:58,0,A,283,138,0.1111111111111111,0.0,0.2807339449541284,0.3211009174311927,0.4380403458213256,0.1590909090909091,0.0656380065740124
U_17156269,C_747056,0.0,河北大学,2020-06-06 18:06:56,4,E,551,147,0.0277777777777777,0.0,0.0018348623853211,0.0018348623853211,0.0028818443804034,0.0007575757575757,0.0612276638169084
U_32386839,C_735197,0.0,华南理工大学,2020-09-10 20:46:01,3,D,211,141,0.0277777777777777,0.0,0.0091743119266055,0.0091743119266055,0.0115273775216138,0.003030303030303,0.0780612187371435
U_33344067,C_697076,0.0,辽宁对外经贸学院,2020-11-17 11:40:25,4,E,781,121,0.0416666666666666,0.0,0.0788990825688073,0.0788990825688073,0.0432276657060518,0.0348484848484848,0.0655434118911303
U_19904806,C_948395,0.0,西安美术学院,2020-02-21 23:17:13,2,C,727,170,0.1527777777777777,0.0,0.1889908256880734,0.1889908256880734,0.1671469740634005,0.0636363636363636,0.0791931953375883
U_14893150,C_674920,0.0,西昌民族幼儿师范高等专科学校,2020-06-27 12:19:42,4,E,751,87,0.1111111111111111,0.0,0.2201834862385321,0.2201834862385321,0.3371757925072046,0.0909090909090909,0.0641663240800386
U_33329879,C_697076,1.0,辽宁对外经贸学院,2020-12-05 13:47:32,4,E,781,121,0.0555555555555555,0.0,0.110091743119266,0.110091743119266,0.1383285302593659,0.0454545454545454,0.0628813349715048
U_22756191,C_823315,0.0,XSYU,2020-06-12 08:24:03,4,E,26,158,0.0416666666666666,0.0,0.0788990825688073,0.0788990825688073,0.0605187319884726,0.028030303030303,0.0611565729487459
U_30007597,C_735283,0.0,辽宁对外经贸学院,2020-05-16 09:09:46,4,E,781,143,0.0416666666666666,0.0,0.110091743119266,0.110091743119266,0.1354466858789625,0.0378787878787878,0.0645589655562768
U_5277622,C_674920,0.0,辽宁对外经贸学院,2020-07-05 19:47:38,4,E,781,87,0.0138888888888888,0.0,0.0605504587155963,0.0605504587155963,0.0,0.0151515151515151,0.0642375040903556
U_28900534,C_1731884,1.0,辽宁对外经贸学院,2020-05-10 11:38:13,4,E,781,11,0.0416666666666666,0.0,0.0091743119266055,0.0091743119266055,0.0086455331412103,0.0022727272727272,0.0613443162306715
U_33009287,C_735164,2.0,昆明理工大学,2020-09-17 10:37:44,0,A,476,138,0.125,0.0,0.1981651376146789,0.2752293577981651,0.2276657060518732,0.0696969696969697,0.0657448929695228
U_30746720,C_676635,1.0,广州中医药大学,2020-06-30 08:13:33,1,B,423,89,0.2222222222222222,0.0,0.0642201834862385,0.0642201834862385,0.0951008645533141,0.025,0.1161476895493415
U_33455015,C_697076,2.0,辽宁对外经贸学院,2020-11-30 18:48:00,4,E,781,121,0.0555555555555555,0.0,0.1834862385321101,0.1834862385321101,0.1729106628242074,0.0515151515151515,0.0659157140991314
U_27877912,C_735283,2.0,辽宁对外经贸学院,2020-04-20 15:58:01,4,E,781,143,0.0416666666666666,0.0,0.0697247706422018,0.0697247706422018,0.0518731988472622,0.0318181818181818,0.0632285832817675
U_32875361,C_735164,2.0,辽宁对外经贸学院,2020-09-17 21:04:25,4,E,781,138,0.0138888888888888,0.0,0.0678899082568807,0.0678899082568807,0.0461095100864553,0.0295454545454545,0.0616932334801589
U_30111680,C_1750793,2.0,昆明理工大学,2020-05-21 21:36:20,0,A,476,17,0.0694444444444444,0.0,0.036697247706422,0.036697247706422,0.0518731988472622,0.0272727272727272,0.06991866730578
U_33333840,C_697076,1.0,辽宁对外经贸学院,2020-11-23 13:24:02,4,E,781,121,0.0416666666666666,0.0,0.0091743119266055,0.0091743119266055,0.0086455331412103,0.0022727272727272,0.0631331813671535
U_30855518,C_697766,2.0,昆明理工大学,2020-07-06 10:06:09,0,A,476,128,0.1111111111111111,0.0,0.1981651376146789,0.2678899082568807,0.2046109510086455,0.0681818181818181,0.0700255388442647
U_29778959,C_735283,2.0,辽宁对外经贸学院,2020-05-05 07:52:25,4,E,781,143,0.0416666666666666,0.0,0.0220183486238532,0.0220183486238532,0.0230547550432276,0.0068181818181818,0.062722954124782
U_16183606,C_735115,1.0,辽宁对外经贸学院,2020-07-23 10:06:38,4,E,781,136,0.0416666666666666,0.0,0.018348623853211,0.018348623853211,0.0172910662824207,0.0045454545454545,0.0607280319459796
U_30563869,C_1829948,0.0,辽宁对外经贸学院,2020-06-16 17:29:11,4,E,781,61,0.0416666666666666,0.0,0.0311926605504587,0.0311926605504587,0.0374639769452449,0.0098484848484848,0.0614937531478992
U_17759975,C_1829948,1.0,辽宁对外经贸学院,2020-06-11 17:03:35,4,E,781,61,0.0416666666666666,0.0,0.0403669724770642,0.0403669724770642,0.0230547550432276,0.006060606060606,0.0623908748377991
U_30893958,C_801420,1.0,辽宁对外经贸学院,2020-07-07 16:51:02,4,E,781,155,0.0416666666666666,0.0,0.0238532110091743,0.0238532110091743,0.0259365994236311,0.0075757575757575,0.0618750587134983
U_14624290,C_747056,1.0,山东建筑大学,2020-06-26 21:04:52,4,E,373,147,0.0416666666666666,0.0,0.0055045871559633,0.0055045871559633,0.0028818443804034,0.0007575757575757,0.0633855081399679
U_30261617,C_766175,2.0,昆明理工大学,2020-05-28 20:01:11,0,A,476,151,0.0833333333333333,0.0,0.1834862385321101,0.1834862385321101,0.2651296829971181,0.0719696969696969,0.0675104622896457
U_12604835,C_682392,2.0,昆明理工大学,2020-09-01 10:29:43,0,A,476,108,0.0972222222222222,0.0,0.018348623853211,0.018348623853211,0.0259365994236311,0.0068181818181818,0.0538280874810576
U_29472865,C_674920,2.0,辽宁对外经贸学院,2020-04-19 22:32:58,4,E,781,87,0.0416666666666666,0.0,0.0788990825688073,0.0788990825688073,0.063400576368876,0.031060606060606,0.0620125654390574
U_30348586,C_1829948,2.0,华南理工大学,2020-06-04 10:35:41,3,D,211,61,0.1666666666666666,0.0,0.0513761467889908,0.0513761467889908,0.0605187319884726,0.0159090909090909,0.0684193210298796
U_32538987,C_735164,2.0,昆明理工大学,2020-09-20 15:17:42,0,A,476,138,0.0138888888888888,0.0,0.0256880733944954,0.036697247706422,0.031700288184438,0.0151515151515151,0.0628180489941973
U_5314375,C_1750793,0.0,内蒙古农业大学职业技术学院,2020-05-21 00:27:40,0,A,142,17,0.0972222222222222,0.0,0.036697247706422,0.036697247706422,0.0518731988472622,0.0272727272727272,0.0701950872220016
U_29076022,C_735385,1.0,辽宁对外经贸学院,2020-09-19 22:45:21,4,E,781,146,0.0277777777777777,0.0,0.0073394495412844,0.0073394495412844,0.0057636887608069,0.0015151515151515,0.0613479562019776
U_16832053,C_674920,1.0,辽宁对外经贸学院,2020-07-13 23:14:29,4,E,781,87,0.0416666666666666,0.0,0.0788990825688073,0.0788990825688073,0.0662824207492795,0.0318181818181818,0.0611497733832992
U_15218734,C_948120,1.0,中国农业大学,2020-09-23 10:07:23,0,A,67,167,0.0138888888888888,0.0,0.0477064220183486,0.0477064220183486,0.0691642651296829,0.0189393939393939,0.0463626226103012
U_9052509,C_735306,1.0,重庆三峡医药高等专科学校,2020-11-15 10:16:18,3,D,822,144,0.0555555555555555,0.0,0.0697247706422018,0.0935779816513761,0.0835734870317002,0.1136363636363636,0.0800463798500351
U_263636,C_735164,1.0,华北理工大学,2020-09-16 11:24:49,0,A,204,138,0.125,0.0,0.1944954128440367,0.2935779816513761,0.2478386167146974,0.0757575757575757,0.0666784242771678
U_5647311,C_1824911,2.0,重庆三峡医药高等专科学校,2020-06-11 22:04:10,4,E,822,57,0.0416666666666666,0.0,0.0587155963302752,0.0587155963302752,0.0691642651296829,0.0371212121212121,0.0623651622785863
U_4169102,C_735385,0.0,长沙理工大学,2020-09-15 00:47:22,4,E,862,146,0.0416666666666666,0.0,0.0660550458715596,0.0660550458715596,0.0461095100864553,0.0287878787878787,0.0365670038850636
U_30595913,C_1829948,1.0,辽宁对外经贸学院,2020-06-18 10:59:02,4,E,781,61,0.0416666666666666,0.0,0.0073394495412844,0.0073394495412844,0.0028818443804034,0.0007575757575757,0.0612713880436592
U_30326277,C_676635,0.0,广州中医药大学,2020-06-02 18:55:58,1,B,423,89,0.2222222222222222,0.0,0.036697247706422,0.036697247706422,0.0489913544668587,0.0128787878787878,0.1139384498219079
U_33147308,C_735164,0.0,昆明理工大学,2020-11-19 22:46:08,0,A,476,138,0.0972222222222222,0.0,0.0605504587155963,0.0605504587155963,0.0951008645533141,0.0424242424242424,0.0629428034393302
U_30953877,C_1829948,1.0,广州中医药大学,2020-07-14 15:43:34,1,B,423,61,0.2638888888888889,0.0,0.4697247706422018,0.4697247706422018,0.4265129682997118,0.1121212121212121,0.1021118710507574
U_12205198,C_674920,2.0,西昌民族幼儿师范高等专科学校,2020-06-04 11:45:30,4,E,751,87,0.0416666666666666,0.0,0.055045871559633,0.055045871559633,0.0576368876080691,0.0234848484848484,0.0591091856597161
U_32211080,C_2059281,1.0,辽宁对外经贸学院,2020-09-08 15:11:38,4,E,781,85,0.0416666666666666,0.0,0.0091743119266055,0.0091743119266055,0.0086455331412103,0.0022727272727272,0.0618408677449303
U_2104201,C_1828106,0.0,Huazhong University of Science and Technology,2020-09-01 06:47:40,4,E,16,59,0.0555555555555555,0.0,0.1045871559633027,0.1045871559633027,0.1556195965417867,0.0772727272727272,0.0519247390565704
U_4602251,C_735197,2.0,华南理工大学,2020-09-30 20:39:51,4,E,211,141,0.0416666666666666,0.0,0.0880733944954128,0.0880733944954128,0.0547550432276657,0.0272727272727272,0.0686779521339493
U_29229453,C_756642,2.0,昆明理工大学,2020-05-07 21:11:43,0,A,476,149,0.0972222222222222,0.0,0.2238532110091743,0.2660550458715596,0.2074927953890489,0.0916666666666666,0.0754221305886786
U_5442568,C_2141845,0.0,昆明理工大学,2020-09-11 14:15:41,0,A,476,86,0.0972222222222222,0.0,0.055045871559633,0.055045871559633,0.0778097982708933,0.0204545454545454,0.068846143570002
U_11431612,C_756642,0.0,同济大学,2020-05-08 22:09:13,4,E,260,149,0.0416666666666666,0.0,0.0605504587155963,0.0605504587155963,0.0547550432276657,0.0303030303030303,0.0606968074302175
U_30112492,C_1750793,2.0,昆明理工大学,2020-05-21 23:36:42,0,A,476,17,0.0555555555555555,0.0,0.0348623853211009,0.0348623853211009,0.0518731988472622,0.0272727272727272,0.069710946276577
U_2837901,C_735164,1.0,韶关学院,2020-11-24 22:02:48,0,A,895,138,0.0833333333333333,0.0,0.0018348623853211,0.0018348623853211,0.0,0.0,0.0551417754109778
U_33344233,C_697076,2.0,辽宁对外经贸学院,2020-11-17 11:43:12,4,E,781,121,0.0416666666666666,0.0,0.1871559633027523,0.1871559633027523,0.170028818443804,0.0477272727272727,0.0652856474468954
U_33222387,C_697076,1.0,辽宁对外经贸学院,2020-09-24 10:43:55,0,A,781,121,0.1111111111111111,0.0,0.1853211009174312,0.2807339449541284,0.2074927953890489,0.059090909090909,0.006728295572566
U_13820167,C_674959,0.0,辽宁对外经贸学院,2020-06-16 20:26:42,4,E,781,88,0.0277777777777777,0.0,0.0018348623853211,0.0018348623853211,0.0,0.0,0.0615587278737991
U_5318702,C_1750793,0.0,内蒙古农业大学职业技术学院,2020-05-20 20:51:04,0,A,142,17,0.0833333333333333,0.0,0.036697247706422,0.036697247706422,0.0547550432276657,0.0287878787878787,0.0700251921803308
U_31084662,C_682392,0.0,昆明理工大学,2020-08-25 08:45:16,0,A,476,108,0.1388888888888889,0.0,0.4495412844036697,0.4495412844036697,0.7060518731988472,0.2469696969696969,0.0622557105699649
U_25051225,C_948395,2.0,西安美术学院,2020-05-26 13:49:46,0,A,727,170,0.125,0.0,0.110091743119266,0.110091743119266,0.1412103746397694,0.0787878787878787,0.068609585053839
U_12090134,C_948488,1.0,合肥工业大学,2020-03-06 14:48:43,2,C,248,172,0.0277777777777777,0.0,0.1834862385321101,0.1834862385321101,0.1671469740634005,0.056060606060606,0.0732941736490647
U_9809576,C_756642,2.0,辽宁对外经贸学院,2020-05-19 17:52:41,4,E,781,149,0.0277777777777777,0.0,0.0201834862385321,0.0201834862385321,0.0028818443804034,0.0007575757575757,0.0622380455663608
U_30594028,C_1829948,2.0,辽宁对外经贸学院,2020-06-18 09:16:02,4,E,781,61,0.4444444444444444,0.0,0.091743119266055,0.091743119266055,0.0864553314121037,0.0227272727272727,0.0672411687934371
U_10259395,C_697107,2.0,昆明理工大学津桥学院,2020-07-07 09:12:17,2,C,480,122,0.1805555555555555,0.0,0.2899082568807339,0.2899082568807339,0.270893371757925,0.0727272727272727,0.0734635090760993
U_39319,C_786631,1.0,中国传媒大学,2020-03-11 16:00:26,4,E,66,154,0.0138888888888888,0.0,0.0752293577981651,0.0752293577981651,0.0489913544668587,0.031060606060606,0.061544029323001
U_32872318,C_735164,1.0,昆明理工大学,2020-09-16 08:18:56,0,A,476,138,0.1111111111111111,0.0,0.1834862385321101,0.273394495412844,0.2074927953890489,0.056060606060606,0.0011711928299419
U_32744202,C_735164,2.0,昆明理工大学,2020-10-20 12:44:50,0,A,476,138,0.1111111111111111,0.0,0.0880733944954128,0.1045871559633027,0.1354466858789625,0.0636363636363636,0.0147710120398507
U_10743320,C_735385,0.0,安徽工程大学,2020-05-14 14:35:00,4,E,346,146,0.0416666666666666,0.0,0.0642201834862385,0.0642201834862385,0.0461095100864553,0.0371212121212121,0.0645866788616225
U_33168963,C_735197,1.0,辽宁对外经贸学院,2020-09-20 15:58:21,4,E,781,141,0.0416666666666666,0.0,0.0660550458715596,0.0660550458715596,0.031700288184438,0.0492424242424242,0.0609554137725777
U_6165589,C_1829948,2.0,北方民族大学,2020-06-05 12:20:37,3,D,190,61,0.0416666666666666,0.0,0.0311926605504587,0.0311926605504587,0.0461095100864553,0.0121212121212121,0.0543376190834707
U_12918377,C_1829948,0.0,北方民族大学,2020-06-18 10:10:27,3,D,190,61,0.1388888888888889,0.0,0.1321100917431192,0.1321100917431192,0.1642651296829971,0.0431818181818181,0.0649413705417805
U_5487352,C_735164,0.0,中国石油大学胜利学院,2020-10-24 13:48:41,0,A,80,138,0.0972222222222222,0.0,0.1357798165137614,0.255045871559633,0.1585014409221901,0.0454545454545454,0.0662956082472852
U_14946396,C_674920,2.0,西昌幼专,2020-06-04 15:20:00,4,E,739,87,0.0138888888888888,0.0,0.0770642201834862,0.0770642201834862,0.0259365994236311,0.0166666666666666,0.0585037618608398
U_32151250,C_1992917,2.0,辽宁对外经贸学院,2020-09-08 07:50:03,4,E,781,80,0.0416666666666666,0.0,0.0788990825688073,0.0788990825688073,0.0518731988472622,0.031060606060606,0.0616606223086611
U_33366889,C_697076,0.0,辽宁对外经贸学院,2020-10-06 10:20:59,4,E,781,121,0.0416666666666666,0.0,0.018348623853211,0.018348623853211,0.0288184438040345,0.009090909090909,0.0608499239374867
U_31683357,C_682392,0.0,昆明理工大学,2020-09-14 20:19:53,0,A,476,108,0.0555555555555555,0.0,0.1431192660550458,0.1431192660550458,0.2219020172910662,0.075,0.0572715201460224
U_12181646,C_682392,0.0,陕西工业职业技术学院,2020-08-31 16:16:26,0,A,876,108,0.0138888888888888,0.0,0.0935779816513761,0.0935779816513761,0.1440922190201729,0.0469696969696969,0.0622101242626548
U_5314189,C_1750793,0.0,内蒙古农业大学职业技术学院,2020-05-20 20:49:41,0,A,142,17,0.0833333333333333,0.0,0.036697247706422,0.036697247706422,0.0432276657060518,0.0227272727272727,0.0701755601378382
U_5256530,C_674920,0.0,西昌民族幼儿师范高等专科学校,2020-06-12 13:32:27,4,E,751,87,0.0416666666666666,0.0,0.0605504587155963,0.0605504587155963,0.0576368876080691,0.0242424242424242,0.0591097799407457
U_21428984,C_948120,0.0,中国农业大学,2020-09-30 14:31:50,4,E,67,167,0.0416666666666666,0.0,0.0385321100917431,0.0385321100917431,0.0403458213256484,0.0106060606060606,0.0623810939625207
U_31085557,C_682392,0.0,中国医科大学,2020-08-12 21:14:56,2,C,69,108,0.1388888888888889,0.0,0.4495412844036697,0.4495412844036697,0.2305475504322766,0.0757575757575757,0.0739578964169421
U_919079,C_735164,2.0,云南民族大学,2020-09-17 08:24:24,0,A,114,138,0.1111111111111111,0.0,0.1834862385321101,0.2715596330275229,0.2536023054755043,0.0628787878787878,0.0651792265715248
U_5094688,C_674920,0.0,辽宁对外经贸学院,2020-06-29 18:15:39,4,E,781,87,0.0138888888888888,0.0,0.0,0.0,0.0,0.0189393939393939,0.0352868932602281
U_11064830,C_676646,2.0,天津商业大学,2020-08-11 12:33:51,4,E,316,90,0.0416666666666666,0.0,0.0660550458715596,0.0660550458715596,0.0547550432276657,0.0325757575757575,0.0631691403217846
U_33344757,C_697076,1.0,辽宁对外经贸学院,2020-11-17 11:39:11,4,E,781,121,0.0416666666666666,0.0,0.0091743119266055,0.0091743119266055,0.0144092219020172,0.0045454545454545,0.062482062309445
U_29932422,C_756642,2.0,广州中医药大学,2020-05-11 22:29:23,1,B,423,149,0.2222222222222222,0.0,0.0091743119266055,0.0091743119266055,0.0115273775216138,0.0037878787878787,0.1155750304445622
U_14749826,C_1918363,2.0,新乡医学院三全学院,2020-10-30 07:54:49,0,A,461,76,0.0416666666666666,0.0,0.0605504587155963,0.0605504587155963,0.0749279538904899,0.0492424242424242,0.0684418938043195
U_7499957,C_1824911,1.0,重庆三峡医药高等专科学校,2020-06-30 19:49:11,4,E,822,57,0.0972222222222222,0.0,0.0862385321100917,0.0862385321100917,0.1354466858789625,0.0356060606060606,0.0633957149166508
U_6987795,C_756642,2.0,辽宁对外经贸学院,2020-05-11 17:17:51,4,E,781,149,0.0416666666666666,0.0,0.0091743119266055,0.0091743119266055,0.0115273775216138,0.0037878787878787,0.0614635735762808
U_12568346,C_735385,0.0,山东大学,2020-08-11 20:44:05,4,E,367,146,0.0416666666666666,0.0,0.0165137614678899,0.0165137614678899,0.0201729106628242,0.0053030303030303,0.0615039351628726
U_24735709,C_948395,0.0,西安美术学院,2020-02-22 15:18:39,0,A,727,170,0.1111111111111111,0.0,0.1944954128440367,0.2807339449541284,0.2046109510086455,0.0621212121212121,0.0688499717303008
U_12981402,C_1829948,0.0,北方民族大学,2020-06-17 13:23:18,4,E,190,61,0.0277777777777777,0.0,0.0422018348623853,0.0422018348623853,0.0489913544668587,0.0128787878787878,0.0615641903069292
U_17912826,C_735164,2.0,平顶山学院,2020-11-03 22:46:10,0,A,398,138,0.0833333333333333,0.0,0.0091743119266055,0.0146788990825688,0.0057636887608069,0.0022727272727272,0.0547737173599963
U_5245122,C_674920,0.0,西昌名族幼儿师范高等专科学校,2020-06-24 09:09:29,4,E,734,87,0.5833333333333333,0.0,0.146788990825688,0.146788990825688,0.2103746397694524,0.0568181818181818,0.0698110132972731
U_5796132,C_1824911,2.0,三峡医专,2020-06-11 07:41:02,4,E,35,57,0.1111111111111111,0.0,0.0825688073394495,0.0825688073394495,0.0547550432276657,0.0303030303030303,0.0632921366855383
U_33819123,C_1925903,1.0,辽宁对外经贸学院,2020-09-27 09:00:27,4,E,781,77,0.0277777777777777,0.0,0.0220183486238532,0.0220183486238532,0.0230547550432276,0.006060606060606,0.0265607570104242
U_16671707,C_697062,0.0,湖北科技学院,2020-04-26 13:26:30,4,E,633,120,0.0416666666666666,0.0,0.0752293577981651,0.0752293577981651,0.0662824207492795,0.034090909090909,0.061957366636094
U_30319186,C_786631,0.0,辽宁对外经贸学院,2020-06-02 11:30:47,4,E,781,154,0.0555555555555555,0.0,0.2330275229357798,0.2330275229357798,0.1613832853025936,0.0492424242424242,0.0687025256545221
U_29971513,C_813262,0.0,辽宁对外经贸学院,2020-05-14 08:39:26,4,E,781,157,0.0416666666666666,0.0,0.0385321100917431,0.0385321100917431,0.0172910662824207,0.0136363636363636,0.0603506436828338
U_29898438,C_747056,0.0,辽宁对外经贸学院,2020-05-09 16:55:33,4,E,781,147,0.0416666666666666,0.0,0.0623853211009174,0.0623853211009174,0.0518731988472622,0.0143939393939393,0.0632099327621227
U_32881355,C_735164,1.0,昆明理工大学,2020-09-16 10:01:34,0,A,476,138,0.1111111111111111,0.0,0.1853211009174312,0.273394495412844,0.2103746397694524,0.0568181818181818,0.0185369081047813
U_21381678,C_747056,2.0,辽宁对外经贸学院,2020-06-02 15:54:14,4,E,781,147,0.0416666666666666,0.0,0.0165137614678899,0.0165137614678899,0.0086455331412103,0.003030303030303,0.0618345931277264
U_33523559,C_1912004,0.0,辽宁对外经贸学院,2020-09-23 20:44:57,4,E,781,74,0.0277777777777777,0.0,0.0091743119266055,0.0091743119266055,0.0086455331412103,0.0022727272727272,0.0619472093828303
U_6509839,C_1824911,2.0,重庆三峡医药高等专科学校,2020-06-06 10:51:42,4,E,822,57,0.1111111111111111,0.0,0.0036697247706422,0.0036697247706422,0.0028818443804034,0.0007575757575757,0.0616986463898699
U_15398788,C_697076,0.0,昆明理工大学,2020-09-24 15:02:49,0,A,476,121,0.0972222222222222,0.0,0.0275229357798165,0.0275229357798165,0.0432276657060518,0.0136363636363636,0.0583456831069736
U_19915786,C_948395,1.0,西安美术学院,2020-03-18 13:04:07,0,A,727,170,0.0555555555555555,0.0,0.1908256880733945,0.2752293577981651,0.201729106628242,0.0621212121212121,0.0691033186855492
U_14036876,C_1918363,0.0,新乡医学院三全学院,2020-11-01 15:31:15,4,E,461,76,0.0416666666666666,0.0,0.0715596330275229,0.0715596330275229,0.0432276657060518,0.0318181818181818,0.0628937901114162
U_7207399,C_1017355,1.0,广州中医药大学,2020-04-12 17:14:49,0,A,423,0,0.1111111111111111,0.0,0.1743119266055046,0.2623853211009174,0.2132564841498559,0.0757575757575757,0.0664713123860201
U_30171510,C_948488,0.0,华南理工大学,2020-05-25 17:02:29,3,D,211,172,0.1527777777777777,0.0,0.1834862385321101,0.1834862385321101,0.0749279538904899,0.0196969696969696,0.0849819481810748
U_33636445,C_948387,2.0,辽宁对外经贸学院,2020-09-24 19:03:48,4,E,781,169,0.0416666666666666,0.0,0.0715596330275229,0.0715596330275229,0.0547550432276657,0.031060606060606,0.062850263978342
U_5277645,C_674920,0.0,西昌民族幼儿师范高等专科学校,2020-06-29 21:02:08,4,E,751,87,0.0416666666666666,0.0,0.0568807339449541,0.0568807339449541,0.0576368876080691,0.0234848484848484,0.059137344675834
U_32966877,C_735164,2.0,昆明理工大学,2020-09-16 22:45:21,0,A,476,138,0.125,0.0,0.2330275229357798,0.3247706422018349,0.2046109510086455,0.0659090909090909,0.0593355175898286
U_30786926,C_735115,2.0,辽宁对外经贸学院,2020-07-01 06:34:07,4,E,781,136,0.0416666666666666,0.0,0.0440366972477064,0.0440366972477064,0.0576368876080691,0.0166666666666666,0.0613005920039207
U_33570487,C_697076,1.0,辽宁对外经贸学院,2020-09-24 11:11:31,4,E,781,121,0.0555555555555555,0.0,0.1192660550458715,0.1192660550458715,0.1296829971181556,0.0386363636363636,0.0222140054621687
U_5661921,C_735164,0.0,昆明理工大学,2020-11-17 18:36:41,0,A,476,138,0.0833333333333333,0.0,0.036697247706422,0.036697247706422,0.0576368876080691,0.0265151515151515,0.062042225014775
U_415109,C_735164,1.0,河南牧业经济学院,2020-09-23 14:28:41,0,A,575,138,0.0138888888888888,0.0,0.1504587155963302,0.1522935779816513,0.2363112391930835,0.1037878787878787,0.04075109628034
U_29663428,C_1714448,1.0,辽宁对外经贸学院,2020-04-26 16:06:08,4,E,781,8,0.0416666666666666,0.0,0.0697247706422018,0.0697247706422018,0.0518731988472622,0.034090909090909,0.0612827239542982
U_16292013,C_735115,1.0,辽宁对外经贸学院,2020-07-01 15:58:44,4,E,781,136,0.0416666666666666,0.0,0.0238532110091743,0.0238532110091743,0.0201729106628242,0.006060606060606,0.060916701315843
U_8260441,C_735164,1.0,吉林农业大学,2020-09-16 10:07:54,0,A,251,138,0.0138888888888888,0.0,0.0972477064220183,0.1009174311926605,0.1527377521613832,0.0727272727272727,0.1234136924837481
U_19910812,C_948395,2.0,西安美术学院,2020-05-23 10:18:24,2,C,727,170,0.1388888888888889,0.0,0.110091743119266,0.110091743119266,0.132564841498559,0.0742424242424242,0.073607196324366
U_33224776,C_697076,2.0,辽宁对外经贸学院,2020-09-27 16:20:48,0,A,781,121,0.1111111111111111,0.0,0.0275229357798165,0.0275229357798165,0.0432276657060518,0.0136363636363636,0.0632242004591744
U_14218544,C_1829948,1.0,辽宁对外经贸学院,2020-06-17 14:05:53,4,E,781,61,0.0416666666666666,0.0,0.0513761467889908,0.0513761467889908,0.0605187319884726,0.0159090909090909,0.062051282848134
U_5496505,C_1017355,2.0,广州中医药大学,2020-05-06 20:59:35,4,E,423,0,0.0138888888888888,0.0,0.018348623853211,0.018348623853211,0.0201729106628242,0.0068181818181818,0.0608507757402958
U_32237342,C_697076,1.0,辽宁对外经贸学院,2020-09-08 19:28:30,4,E,781,121,0.0416666666666666,0.0,0.0091743119266055,0.0091743119266055,0.0057636887608069,0.0015151515151515,0.0607520805183096
U_14398162,C_735164,0.0,常州大学,2020-09-15 10:22:46,0,A,394,138,0.1111111111111111,0.0,0.1944954128440367,0.2880733944954128,0.2161383285302593,0.0651515151515151,0.0662660972418251
U_5442547,C_2141845,0.0,宝鸡文理学院,2020-09-14 21:12:55,1,B,356,86,0.2222222222222222,0.0,0.055045871559633,0.055045871559633,0.0835734870317002,0.0219696969696969,0.1137715459947526
U_28262174,C_1774985,1.0,辽宁对外经贸学院,2020-07-27 15:09:23,4,E,781,46,0.0277777777777777,0.0,0.0018348623853211,0.0018348623853211,0.0,0.0,0.0611571226586982
U_1321062,C_749807,2.0,重庆医药高等专科学校,2020-05-28 18:53:44,4,E,834,148,0.0416666666666666,0.0,0.0238532110091743,0.0238532110091743,0.031700288184438,0.0083333333333333,0.0616375988711071
U_20880421,C_948488,0.0,合肥工业大学,2020-03-06 10:33:04,2,C,248,172,0.0416666666666666,0.0,0.2036697247706422,0.2036697247706422,0.170028818443804,0.0522727272727272,0.0781352512964024
U_16089224,C_786631,0.0,北华航天工业学院,2020-03-30 20:36:10,0,A,186,154,0.0416666666666666,0.0,0.1963302752293578,0.2623853211009174,0.2046109510086455,0.0719696969696969,0.0703368281998964
U_5277648,C_674920,0.0,西昌民族幼儿师范高等专科学校,2020-06-17 09:56:05,4,E,751,87,0.0555555555555555,0.0,0.0825688073394495,0.0825688073394495,0.0979827089337175,0.0325757575757575,0.0600181830655236
U_4461293,C_735197,0.0,华南理工大学,2020-10-21 09:55:36,3,D,211,141,0.1527777777777777,0.0,0.1064220183486238,0.2165137614678899,0.0518731988472622,0.1522727272727272,0.0861222150018821
U_22713815,C_1750793,0.0,北京邮电大学,2020-06-21 13:13:09,0,A,184,17,0.0833333333333333,0.0,0.0293577981651376,0.0293577981651376,0.0403458213256484,0.0212121212121212,0.0699736234439897
U_19923660,C_948395,1.0,西安美术学院,2020-03-18 13:21:09,2,C,727,170,0.0416666666666666,0.0,0.1761467889908257,0.1761467889908257,0.1613832853025936,0.0613636363636363,0.0748734012000234
U_2649778,C_735164,2.0,大理大学,2020-11-17 23:16:22,0,A,301,138,0.0277777777777777,0.0,0.2862385321100917,0.2880733944954128,0.4495677233429394,0.1636363636363636,0.0689093750715484
U_33442519,C_697076,1.0,辽宁对外经贸学院,2020-12-01 15:31:42,4,E,781,121,0.0555555555555555,0.0,0.1651376146788991,0.1651376146788991,0.1210374639769452,0.0356060606060606,0.0657844671337504
U_28561683,C_1736024,1.0,广州中医药大学,2020-05-13 10:07:20,4,E,423,14,0.0416666666666666,0.0,0.0110091743119266,0.0220183486238532,0.0115273775216138,0.0045454545454545,0.061754548425385
U_12518496,C_735385,0.0,广东工业大学,2020-05-28 15:32:47,4,E,404,146,0.0277777777777777,0.0,0.0091743119266055,0.0091743119266055,0.0057636887608069,0.0015151515151515,0.0621727637952624
U_991269,C_735164,0.0,昆明理工大学,2020-09-19 13:42:51,0,A,476,138,0.0972222222222222,0.0,0.0458715596330275,0.0568807339449541,0.0576368876080691,0.0257575757575757,0.068151849995495
U_11364108,C_735385,0.0,湖南大学,2020-08-06 23:37:06,4,E,640,146,0.0416666666666666,0.0,0.0128440366972477,0.0128440366972477,0.0144092219020172,0.0037878787878787,0.0613443657540906
U_32965702,C_735164,2.0,昆明理工大学,2020-11-13 21:19:39,0,A,476,138,0.0972222222222222,0.0,0.1724770642201835,0.2587155963302752,0.1959654178674351,0.0583333333333333,0.0644915691351814
U_4602314,C_735197,2.0,华南理工大学,2020-10-03 14:15:07,4,E,211,141,0.0277777777777777,0.0,0.0532110091743119,0.0532110091743119,0.0489913544668587,0.0234848484848484,0.0624699389764417
U_579904,C_756642,2.0,辽宁对外经贸学院,2020-05-11 17:15:20,4,E,781,149,0.0138888888888888,0.0,0.0055045871559633,0.0055045871559633,0.0086455331412103,0.0022727272727272,0.0609520957034959
U_6758519,C_1824911,2.0,重庆三峡医药高等专科学校,2020-06-10 18:27:47,4,E,822,57,0.25,0.0,0.0128440366972477,0.0128440366972477,0.0144092219020172,0.0037878787878787,0.0590610340392951
U_32886774,C_735164,1.0,昆明理工大学,2020-09-16 10:56:16,0,A,476,138,0.0138888888888888,0.0,0.0990825688073394,0.1321100917431192,0.1412103746397694,0.0674242424242424,0.066856386683815
U_5635785,C_1824911,2.0,重庆三峡医药高等专科学校,2020-06-05 20:35:18,4,E,822,57,0.0416666666666666,0.0,0.0623853211009174,0.0623853211009174,0.0951008645533141,0.025,0.0627121679240952
U_5582037,C_1824911,1.0,重庆三峡医药高等专科学校,2020-06-27 16:53:03,4,E,822,57,0.0416666666666666,0.0,0.0862385321100917,0.0862385321100917,0.1268011527377521,0.0333333333333333,0.0629685457125945
U_30113212,C_1750793,1.0,中国医科大学,2020-05-22 08:13:11,2,C,69,17,0.0277777777777777,0.0,0.036697247706422,0.036697247706422,0.0374639769452449,0.0196969696969696,0.0760604973659609
U_31479658,C_697076,2.0,辽宁对外经贸学院,2020-08-26 18:02:09,4,E,781,121,0.0416666666666666,0.0,0.0091743119266055,0.0091743119266055,0.0115273775216138,0.003030303030303,0.0606840551497913
U_5582222,C_1824911,2.0,重庆三峡医药高等专科学校,2020-06-02 09:49:15,4,E,822,57,0.0555555555555555,0.0,0.0697247706422018,0.0697247706422018,0.0518731988472622,0.0287878787878787,0.0638327937568752
U_31022247,C_1824926,2.0,昆明理工大学,2020-07-28 16:11:33,0,A,476,58,0.0138888888888888,0.0,0.1522935779816513,0.1522935779816513,0.2305475504322766,0.0818181818181818,0.0664358734272899
U_33794462,C_735164,1.0,昆明理工大学,2020-10-22 20:44:55,0,A,476,138,0.0138888888888888,0.0,0.0788990825688073,0.1266055045871559,0.0691642651296829,0.0333333333333333,0.003215755664115
U_28050199,C_1766171,2.0,辽宁对外经贸学院,2020-07-27 21:05:21,4,E,781,34,0.0416666666666666,0.0,0.0697247706422018,0.0697247706422018,0.0576368876080691,0.0318181818181818,0.0613963207731009
U_3100359,C_680979,2.0,西安交通大学,2020-07-20 10:32:03,4,E,715,100,0.0416666666666666,0.0,0.0697247706422018,0.0697247706422018,0.100864553314121,0.0333333333333333,0.0604137959469097
U_33344847,C_697076,0.0,辽宁对外经贸学院,2020-10-15 10:54:44,4,E,781,121,0.0416666666666666,0.0,0.0844036697247706,0.0844036697247706,0.0778097982708933,0.0325757575757575,0.0606204423179175
U_32016947,C_697076,2.0,辽宁对外经贸学院,2020-09-04 17:19:37,4,E,781,121,0.0416666666666666,0.0,0.036697247706422,0.036697247706422,0.031700288184438,0.009090909090909,0.0615737037557443
U_11903368,C_707358,0.0,深圳职业技术学院,2020-06-29 13:09:17,1,B,611,134,0.0138888888888888,0.0,0.2073394495412844,0.3045871559633027,0.3025936599423631,0.0795454545454545,0.106936888253271
U_31574066,C_1992917,2.0,辽宁对外经贸学院,2020-08-28 19:29:51,4,E,781,80,0.0416666666666666,0.0,0.0972477064220183,0.0972477064220183,0.132564841498559,0.0,0.0669687206554299
U_31554731,C_1992917,1.0,辽宁对外经贸学院,2020-08-28 17:49:07,4,E,781,80,0.0416666666666666,0.0,0.0697247706422018,0.0697247706422018,0.031700288184438,0.0507575757575757,0.0610305407993994
U_33344810,C_697076,1.0,辽宁对外经贸学院,2020-11-12 10:13:06,4,E,781,121,0.0277777777777777,0.0,0.0275229357798165,0.0275229357798165,0.0230547550432276,0.0068181818181818,0.05978918182312
U_7529788,C_1750793,1.0,北京体育大学,2020-06-10 18:47:08,0,A,159,17,0.0555555555555555,0.0,0.036697247706422,0.036697247706422,0.0461095100864553,0.0242424242424242,0.0698055904828782
U_521818,C_735164,1.0,西南交通大学希望学院,2020-11-12 16:19:06,0,A,709,138,0.1111111111111111,0.0,0.1743119266055046,0.2623853211009174,0.1671469740634005,0.0393939393939393,0.0676930056125625
U_33344523,C_697076,2.0,辽宁对外经贸学院,2020-11-17 11:38:01,4,E,781,121,0.0138888888888888,0.0,0.0275229357798165,0.0275229357798165,0.0403458213256484,0.0121212121212121,0.0585893680431496
U_33105845,C_1912004,0.0,西北工业大学,2020-09-28 17:28:29,4,E,703,74,0.0416666666666666,0.0,0.0091743119266055,0.0091743119266055,0.0144092219020172,0.0037878787878787,0.0613085603220589
U_4703513,C_682392,0.0,陕西工业职业技术学院,2019-11-02 21:30:19,0,A,876,108,0.2222222222222222,0.0,0.1926605504587156,0.2954128440366972,0.2363112391930835,0.0583333333333333,0.0660407359707276
U_912259,C_1736024,2.0,西北工业大学,2020-03-27 11:15:42,4,E,703,14,0.0416666666666666,0.0,0.0825688073394495,0.0825688073394495,0.063400576368876,0.0333333333333333,0.0616665997853502
U_30828388,C_676635,0.0,中国医科大学,2020-07-03 09:15:19,2,C,69,89,0.125,0.0,0.055045871559633,0.055045871559633,0.0374639769452449,0.0098484848484848,0.0759003782472266
U_25941474,C_697076,0.0,云南财经大学,2020-09-21 21:25:19,2,C,117,121,0.1527777777777777,0.0,0.0091743119266055,0.0091743119266055,0.0028818443804034,0.0007575757575757,0.0407197368927183
U_30295892,C_674920,0.0,辽宁对外经贸学院,2020-05-31 18:01:11,4,E,781,87,0.0555555555555555,0.0,0.2018348623853211,0.2018348623853211,0.1152737752161383,0.0303030303030303,0.0674247372511299
U_6075023,C_1829948,1.0,北方民族大学大学,2020-06-19 16:08:51,4,E,191,61,0.0416666666666666,0.0,0.0073394495412844,0.0073394495412844,0.0057636887608069,0.0015151515151515,0.0613420133916819
U_31683264,C_682392,0.0,昆明理工大学,2020-10-10 19:23:39,0,A,476,108,0.0138888888888888,0.0,0.4495412844036697,0.4495412844036697,0.7002881844380403,0.2446969696969697,0.0617145731214624
U_29225146,C_735195,0.0,华南理工大学,2020-05-07 08:14:19,3,D,211,140,0.1388888888888889,0.0,0.0678899082568807,0.0678899082568807,0.063400576368876,0.0174242424242424,0.0804908079656586
U_15392187,C_735197,1.0,广州中医药大学,2020-09-25 07:59:45,1,B,423,141,0.2361111111111111,0.0,0.3376146788990826,0.3376146788990826,0.2074927953890489,0.0545454545454545,0.1178368541384291
U_15121838,C_676646,1.0,辽宁对外经贸学院,2020-06-10 08:36:17,4,E,781,90,0.0277777777777777,0.0,0.0091743119266055,0.0091743119266055,0.0115273775216138,0.003030303030303,0.0612637961035064
U_16637902,C_1844112,2.0,内蒙古大学,2020-08-19 08:12:10,0,A,145,63,0.0972222222222222,0.0,0.1834862385321101,0.2293577981651376,0.2363112391930835,0.2401515151515151,0.0050621225526022
U_32327151,C_1918363,1.0,中国医科大学,2020-09-19 07:49:07,2,C,69,76,0.0416666666666666,0.0,0.0605504587155963,0.0605504587155963,0.0662824207492795,0.0439393939393939,0.0773370526362167
U_34269108,C_697076,2.0,辽宁对外经贸学院,2020-11-17 11:48:26,0,A,781,121,0.0694444444444444,0.0,0.5541284403669725,0.5541284403669725,0.8703170028818443,0.2931818181818181,0.0763380563208225
U_7439604,C_735164,0.0,昆明理工大学,2020-09-16 10:06:42,0,A,476,138,0.1111111111111111,0.0,0.1871559633027523,0.3100917431192661,0.1988472622478386,0.0772727272727272,0.0655223297716062
U_34246063,C_697076,2.0,辽宁对外经贸学院,2020-11-17 13:31:42,4,E,781,121,0.0555555555555555,0.0,0.1834862385321101,0.1834862385321101,0.1066282420749279,0.028030303030303,0.0667266303733499
U_2104504,C_1828106,0.0,Huazhong University of Sciece and Technology,2020-08-28 16:33:12,4,E,15,59,0.0416666666666666,0.0,0.0091743119266055,0.0091743119266055,0.0115273775216138,0.0606060606060606,0.024938318200252
U_10272711,C_1918363,0.0,新乡医学院三全学院,2020-11-16 16:08:45,2,C,461,76,0.125,0.0,0.0605504587155963,0.0605504587155963,0.0778097982708933,0.0515151515151515,0.0756377803172845
U_11616026,C_1778562,1.0,南开大学,2020-09-18 20:31:28,3,D,231,49,0.0138888888888888,0.0,0.0036697247706422,0.0036697247706422,0.0057636887608069,0.0015151515151515,0.074012783222365
U_30652875,C_1829948,0.0,辽宁对外经贸学院,2020-06-22 20:58:51,4,E,781,61,0.0972222222222222,0.0,0.0513761467889908,0.0513761467889908,0.0403458213256484,0.0106060606060606,0.0628185739424401
U_30601332,C_1750793,0.0,昆明理工大学,2020-06-18 15:34:48,0,A,476,17,0.0972222222222222,0.0,0.0238532110091743,0.0238532110091743,0.0230547550432276,0.0121212121212121,0.067665683542228
U_19116432,C_823315,0.0,西安石油大学,2020-06-13 18:23:29,4,E,725,158,0.0138888888888888,0.0,0.073394495412844,0.073394495412844,0.0432276657060518,0.0295454545454545,0.0621783896556756
U_11411389,C_1992950,2.0,辽宁对外经贸学院,2020-11-18 18:15:56,4,E,781,83,0.0416666666666666,0.0,0.0018348623853211,0.0018348623853211,0.0028818443804034,0.0151515151515151,0.0605431560700217
U_33225201,C_697076,1.0,辽宁对外经贸学院,2020-10-08 18:46:21,4,E,781,121,0.0416666666666666,0.0,0.0275229357798165,0.0275229357798165,0.0432276657060518,0.0136363636363636,0.0608483441404165
U_6985549,C_756642,2.0,辽宁对外经贸学院,2020-05-11 18:43:16,4,E,781,149,0.0416666666666666,0.0,0.0678899082568807,0.0678899082568807,0.0547550432276657,0.0318181818181818,0.063134582879915
U_31692723,C_1912004,0.0,辽宁对外经贸学院,2020-08-31 13:11:40,4,E,781,74,0.0416666666666666,0.0,0.0146788990825688,0.0146788990825688,0.0172910662824207,0.0045454545454545,0.0388698696003384
U_4958803,C_1017355,2.0,广州中医药大学,2020-05-06 09:25:04,0,A,423,0,0.0277777777777777,0.0,0.0825688073394495,0.0825688073394495,0.1123919308357348,0.0386363636363636,0.067114547315403
U_11064751,C_676646,2.0,天津商业大学,2020-08-11 00:41:06,0,A,316,90,0.0972222222222222,0.0,0.0660550458715596,0.0660550458715596,0.0979827089337175,0.0257575757575757,0.0808844448626213
U_24237544,C_823315,0.0,西安石油大学,2020-06-16 18:26:57,4,E,725,158,0.0277777777777777,0.0,0.073394495412844,0.073394495412844,0.0461095100864553,0.0303030303030303,0.0650445278238304
U_24754782,C_948395,2.0,西安美术学院,2020-02-19 18:36:02,0,A,727,170,0.1111111111111111,0.0,0.1944954128440367,0.2788990825688073,0.2046109510086455,0.0621212121212121,0.0690283402289849
U_29939307,C_697062,0.0,辽宁对外经贸学院,2020-05-12 11:24:05,4,E,781,120,0.0555555555555555,0.0,0.1743119266055046,0.1743119266055046,0.1239193083573487,0.0325757575757575,0.0662845793818447
U_4995745,C_758928,1.0,河池学院,2020-05-05 21:16:08,4,E,583,150,0.0277777777777777,0.0,0.0055045871559633,0.0055045871559633,0.0057636887608069,0.0015151515151515,0.0620853153417609
U_30636301,C_1829948,2.0,广州中医药大学,2020-06-21 15:22:34,1,B,423,61,0.8194444444444444,0.0,0.4715596330275229,0.4715596330275229,0.2910662824207493,0.0765151515151515,0.1090779243278774
U_29826397,C_756642,2.0,辽宁对外经贸学院,2020-05-08 09:31:44,4,E,781,149,0.0277777777777777,0.0,0.0091743119266055,0.0091743119266055,0.0028818443804034,0.0007575757575757,0.0617855203717095
U_30598000,C_1829948,0.0,华南理工大学,2020-06-18 13:04:57,3,D,211,61,0.2083333333333333,0.0,0.4770642201834862,0.4770642201834862,0.717579250720461,0.1886363636363636,0.0705191734291367
U_31278369,C_1808023,2.0,辽宁对外经贸学院,2020-08-21 21:25:17,4,E,781,54,0.0277777777777777,0.0,0.0018348623853211,0.0018348623853211,0.0028818443804034,0.0007575757575757,0.0101396314959418
U_1081454,C_707013,0.0,湖南大学,2020-09-24 17:43:04,4,E,640,129,0.0416666666666666,0.0,0.0091743119266055,0.0091743119266055,0.0144092219020172,0.0037878787878787,0.0613085603220589
U_12205186,C_674920,2.0,西昌名族幼儿师范高等专科学校,2020-06-04 11:47:44,4,E,734,87,0.1111111111111111,0.0,0.2201834862385321,0.2201834862385321,0.3458213256484149,0.0931818181818181,0.0660181631962876
U_30582985,C_1829948,0.0,辽宁对外经贸学院,2020-06-17 15:12:06,4,E,781,61,0.0416666666666666,0.0,0.0220183486238532,0.0220183486238532,0.0259365994236311,0.0068181818181818,0.0616026551465683
U_3710308,C_1017355,2.0,广州中医药大学,2020-05-08 11:10:16,1,B,423,0,0.2083333333333333,0.0,0.0825688073394495,0.0825688073394495,0.1123919308357348,0.0386363636363636,0.1117904012311526
U_13386326,C_697107,2.0,昆明理工大学津桥学院,2020-07-07 02:01:53,3,D,480,122,0.1666666666666666,0.0,0.1853211009174312,0.1853211009174312,0.1239193083573487,0.0325757575757575,0.0827826230421512
U_31018349,C_680719,1.0,辽宁对外经贸学院,2020-07-19 22:52:03,4,E,781,94,0.0416666666666666,0.0,0.0091743119266055,0.0091743119266055,0.0144092219020172,0.0037878787878787,0.0612214585324913
U_29898294,C_756642,2.0,辽宁对外经贸学院,2020-05-09 16:45:08,4,E,781,149,0.0416666666666666,0.0,0.0587155963302752,0.0587155963302752,0.0547550432276657,0.034090909090909,0.0625157828055313
U_33221468,C_2059281,2.0,辽宁对外经贸学院,2020-09-21 10:06:17,4,E,781,85,0.0416666666666666,0.0,0.0146788990825688,0.0146788990825688,0.0172910662824207,0.0075757575757575,0.0358185559872293
U_33315237,C_2059281,1.0,辽宁对外经贸学院,2020-09-21 20:02:14,4,E,781,85,0.0416666666666666,0.0,0.0091743119266055,0.0091743119266055,0.0086455331412103,0.003030303030303,0.0171212062930338
U_12205110,C_674920,0.0,西昌民族幼儿师范高等专科学校,2020-06-04 09:16:06,4,E,751,87,0.0416666666666666,0.0,0.0678899082568807,0.0678899082568807,0.0662824207492795,0.0272727272727272,0.0630012361215628
U_30819667,C_948136,0.0,辽宁对外经贸学院,2020-07-02 11:47:19,4,E,781,168,0.0416666666666666,0.0,0.1522935779816513,0.1522935779816513,0.0547550432276657,0.0143939393939393,0.0668223244761367
U_12212390,C_735164,0.0,南京航空航天大学,2020-09-16 10:02:43,0,A,226,138,0.0833333333333333,0.0,0.0091743119266055,0.0110091743119266,0.0115273775216138,0.0045454545454545,0.0617263052194545
U_31464588,C_1755893,0.0,辽宁对外经贸学院,2020-10-01 04:39:30,4,E,781,19,0.0416666666666666,0.0,0.0642201834862385,0.0642201834862385,0.0288184438040345,0.0477272727272727,0.0613967070557701
U_31063176,C_735115,2.0,辽宁对外经贸学院,2020-07-26 08:12:38,4,E,781,136,0.0833333333333333,0.0,0.5211009174311927,0.5211009174311927,0.3054755043227665,0.0992424242424242,0.0779026348444023
U_11267509,C_1786221,1.0,北京体育大学,2020-11-04 23:35:38,2,C,159,51,0.0277777777777777,0.0,0.0458715596330275,0.0458715596330275,0.0547550432276657,0.0363636363636363,0.0747615030344969
U_31254799,C_1808023,1.0,辽宁对外经贸学院,2020-08-19 13:45:49,4,E,781,54,0.0416666666666666,0.0,0.018348623853211,0.018348623853211,0.0288184438040345,0.0075757575757575,0.0614352511328798
U_33220140,C_697076,1.0,辽宁对外经贸学院,2020-11-19 09:10:47,4,E,781,121,0.0277777777777777,0.0,0.1119266055045871,0.1119266055045871,0.0374639769452449,0.031060606060606,0.0611003292016388
U_29957092,C_747056,1.0,辽宁对外经贸学院,2020-05-13 10:45:17,4,E,781,147,0.0277777777777777,0.0,0.0036697247706422,0.0036697247706422,0.0057636887608069,0.0015151515151515,0.0613442419455428
U_204613,C_735164,0.0,昆明理工大学,2020-09-16 13:55:22,0,A,476,138,0.1111111111111111,0.0,0.2018348623853211,0.2752293577981651,0.2132564841498559,0.0613636363636363,0.0426991575951071
U_34293599,C_2027893,0.0,辽宁对外经贸学院,2020-10-05 20:13:30,4,E,781,84,0.0416666666666666,0.0,0.0165137614678899,0.0165137614678899,0.0259365994236311,0.0083333333333333,0.0614743102535484
U_29824483,C_756642,2.0,辽宁对外经贸学院,2020-05-08 07:45:30,4,E,781,149,0.0416666666666666,0.0,0.0660550458715596,0.0660550458715596,0.0605187319884726,0.034090909090909,0.0630182226543248
U_6117192,C_1017355,2.0,广州中医药大学,2020-05-01 20:21:17,1,B,423,0,0.25,0.0,0.0825688073394495,0.0825688073394495,0.1095100864553314,0.0378787878787878,0.1128766082876365
U_12390545,C_948387,2.0,深圳信息职业技术学院,2020-10-27 13:50:20,4,E,610,169,0.0416666666666666,0.0,0.0146788990825688,0.0146788990825688,0.0201729106628242,0.0053030303030303,0.0614160112845474
U_32852878,C_735164,1.0,昆明理工大学,2020-12-02 18:00:11,0,A,476,138,0.125,0.0,0.2862385321100917,0.2954128440366972,0.4495677233429394,0.1636363636363636,0.06936371282334
U_30433963,C_735385,0.0,中国医科大学,2020-06-10 12:31:05,2,C,69,146,0.1666666666666666,0.0,0.0678899082568807,0.0678899082568807,0.0489913544668587,0.0128787878787878,0.0714759559820637
U_33454956,C_697076,2.0,辽宁对外经贸学院,2020-11-23 11:42:48,4,E,781,121,0.0555555555555555,0.0,0.1559633027522936,0.1559633027522936,0.2276657060518732,0.0719696969696969,0.0641095306229792
U_30156302,C_756642,2.0,辽宁对外经贸学院,2020-05-25 00:06:05,4,E,781,149,0.0277777777777777,0.0,0.0073394495412844,0.0073394495412844,0.0028818443804034,0.0007575757575757,0.0617101011567149
U_3469068,C_735164,0.0,红河学院,2020-10-08 14:38:05,0,A,684,138,0.1527777777777777,0.0,0.1834862385321101,0.2642201834862385,0.2046109510086455,0.078030303030303,0.077451243736049
U_19912142,C_948395,2.0,西安美术学院,2020-05-26 14:54:46,2,C,727,170,0.1111111111111111,0.0,0.110091743119266,0.110091743119266,0.1066282420749279,0.059090909090909,0.0736880779724907
U_5245129,C_674920,0.0,西昌民族幼儿师范高等专科学校,2020-07-19 19:18:02,4,E,751,87,0.0138888888888888,0.0,0.2201834862385321,0.2201834862385321,0.3371757925072046,0.0909090909090909,0.0632402163329214
U_10381721,C_674920,1.0,北京第二外国语学院,2020-05-11 22:02:55,4,E,179,87,0.0555555555555555,0.0,0.2201834862385321,0.2201834862385321,0.1095100864553314,0.0287878787878787,0.068517090163928
U_33329352,C_697076,2.0,辽宁对外经贸学院,2020-11-22 08:55:26,4,E,781,121,0.0555555555555555,0.0,0.1834862385321101,0.1834862385321101,0.270893371757925,0.0871212121212121,0.0647127605343881
U_28990402,C_948436,2.0,辽宁对外经贸学院,2020-05-20 09:52:34,4,E,781,171,0.0416666666666666,0.0,0.0018348623853211,0.0018348623853211,0.0028818443804034,0.0,0.0603322457326266
U_9476559,C_735164,1.0,商丘工学院,2020-12-07 15:52:45,0,A,281,138,0.125,0.0,0.2862385321100917,0.2862385321100917,0.4495677233429394,0.1636363636363636,0.0807148122950719
U_32722432,C_735164,1.0,昆明理工大学,2020-12-04 08:39:05,0,A,476,138,0.125,0.0,0.2862385321100917,0.2899082568807339,0.4495677233429394,0.1636363636363636,0.0691860624142333
U_33224900,C_697076,2.0,辽宁对外经贸学院,2020-09-24 14:12:20,0,A,781,121,0.0972222222222222,0.0,0.0275229357798165,0.0275229357798165,0.0432276657060518,0.0136363636363636,0.0343013616955802
U_21346829,C_735197,2.0,辽宁对外经贸学院,2020-11-09 06:33:06,4,E,781,141,0.0416666666666666,0.0,0.073394495412844,0.073394495412844,0.063400576368876,0.0303030303030303,0.0612710909031444
U_454542,C_756642,1.0,河南理工大学,2020-06-09 20:29:15,4,E,576,149,0.0416666666666666,0.0,0.0605504587155963,0.0605504587155963,0.0576368876080691,0.0325757575757575,0.0612557683572652
U_5508937,C_1824911,2.0,重庆三峡医药高等专科学校,2020-06-10 18:04:55,4,E,822,57,0.0555555555555555,0.0,0.0715596330275229,0.0715596330275229,0.0403458213256484,0.0227272727272727,0.0668565748728077
U_6075054,C_1829948,0.0,北方民族大学,2020-06-18 09:14:14,3,D,190,61,0.4027777777777777,0.0,0.4770642201834862,0.4770642201834862,0.7204610951008645,0.1893939393939394,0.0750698358420065
U_5581730,C_1824911,0.0,重庆三峡医药高等专科学校,2020-06-02 09:50:08,4,E,822,57,0.0277777777777777,0.0,0.0880733944954128,0.0880733944954128,0.0605187319884726,0.031060606060606,0.0690420235496908
U_10272834,C_1918363,2.0,新乡医学院三全学院,2020-11-10 18:22:47,2,C,461,76,0.125,0.0,0.0605504587155963,0.0605504587155963,0.0806916426512968,0.0537878787878787,0.075596606546619
U_27186224,C_948136,0.0,辽宁对外经贸学院,2020-05-08 10:56:14,4,E,781,168,0.0416666666666666,0.0,0.0697247706422018,0.0697247706422018,0.0489913544668587,0.0325757575757575,0.0625340569471906
U_5732069,C_1824911,2.0,重庆医药高等专科学校,2020-06-11 15:05:21,4,E,834,57,0.0416666666666666,0.0,0.0678899082568807,0.0678899082568807,0.0605187319884726,0.0333333333333333,0.0615601145295348
U_5732183,C_1824911,2.0,重庆三峡医药高等专科学校,2020-06-04 08:11:41,4,E,822,57,0.0416666666666666,0.0,0.0678899082568807,0.0678899082568807,0.0489913544668587,0.0295454545454545,0.0631775939694302
U_6509888,C_1824911,1.0,辽宁对外经贸学院,2020-06-10 23:13:10,4,E,781,57,0.0138888888888888,0.0,0.0623853211009174,0.0623853211009174,0.0806916426512968,0.0212121212121212,0.0619174705696421
U_32311029,C_677087,1.0,辽宁对外经贸学院,2020-09-09 20:08:55,4,E,781,92,0.0416666666666666,0.0,0.036697247706422,0.036697247706422,0.0518731988472622,0.0136363636363636,0.0619419499957185
U_30116098,C_681031,2.0,广州中医药大学,2020-05-22 10:55:19,1,B,423,101,0.2222222222222222,0.0,0.1174311926605504,0.1174311926605504,0.1210374639769452,0.0371212121212121,0.1123899713618877
U_33329500,C_697076,2.0,辽宁对外经贸学院,2020-10-07 09:10:09,4,E,781,121,0.0555555555555555,0.0,0.0844036697247706,0.0844036697247706,0.0662824207492795,0.034090909090909,0.0618144370961401
U_33454955,C_697076,0.0,辽宁对外经贸学院,2020-11-23 11:43:11,4,E,781,121,0.0416666666666666,0.0,0.018348623853211,0.018348623853211,0.0288184438040345,0.009090909090909,0.062464739017433
U_13650768,C_1829948,0.0,北方民族大学,2020-06-18 16:46:28,4,E,190,61,0.0277777777777777,0.0,0.0220183486238532,0.0220183486238532,0.0201729106628242,0.0053030303030303,0.0610746810228709
U_15290430,C_682392,1.0,辽宁对外经贸学院,2020-09-04 15:44:48,4,E,781,108,0.0138888888888888,0.0,0.018348623853211,0.018348623853211,0.0086455331412103,0.0022727272727272,0.0602851885797684
U_14513365,C_1750793,1.0,北京体育大学,2020-06-16 19:03:56,0,A,159,17,0.0416666666666666,0.0,0.036697247706422,0.036697247706422,0.0547550432276657,0.0287878787878787,0.0695605139386247
U_29824754,C_756642,2.0,广州中医药大学,2020-05-08 08:13:42,1,B,423,149,0.2083333333333333,0.0,0.0532110091743119,0.0532110091743119,0.0374639769452449,0.0106060606060606,0.1160434724661223
U_33080068,C_735164,1.0,昆明理工大学,2020-11-10 09:34:29,3,D,476,138,0.0277777777777777,0.0,0.1798165137614679,0.1889908256880734,0.1585014409221901,0.1204545454545454,0.0675501008343182
U_19303740,C_1017355,0.0,广州中医药大学,2020-04-30 21:52:52,0,A,423,0,0.125,0.0,0.0825688073394495,0.0825688073394495,0.100864553314121,0.034090909090909,0.0681838668859632
U_33748920,C_697076,0.0,辽宁对外经贸学院,2020-11-19 22:37:10,4,E,781,121,0.0416666666666666,0.0,0.0752293577981651,0.0752293577981651,0.0288184438040345,0.0234848484848484,0.0635151158801756
U_1018242,C_735164,0.0,昆明理工大学,2020-10-08 15:16:12,0,A,476,138,0.0138888888888888,0.0,0.1889908256880734,0.1981651376146789,0.2968299711815562,0.1196969696969696,0.0685040655046966
U_29792283,C_735164,1.0,西北民族大学,2020-10-12 14:00:04,0,A,707,138,0.0694444444444444,0.0,0.055045871559633,0.0623853211009174,0.0835734870317002,0.0386363636363636,0.0611523931721712
U_30349337,C_1829948,2.0,广州中医药大学,2020-06-04 11:21:41,1,B,423,61,0.3055555555555555,0.0,0.4770642201834862,0.4770642201834862,0.2881844380403458,0.0757575757575757,0.1028616556164007
U_10434155,C_1750793,2.0,北京体育大学,2020-04-23 20:30:15,0,A,159,17,0.1111111111111111,0.0,0.2073394495412844,0.2660550458715596,0.2161383285302593,0.081060606060606,0.071648728334386
U_30357283,C_813262,0.0,辽宁对外经贸学院,2020-06-04 19:09:01,4,E,781,157,0.0416666666666666,0.0,0.0146788990825688,0.0146788990825688,0.0115273775216138,0.006060606060606,0.059468621683427
U_1035241,C_735164,2.0,昆明理工大学,2020-09-16 08:20:19,0,A,476,138,0.125,0.0,0.2311926605504587,0.3064220183486238,0.2132564841498559,0.059090909090909,0.0609938538505071
U_4517600,C_735197,0.0,华南理工大学,2020-10-21 21:59:51,4,E,211,141,0.1944444444444444,0.0,0.0348623853211009,0.0348623853211009,0.0489913544668587,0.0128787878787878,0.0633790552384551
U_28156148,C_1017355,2.0,华南理工大学,2020-03-03 12:28:33,3,D,211,0,0.1388888888888889,0.0,0.2055045871559633,0.2091743119266055,0.1066282420749279,0.1287878787878787,0.0884227858188771
U_32049216,C_1912004,2.0,辽宁对外经贸学院,2020-09-05 09:41:58,4,E,781,74,0.0277777777777777,0.0,0.0055045871559633,0.0055045871559633,0.0086455331412103,0.0022727272727272,0.0617963660004992
U_16298216,C_749807,1.0,辽宁对外经贸学院,2020-05-09 20:59:29,4,E,781,148,0.0416666666666666,0.0,0.0220183486238532,0.0220183486238532,0.0172910662824207,0.0045454545454545,0.0619171486674177
U_19916547,C_948436,2.0,辽宁对外经贸学院,2020-06-17 09:42:52,4,E,781,171,0.0416666666666666,0.0,0.0165137614678899,0.0165137614678899,0.0259365994236311,0.003030303030303,0.0615590844424168
U_30744696,C_1738818,2.0,昆明理工大学,2020-06-29 22:01:36,0,A,476,15,0.0833333333333333,0.0,0.0128440366972477,0.0128440366972477,0.0115273775216138,0.006060606060606,0.0608576099721359
U_30145180,C_677087,1.0,辽宁对外经贸学院,2020-07-23 22:40:47,4,E,781,92,0.0416666666666666,0.0,0.0018348623853211,0.0018348623853211,0.0028818443804034,0.0007575757575757,0.0610871609244919
U_5581766,C_1824911,0.0,重庆三峡医药高等专科学校,2020-06-02 09:51:21,0,A,822,57,0.1111111111111111,0.0,0.2055045871559633,0.2752293577981651,0.2103746397694524,0.0719696969696969,0.0732372118123802
U_30899210,C_1774985,0.0,辽宁对外经贸学院,2020-07-08 10:40:05,4,E,781,46,0.0277777777777777,0.0,0.0018348623853211,0.0018348623853211,0.0,0.0,0.0611571226586982
U_19325940,C_948113,1.0,西安思源学院,2020-02-27 13:56:59,0,A,721,166,0.0277777777777777,0.0,0.1889908256880734,0.2660550458715596,0.2074927953890489,0.059090909090909,0.0666518648674878
U_29665827,C_1714448,2.0,辽宁对外经贸学院,2020-04-27 20:48:42,4,E,781,8,0.0416666666666666,0.0,0.0678899082568807,0.0678899082568807,0.0576368876080691,0.0325757575757575,0.0618078405767118
U_29765276,C_697155,1.0,广州中医药大学,2020-05-02 21:23:36,1,B,423,124,0.2222222222222222,0.0,0.036697247706422,0.036697247706422,0.0489913544668587,0.0136363636363636,0.1156480180596775
U_30437270,C_1829948,2.0,辽宁对外经贸学院,2020-06-10 15:43:05,4,E,781,61,0.0416666666666666,0.0,0.0880733944954128,0.0880733944954128,0.0547550432276657,0.028030303030303,0.0647764030803133
U_23158825,C_676635,2.0,辽宁对外经贸学院,2020-08-05 14:35:06,4,E,781,89,0.0416666666666666,0.0,0.0091743119266055,0.0091743119266055,0.0115273775216138,0.003030303030303,0.0617980943678268
U_29343954,C_676646,1.0,辽宁对外经贸学院,2020-06-26 15:51:57,4,E,781,90,0.0277777777777777,0.0,0.0073394495412844,0.0073394495412844,0.0115273775216138,0.003030303030303,0.0611883719361699
U_31065910,C_735115,1.0,华南理工大学,2020-07-26 16:36:24,3,D,211,136,0.2222222222222222,0.0,0.5211009174311927,0.5211009174311927,0.4553314121037464,0.1431818181818182,0.0808608172393539
U_19520063,C_948113,2.0,西安思源学院,2020-02-21 08:53:39,3,D,721,166,0.0138888888888888,0.0,0.1614678899082569,0.2403669724770642,0.0835734870317002,0.1393939393939394,0.0822784201596367
U_30210064,C_1808023,2.0,辽宁对外经贸学院,2020-05-27 20:07:13,4,E,781,54,0.0277777777777777,0.0,0.0055045871559633,0.0055045871559633,0.0057636887608069,0.0015151515151515,0.0611794032449652
U_13028532,C_674920,0.0,福建农林大学金山学院,2020-07-20 11:16:32,4,E,678,87,0.0416666666666666,0.0,0.018348623853211,0.018348623853211,0.0201729106628242,0.0053030303030303,0.0615678748493126
U_5094665,C_674920,0.0,西昌民族幼儿师范高等专科学校,2020-06-29 18:18:55,4,E,751,87,0.7083333333333333,0.0,0.2201834862385321,0.2201834862385321,0.3458213256484149,0.0931818181818181,0.0697532442288567
U_12062063,C_801420,1.0,南京邮电大学,2020-09-04 14:15:45,4,E,228,155,0.0277777777777777,0.0,0.0036697247706422,0.0036697247706422,0.0,0.0,0.0613417707269281
U_3063429,C_682556,0.0,西南林业大学,2020-04-21 15:21:02,4,E,711,112,0.0416666666666666,0.0,0.0697247706422018,0.0697247706422018,0.063400576368876,0.031060606060606,0.0611001855837233
U_14838642,C_674920,0.0,辽宁对外经贸学院,2020-04-06 17:10:22,4,E,781,87,0.0416666666666666,0.0,0.0770642201834862,0.0770642201834862,0.0605187319884726,0.0333333333333333,0.0617624325537106
U_20831453,C_948120,2.0,辽宁对外经贸学院,2020-09-26 07:26:14,4,E,781,167,0.0277777777777777,0.0,0.055045871559633,0.055045871559633,0.0547550432276657,0.025,0.0615794979957826
U_6766218,C_1824911,1.0,重庆三峡高等专科学校,2020-06-02 10:27:54,4,E,827,57,0.0416666666666666,0.0,0.091743119266055,0.091743119266055,0.0691642651296829,0.0439393939393939,0.0654872721432034
U_31099567,C_682392,2.0,中国医科大学,2020-07-30 14:13:09,2,C,69,108,0.0416666666666666,0.0,0.4458715596330275,0.4458715596330275,0.3170028818443803,0.1083333333333333,0.0713551386487517
U_32753958,C_735164,1.0,昆明理工大学,2020-10-22 20:06:43,4,E,476,138,0.0277777777777777,0.0,0.0954128440366972,0.0954128440366972,0.0374639769452449,0.0189393939393939,0.0640618098563045
U_32134069,C_697076,1.0,辽宁对外经贸学院,2020-09-07 19:31:14,4,E,781,121,0.0416666666666666,0.0,0.0844036697247706,0.0844036697247706,0.0749279538904899,0.0348484848484848,0.0613231053502577
U_31060807,C_735115,1.0,昆明理工大学,2020-07-25 15:41:19,0,A,476,136,0.1388888888888889,0.0,0.5211009174311927,0.5211009174311927,0.7665706051873198,0.2606060606060606,0.0718516257825656
U_32612140,C_735164,1.0,昆明理工大学,2020-11-28 10:25:09,0,A,476,138,0.1111111111111111,0.0,0.181651376146789,0.2587155963302752,0.1671469740634005,0.0477272727272727,0.0698643698290448
U_29282991,C_948488,1.0,华南理工大学,2020-04-10 12:56:35,3,D,211,172,0.1527777777777777,0.0,0.1743119266055046,0.2201834862385321,0.1123919308357348,0.1462121212121212,0.0837555007062958
U_6766291,C_1824911,2.0,重庆三峡医药高等专科学校,2020-06-02 10:26:00,4,E,822,57,0.0416666666666666,0.0,0.0532110091743119,0.0532110091743119,0.0461095100864553,0.0227272727272727,0.0562607174475073
U_31403816,C_1912004,1.0,辽宁对外经贸学院,2020-08-27 08:46:41,4,E,781,74,0.0277777777777777,0.0,0.0055045871559633,0.0055045871559633,0.0028818443804034,0.0007575757575757,0.0965726814632457
U_33329556,C_697076,1.0,辽宁对外经贸学院,2020-11-30 07:33:03,4,E,781,121,0.0416666666666666,0.0,0.018348623853211,0.018348623853211,0.0201729106628242,0.0053030303030303,0.0602240420141673
U_13616414,C_697076,0.0,长沙理工大学,2020-09-07 19:30:27,4,E,862,121,0.0416666666666666,0.0,0.0788990825688073,0.0788990825688073,0.0547550432276657,0.0325757575757575,0.0629128566277817
U_397464,C_1760297,0.0,北京林业大学,2020-08-04 15:56:30,4,E,173,29,0.0416666666666666,0.0,0.0036697247706422,0.0036697247706422,0.0057636887608069,0.0022727272727272,0.0612506129693337
U_5635634,C_1824911,1.0,重庆三峡医药高等专科学校,2020-06-10 18:17:40,4,E,822,57,0.125,0.0,0.0073394495412844,0.0073394495412844,0.0028818443804034,0.0007575757575757,0.0619817866340675
U_7809542,C_735164,0.0,辽宁对外经贸学院,2020-11-04 17:14:24,4,E,781,138,0.0416666666666666,0.0,0.0715596330275229,0.0715596330275229,0.0489913544668587,0.0272727272727272,0.0621836440904454
U_30780422,C_697076,2.0,昆明理工大学,2020-06-30 17:13:14,0,A,476,121,0.0972222222222222,0.0,0.1577981651376147,0.2587155963302752,0.2478386167146974,0.0484848484848484,0.0601365192755371
U_13133781,C_682392,0.0,陕西工业职业技术学院,2020-09-01 11:08:55,4,E,876,108,0.0277777777777777,0.0,0.018348623853211,0.018348623853211,0.0230547550432276,0.006060606060606,0.0619144050699979
U_29908957,C_697076,2.0,文盛教育,2020-10-06 08:16:18,0,A,459,121,0.0972222222222222,0.0,0.055045871559633,0.055045871559633,0.0864553314121037,0.0287878787878787,0.0693768018630163
U_14749866,C_1918363,0.0,新乡医学院三全学院,2020-10-30 07:53:23,2,C,461,76,0.125,0.0,0.2073394495412844,0.2073394495412844,0.2046109510086455,0.0666666666666666,0.0788019454694277
U_22838791,C_735385,0.0,辽宁对外经贸学院,2020-06-30 10:30:34,4,E,781,146,0.0277777777777777,0.0,0.0055045871559633,0.0055045871559633,0.0057636887608069,0.0015151515151515,0.0612725320346411
U_17098907,C_676635,1.0,辽宁对外经贸学院,2020-07-21 13:08:38,4,E,781,89,0.0416666666666666,0.0,0.018348623853211,0.018348623853211,0.0230547550432276,0.006060606060606,0.0613771502575553
U_30318451,C_676635,2.0,昆明理工大学,2020-06-02 10:36:40,0,A,476,89,0.0833333333333333,0.0,0.0091743119266055,0.0091743119266055,0.0144092219020172,0.0037878787878787,0.0671727620945915
U_966329,C_735164,0.0,昆明理工大学,2020-09-16 23:49:07,0,A,476,138,0.1111111111111111,0.0,0.2036697247706422,0.2807339449541284,0.2334293948126801,0.059090909090909,0.0668005044576676
U_34342448,C_1912004,1.0,辽宁对外经贸学院,2020-10-06 20:17:16,4,E,781,74,0.0416666666666666,0.0,0.0091743119266055,0.0091743119266055,0.0028818443804034,0.0007575757575757,0.0608050903861475
U_30723215,C_735115,1.0,华南理工大学,2020-07-03 16:24:57,3,D,211,136,0.2083333333333333,0.0,0.4146788990825688,0.4146788990825688,0.4236311239193083,0.1424242424242424,0.0768247477223324
U_32729092,C_735164,2.0,昆明理工大学,2020-09-19 17:25:04,4,E,476,138,0.0416666666666666,0.0,0.0091743119266055,0.0110091743119266,0.0115273775216138,0.0053030303030303,0.0611869605187246
U_14347921,C_682392,1.0,陕西工业职业技术学院,2020-09-04 15:45:35,1,B,876,108,0.2361111111111111,0.0,0.018348623853211,0.018348623853211,0.0201729106628242,0.0053030303030303,0.0975231597949693
U_15245257,C_735164,1.0,昆明理工大学,2020-10-19 17:58:09,4,E,476,138,0.0416666666666666,0.0,0.0036697247706422,0.0036697247706422,0.0057636887608069,0.0015151515151515,0.06098024481493
U_22320835,C_801420,2.0,南京邮电大学,2020-09-08 13:48:58,4,E,228,155,0.0277777777777777,0.0,0.0036697247706422,0.0036697247706422,0.0,0.0,0.0582281244146405
U_30646500,C_1824911,2.0,辽宁对外经贸学院,2020-06-22 12:58:54,4,E,781,57,0.3888888888888888,0.0,0.0862385321100917,0.0862385321100917,0.0893371757925072,0.0234848484848484,0.0663680412001062
U_32336435,C_735197,1.0,辽宁对外经贸学院,2020-09-10 12:36:10,4,E,781,141,0.0416666666666666,0.0,0.073394495412844,0.073394495412844,0.063400576368876,0.031060606060606,0.0609922492917273
U_7640508,C_682556,2.0,沈阳工学院,2020-08-11 16:19:41,4,E,536,112,0.0416666666666666,0.0,0.0055045871559633,0.0055045871559633,0.0086455331412103,0.0022727272727272,0.0612689663484636
U_27883323,C_1806527,1.0,昆明理工大学,2020-06-21 22:22:11,0,A,476,53,0.0277777777777777,0.0,0.0091743119266055,0.0091743119266055,0.0057636887608069,0.0151515151515151,0.0746565728140422
U_7374719,C_1824911,2.0,重庆三峡医药高等专科学校,2020-06-10 18:07:13,4,E,822,57,0.0555555555555555,0.0,0.0862385321100917,0.0862385321100917,0.1239193083573487,0.0325757575757575,0.062863942346706
U_21727109,C_948436,2.0,西安美术学院,2020-05-22 11:31:03,4,E,727,171,0.0416666666666666,0.0,0.0697247706422018,0.0697247706422018,0.0518731988472622,0.0333333333333333,0.0631895390181246
U_13535036,C_948120,0.0,中国农业大学,2020-10-05 13:09:30,4,E,67,167,0.0138888888888888,0.0,0.0458715596330275,0.0458715596330275,0.0605187319884726,0.0174242424242424,0.020813940070008
U_33366173,C_697076,0.0,辽宁对外经贸学院,2020-11-21 21:15:12,4,E,781,121,0.0416666666666666,0.0,0.0788990825688073,0.0788990825688073,0.0432276657060518,0.034090909090909,0.0651330955066043
U_30352179,C_1829948,1.0,辽宁对外经贸学院,2020-06-04 14:39:47,4,E,781,61,0.0277777777777777,0.0,0.0605504587155963,0.0605504587155963,0.0691642651296829,0.0181818181818181,0.0621940489608049
U_33248168,C_735164,2.0,昆明理工大学,2020-10-18 23:38:45,0,A,476,138,0.0277777777777777,0.0,0.1944954128440367,0.2660550458715596,0.1556195965417867,0.0431818181818181,0.0666230372852117
U_30381241,C_1829948,0.0,辽宁对外经贸学院,2020-06-06 10:33:05,4,E,781,61,0.0416666666666666,0.0,0.0311926605504587,0.0311926605504587,0.0403458213256484,0.0106060606060606,0.0618096977049292
U_3063344,C_682556,1.0,西南林业大学,2020-04-21 23:10:31,4,E,711,112,0.0416666666666666,0.0,0.0697247706422018,0.0697247706422018,0.0605187319884726,0.031060606060606,0.0610636422527465
U_33748987,C_697076,2.0,辽宁对外经贸学院,2020-11-23 14:55:45,4,E,781,121,0.0416666666666666,0.0,0.0844036697247706,0.0844036697247706,0.0720461095100864,0.034090909090909,0.0613961870598693
U_9775724,C_735197,1.0,华南理工大学,2020-09-24 12:33:44,3,D,211,141,0.1527777777777777,0.0,0.1541284403669724,0.2403669724770642,0.063400576368876,0.1537878787878787,0.0841192205057614
U_30659630,C_2027893,1.0,辽宁对外经贸学院,2020-09-11 11:11:47,4,E,781,84,0.0416666666666666,0.0,0.0256880733944954,0.0256880733944954,0.0288184438040345,0.009090909090909,0.0618173985966041
U_33247657,C_697076,1.0,辽宁对外经贸学院,2020-11-16 19:02:49,4,E,781,121,0.0138888888888888,0.0,0.2110091743119266,0.2110091743119266,0.2074927953890489,0.0636363636363636,0.0660100017368149
U_9814096,C_735197,0.0,辽宁对外经贸学院,2020-10-22 00:02:57,4,E,781,141,0.0277777777777777,0.0,0.0256880733944954,0.0256880733944954,0.0288184438040345,0.0075757575757575,0.0611496050036741
U_30554346,C_1829948,1.0,辽宁对外经贸学院,2020-06-16 11:30:52,4,E,781,61,0.2222222222222222,0.0,0.1211009174311926,0.1211009174311926,0.1498559077809798,0.0393939393939393,0.0655828127233909
U_30744570,C_735197,0.0,中国医科大学,2020-10-24 18:39:59,2,C,69,141,0.1805555555555555,0.0,0.3376146788990826,0.3376146788990826,0.2190201729106628,0.0583333333333333,0.0808602625770596
U_24637001,C_808528,2.0,东北师范大学,2020-02-26 12:12:34,0,A,47,156,0.0555555555555555,0.0,0.2,0.2752293577981651,0.2161383285302593,0.0583333333333333,0.0710011799151967
U_22745177,C_1829948,0.0,北方民族大学,2020-06-04 11:15:21,4,E,190,61,0.0277777777777777,0.0,0.0220183486238532,0.0220183486238532,0.0259365994236311,0.0068181818181818,0.0610066556543525
U_2345141,C_735164,2.0,中北大学,2020-09-24 10:35:42,0,A,53,138,0.1111111111111111,0.0,0.2055045871559633,0.2770642201834862,0.2161383285302593,0.0825757575757575,0.0797772794951611
U_33318622,C_735164,2.0,昆明理工大学,2020-09-21 21:25:17,0,A,476,138,0.1111111111111111,0.0,0.1981651376146789,0.2807339449541284,0.2449567723342939,0.0659090909090909,0.0647840990196463
U_15319325,C_1628052,1.0,中国医科大学,2020-06-09 16:07:00,2,C,69,5,0.1666666666666666,0.0,0.1541284403669724,0.1541284403669724,0.1873198847262247,0.059090909090909,0.0796056511338208
U_32523571,C_801420,2.0,辽宁对外经贸学院,2020-09-12 20:50:04,4,E,781,155,0.0277777777777777,0.0,0.0055045871559633,0.0055045871559633,0.0086455331412103,0.0022727272727272,0.0613285034029429
U_29663788,C_1774975,2.0,广州中医药大学,2020-04-26 16:23:47,1,B,423,44,0.3055555555555555,0.0,0.0807339449541284,0.1541284403669724,0.0922190201729106,0.1363636363636363,0.1205539268149996
U_33383556,C_697076,2.0,辽宁对外经贸学院,2020-11-13 10:17:50,4,E,781,121,0.0138888888888888,0.0,0.036697247706422,0.036697247706422,0.0403458213256484,0.0106060606060606,0.0598698009971233
U_12479007,C_735385,0.0,华北科技学院,2020-05-26 22:50:51,4,E,208,146,0.0416666666666666,0.0,0.0275229357798165,0.0275229357798165,0.0374639769452449,0.0098484848484848,0.0617018951261649
U_2314127,C_747056,1.0,韩山师范学院,2020-05-06 09:32:34,4,E,894,147,0.0416666666666666,0.0,0.0311926605504587,0.0311926605504587,0.0115273775216138,0.003030303030303,0.0635702849690875
U_6159362,C_735197,1.0,华南理工大学,2020-10-04 16:23:22,4,E,211,141,0.0416666666666666,0.0,0.0532110091743119,0.0532110091743119,0.0288184438040345,0.0446969696969697,0.0616838884109689
U_12205421,C_674920,0.0,西昌民族幼儿师范高等专科学校,2020-06-14 11:02:22,4,E,751,87,0.0555555555555555,0.0,0.073394495412844,0.073394495412844,0.1152737752161383,0.031060606060606,0.0620706960284334
U_31083008,C_758928,1.0,辽宁对外经贸学院,2020-07-28 11:19:21,4,E,781,150,0.0138888888888888,0.0,0.0165137614678899,0.0165137614678899,0.0144092219020172,0.0037878787878787,0.061054039661777
U_30978927,C_680979,1.0,辽宁对外经贸学院,2020-07-30 22:47:17,4,E,781,100,0.0277777777777777,0.0,0.0018348623853211,0.0018348623853211,0.0028818443804034,0.0007575757575757,0.0612141488758275
U_30637674,C_674920,2.0,辽宁对外经贸学院,2020-06-21 18:12:19,4,E,781,87,0.0416666666666666,0.0,0.073394495412844,0.073394495412844,0.0374639769452449,0.0098484848484848,0.0666771762870057
U_34268535,C_697076,2.0,辽宁对外经贸学院,2020-11-16 23:18:14,4,E,781,121,0.0416666666666666,0.0,0.073394495412844,0.073394495412844,0.0835734870317002,0.0227272727272727,0.0642145796996398
U_33246387,C_697076,2.0,辽宁对外经贸学院,2020-11-16 13:19:28,4,E,781,121,0.0555555555555555,0.0,0.1834862385321101,0.1834862385321101,0.1873198847262247,0.056060606060606,0.0657420701346324
U_29939020,C_697062,1.0,辽宁对外经贸学院,2020-05-12 11:14:55,4,E,781,120,0.0555555555555555,0.0,0.1889908256880734,0.1889908256880734,0.2103746397694524,0.0583333333333333,0.0658532601152653
U_20965084,C_1750795,0.0,中国人民解放军陆军工程大学,2020-06-13 07:48:31,4,E,63,18,0.0416666666666666,0.0,0.0055045871559633,0.0055045871559633,0.0086455331412103,0.0045454545454545,0.0612703084331221
U_13991838,C_801420,1.0,辽宁对外经贸学院,2020-07-13 13:54:37,4,E,781,155,0.0277777777777777,0.0,0.0073394495412844,0.0073394495412844,0.0,0.0,0.061505960670715
U_33385611,C_1912004,1.0,辽宁对外经贸学院,2020-09-25 20:36:55,4,E,781,74,0.0416666666666666,0.0,0.0055045871559633,0.0055045871559633,0.0086455331412103,0.0022727272727272,0.0609920611027346
U_31194729,C_677087,2.0,辽宁对外经贸学院,2020-08-14 07:06:32,4,E,781,92,0.0416666666666666,0.0,0.036697247706422,0.036697247706422,0.0201729106628242,0.0053030303030303,0.0623160845702275
U_10781008,C_735164,1.0,昆明理工大学,2019-09-29 23:13:58,4,E,476,138,0.0416666666666666,0.0,0.0844036697247706,0.0844036697247706,0.0547550432276657,0.0272727272727272,0.0638916572928543
U_16663741,C_735385,1.0,辽宁对外经贸学院,2020-09-14 16:32:37,4,E,781,146,0.0416666666666666,0.0,0.0385321100917431,0.0385321100917431,0.0259365994236311,0.0068181818181818,0.0623920237811229
U_7749320,C_1017355,2.0,广州中医药大学,2020-05-10 16:34:40,4,E,423,0,0.1944444444444444,0.0,0.0091743119266055,0.0091743119266055,0.0057636887608069,0.0015151515151515,0.0623708079483672
U_33454456,C_697076,2.0,辽宁对外经贸学院,2020-10-07 10:17:18,4,E,781,121,0.0416666666666666,0.0,0.0844036697247706,0.0844036697247706,0.0778097982708933,0.034090909090909,0.0607018736759946
U_18599446,C_948395,1.0,西安美术学院,2020-05-31 06:41:46,0,A,727,170,0.125,0.0,0.110091743119266,0.110091743119266,0.1296829971181556,0.0727272727272727,0.0687599530113464
U_30964648,C_747056,0.0,辽宁对外经贸学院,2020-07-15 20:17:32,4,E,781,147,0.0416666666666666,0.0,0.0110091743119266,0.0110091743119266,0.0057636887608069,0.0022727272727272,0.0616423432146599
U_33650537,C_697076,1.0,辽宁对外经贸学院,2020-10-13 10:14:33,4,E,781,121,0.0416666666666666,0.0,0.0091743119266055,0.0091743119266055,0.0144092219020172,0.0045454545454545,0.060646461922329
U_1938256,C_735306,0.0,聚奎中学,2020-10-22 18:22:47,4,E,691,144,0.0694444444444444,0.0,0.0715596330275229,0.0880733944954128,0.1037463976945244,0.1704545454545454,0.059638903007767
U_2483716,C_735164,2.0,昆明理工大学城市学院,2020-09-20 20:32:21,0,A,478,138,0.0416666666666666,0.0,0.0091743119266055,0.0110091743119266,0.0144092219020172,0.006060606060606,0.070500295101764
U_30779019,C_747056,2.0,辽宁对外经贸学院,2020-06-30 16:22:22,4,E,781,147,0.0277777777777777,0.0,0.0036697247706422,0.0036697247706422,0.0028818443804034,0.0015151515151515,0.0613746740865987
U_26656931,C_948136,1.0,昆明理工大学,2020-04-22 15:22:30,0,A,476,168,0.0833333333333333,0.0,0.2,0.2660550458715596,0.1556195965417867,0.0712121212121212,0.0750063468186805
U_2255356,C_735164,0.0,商丘师范学院,2020-12-07 08:17:50,0,A,282,138,0.125,0.0,0.2862385321100917,0.291743119266055,0.446685878962536,0.1628787878787878,0.0668939848636193
U_30946746,C_707079,0.0,辽宁对外经贸学院,2020-07-14 03:34:04,4,E,781,132,0.0416666666666666,0.0,0.0532110091743119,0.0532110091743119,0.0172910662824207,0.0053030303030303,0.0629815406577744
U_16168101,C_697076,1.0,辽宁对外经贸学院,2020-11-16 21:10:20,4,E,781,121,0.0416666666666666,0.0,0.073394495412844,0.073394495412844,0.1123919308357348,0.0363636363636363,0.0610520438679861
U_3841178,C_735164,0.0,西南林业大学,2020-11-29 10:24:04,0,A,711,138,0.125,0.0,0.2844036697247706,0.291743119266055,0.4438040345821325,0.1613636363636363,0.0713091165353533
U_30029808,C_756642,2.0,辽宁对外经贸学院,2020-05-18 08:50:33,4,E,781,149,0.0416666666666666,0.0,0.0678899082568807,0.0678899082568807,0.0547550432276657,0.0318181818181818,0.0631065179582934
U_30182638,C_1025079,2.0,辽宁对外经贸学院,2020-05-27 10:19:49,4,E,781,1,0.0277777777777777,0.0,0.0091743119266055,0.0091743119266055,0.0028818443804034,0.0015151515151515,0.0620328403268497
U_6986594,C_756642,1.0,辽宁对外经贸学院,2020-05-11 17:17:34,4,E,781,149,0.0277777777777777,0.0,0.0091743119266055,0.0091743119266055,0.0086455331412103,0.003030303030303,0.061713914459988
U_12037573,C_948488,1.0,合肥工业大学宣城校区,2020-03-06 15:02:21,0,A,249,172,0.0138888888888888,0.0,0.181651376146789,0.2587155963302752,0.2046109510086455,0.0537878787878787,0.0663644557045611
U_30642548,C_1824911,2.0,辽宁对外经贸学院,2020-06-22 09:22:47,4,E,781,57,0.0833333333333333,0.0,0.0862385321100917,0.0862385321100917,0.1181556195965417,0.031060606060606,0.0631172893019544
U_5277625,C_674920,0.0,西昌民族幼儿师范高等专科学校,2020-07-19 17:27:35,4,E,751,87,0.0694444444444444,0.0,0.2201834862385321,0.2201834862385321,0.3458213256484149,0.0931818181818181,0.0637527391498499
U_29948509,C_747056,0.0,辽宁对外经贸学院,2020-05-12 17:19:35,4,E,781,147,0.0416666666666666,0.0,0.0256880733944954,0.0256880733944954,0.0259365994236311,0.0083333333333333,0.061272135847288
U_17898204,C_786631,1.0,北华航天工业学院,2020-04-25 19:26:43,2,C,186,154,0.1111111111111111,0.0,0.1963302752293578,0.1963302752293578,0.1642651296829971,0.0651515151515151,0.0802262736700285
U_9097725,C_1017355,1.0,广州中医药大学,2020-03-11 15:19:32,4,E,423,0,0.0138888888888888,0.0,0.0715596330275229,0.0715596330275229,0.0432276657060518,0.028030303030303,0.0610004503699354
U_2469878,C_756642,0.0,广西医科大学第一附属医院,2020-05-13 12:12:00,1,B,435,149,0.2222222222222222,0.0,0.036697247706422,0.0495412844036697,0.0576368876080691,0.031060606060606,0.1141498454888105
U_33760664,C_2059281,1.0,辽宁对外经贸学院,2020-09-25 16:11:16,4,E,781,85,0.0138888888888888,0.0,0.0165137614678899,0.0165137614678899,0.0172910662824207,0.009090909090909,0.0614044772802318
U_4122077,C_1017355,1.0,广州中医药大学,2020-05-07 13:59:19,0,A,423,0,0.1111111111111111,0.0,0.0825688073394495,0.0825688073394495,0.1066282420749279,0.0371212121212121,0.0679763786168301
U_13072570,C_801420,0.0,南京邮电大学通达学院,2020-08-26 21:46:08,4,E,229,155,0.0416666666666666,0.0,0.0715596330275229,0.0715596330275229,0.0605187319884726,0.0325757575757575,0.0613393985551517
U_29959703,C_674959,0.0,辽宁对外经贸学院,2020-06-10 15:51:39,4,E,781,88,0.0277777777777777,0.0,0.0091743119266055,0.0091743119266055,0.0086455331412103,0.003030303030303,0.0617547960424806
U_1564552,C_676646,2.0,天津财经大学,2020-06-10 08:50:36,4,E,327,90,0.0416666666666666,0.0,0.0091743119266055,0.0091743119266055,0.0144092219020172,0.0037878787878787,0.061285928119516
U_30184963,C_674920,0.0,辽宁对外经贸学院,2020-05-26 10:29:32,4,E,781,87,0.0555555555555555,0.0,0.2201834862385321,0.2201834862385321,0.2074927953890489,0.0553030303030303,0.0670869726756308
U_13716626,C_674920,2.0,辽宁对外经贸学院,2020-05-04 13:45:09,4,E,781,87,0.0416666666666666,0.0,0.0788990825688073,0.0788990825688073,0.0691642651296829,0.0318181818181818,0.0608939750188038
U_5644382,C_1017355,2.0,广州中医药大学,2020-03-03 11:42:28,2,C,423,0,0.1388888888888889,0.0,0.1963302752293578,0.1963302752293578,0.1671469740634005,0.0659090909090909,0.0804998509419919
U_30651127,C_677087,1.0,辽宁对外经贸学院,2020-11-11 20:13:02,4,E,781,92,0.0416666666666666,0.0,0.036697247706422,0.036697247706422,0.0403458213256484,0.0106060606060606,0.0620780007327552
U_32753744,C_735164,1.0,昆明理工大学,2020-12-02 10:46:57,4,E,476,138,0.0416666666666666,0.0,0.036697247706422,0.0385321100917431,0.0576368876080691,0.0265151515151515,0.064375902237459
U_8292362,C_1824911,0.0,重庆三峡医药高等专科学校,2020-06-10 20:23:19,4,E,822,57,0.0416666666666666,0.0,0.0770642201834862,0.0770642201834862,0.0576368876080691,0.0303030303030303,0.0648076573101269
U_31016188,C_801420,0.0,辽宁对外经贸学院,2020-08-22 09:10:09,4,E,781,155,0.0416666666666666,0.0,0.0055045871559633,0.0055045871559633,0.0,0.0,0.0323537331230526
U_7515795,C_735164,0.0,青岛理工大学,2020-09-16 10:54:26,0,A,888,138,0.0694444444444444,0.0,0.1871559633027523,0.2220183486238532,0.2766570605187319,0.0575757575757575,0.0531830746609279
U_28795410,C_1992929,1.0,中国医科大学,2020-09-15 10:09:53,2,C,69,81,0.125,0.0,0.0330275229357798,0.0330275229357798,0.0374639769452449,0.0098484848484848,0.0264107397007347
U_33859681,C_697076,0.0,辽宁对外经贸学院,2020-09-27 19:45:21,4,E,781,121,0.0416666666666666,0.0,0.0275229357798165,0.0275229357798165,0.0403458213256484,0.0121212121212121,0.0610909791801069
U_33218202,C_697076,2.0,辽宁对外经贸学院,2020-09-30 13:53:31,0,A,781,121,0.1111111111111111,0.0,0.1926605504587156,0.2788990825688073,0.2161383285302593,0.0643939393939393,0.0675883527232549
U_30110379,C_747056,2.0,辽宁对外经贸学院,2020-05-21 19:43:12,4,E,781,147,0.0277777777777777,0.0,0.0055045871559633,0.0055045871559633,0.0057636887608069,0.0015151515151515,0.0614196611605373
U_5643095,C_1824911,2.0,重庆三峡医药高等专科学校,2020-06-03 20:00:22,3,D,822,57,0.1527777777777777,0.0,0.1614678899082569,0.1614678899082569,0.1959654178674351,0.1113636363636363,0.0806087727500286
U_10139377,C_1714448,1.0,中国医科大学,2020-03-31 18:33:05,3,D,69,8,0.0416666666666666,0.0,0.1724770642201835,0.2110091743119266,0.0979827089337175,0.1401515151515151,0.0825214910054154
U_33158159,C_735164,1.0,华南理工大学,2020-09-20 08:23:24,3,D,211,138,0.1666666666666666,0.0,0.1853211009174312,0.2403669724770642,0.1066282420749279,0.1356060606060606,0.0799462781629457
U_5644381,C_1017355,0.0,广州中医药大学,2020-04-08 14:01:44,2,C,423,0,0.1527777777777777,0.0,0.1688073394495413,0.1688073394495413,0.1642651296829971,0.075,0.0751076420201711
U_33090252,C_735164,1.0,昆明理工大学,2020-10-27 22:02:01,0,A,476,138,0.0972222222222222,0.0,0.2091743119266055,0.2825688073394495,0.1930835734870317,0.0446969696969697,0.0699824980406979
U_25259447,C_948395,2.0,西安美术学院,2020-02-21 16:46:34,1,B,727,170,0.0555555555555555,0.0,0.0,0.0348623853211009,0.0,0.0393939393939393,0.1044109363558109
U_31023855,C_948136,1.0,辽宁对外经贸学院,2020-07-20 11:23:54,4,E,781,168,0.0416666666666666,0.0,0.018348623853211,0.018348623853211,0.0259365994236311,0.0068181818181818,0.0616567248155755
U_2104374,C_1828106,1.0,华中科技大学,2020-08-27 19:55:49,4,E,200,59,0.0416666666666666,0.0,0.018348623853211,0.018348623853211,0.0259365994236311,0.0787878787878787,0.0898622918029003
U_29663386,C_1774975,2.0,昆明理工大学,2020-04-27 16:25:30,0,A,476,44,0.2083333333333333,0.0,0.1064220183486238,0.1137614678899082,0.1642651296829971,0.2878787878787879,0.0818284850398058
U_22348578,C_676646,2.0,天津财经大学,2020-06-10 08:33:44,3,D,327,90,0.1388888888888889,0.0,0.0440366972477064,0.0440366972477064,0.0518731988472622,0.0136363636363636,0.0796296254210221
U_2173881,C_735164,0.0,云南农业大学,2020-11-29 13:43:26,0,A,105,138,0.1111111111111111,0.0,0.1724770642201835,0.2642201834862385,0.170028818443804,0.0393939393939393,0.0664671177524197
U_15102248,C_735385,1.0,辽宁对外经贸学院,2020-10-03 16:17:08,4,E,781,146,0.0555555555555555,0.0,0.2110091743119266,0.2110091743119266,0.3314121037463977,0.0871212121212121,0.0658762786004774
U_2010542,C_1771167,0.0,榆林学院,2020-11-05 12:55:41,4,E,503,39,0.0416666666666666,0.0,0.0091743119266055,0.0091743119266055,0.0028818443804034,0.0007575757575757,0.061415065387242
U_5869176,C_735164,1.0,安徽科技学院,2020-09-15 08:30:27,0,A,350,138,0.1111111111111111,0.0,0.1871559633027523,0.2807339449541284,0.2334293948126801,0.0568181818181818,0.0704611072202056
U_29170741,C_948109,1.0,昆明理工大学,2020-08-26 16:40:12,0,A,476,165,0.375,0.2,0.5522935779816514,0.5522935779816514,0.8587896253602305,1.0,0.0965106138721009
U_2574132,C_735164,1.0,渤海大学,2020-09-16 10:59:51,0,A,614,138,0.1111111111111111,0.0,0.1889908256880734,0.2825688073394495,0.2103746397694524,0.0621212121212121,0.0621253500737863
U_13537857,C_707079,0.0,中国农业大学,2020-04-08 21:08:18,4,E,67,132,0.0416666666666666,0.0,0.0678899082568807,0.0678899082568807,0.0461095100864553,0.0348484848484848,0.0634548706408027
U_31066381,C_682392,0.0,昆明理工大学,2020-08-08 13:24:34,0,A,476,108,0.1388888888888889,0.0,0.4495412844036697,0.4495412844036697,0.6224783861671469,0.2181818181818181,0.0632742834929416
U_11064866,C_676646,2.0,天津商业大学,2020-08-17 12:15:34,4,E,316,90,0.0277777777777777,0.0,0.0091743119266055,0.0091743119266055,0.0115273775216138,0.003030303030303,0.0605701364287643
U_30398247,C_674959,2.0,辽宁对外经贸学院,2020-06-10 12:24:18,4,E,781,88,0.0277777777777777,0.0,0.0036697247706422,0.0036697247706422,0.0028818443804034,0.0007575757575757,0.0616001344045345
U_12658503,C_674959,2.0,辽宁对外经贸学院,2020-08-28 15:08:07,4,E,781,88,0.0416666666666666,0.0,0.0036697247706422,0.0036697247706422,0.0057636887608069,0.0015151515151515,0.438842943416548
U_6089705,C_1017355,1.0,广州中医药大学,2020-03-26 14:57:15,1,B,423,0,0.0277777777777777,0.0,0.0256880733944954,0.0348623853211009,0.0403458213256484,0.0227272727272727,0.1122450361234589
U_13512125,C_676646,1.0,辽宁对外经贸学院,2020-08-10 22:35:14,4,E,781,90,0.0277777777777777,0.0,0.0348623853211009,0.0348623853211009,0.0403458213256484,0.0106060606060606,0.0700213838293996
U_30328008,C_676635,0.0,辽宁对外经贸学院,2020-06-02 20:04:44,4,E,781,89,0.0416666666666666,0.0,0.018348623853211,0.018348623853211,0.0288184438040345,0.0075757575757575,0.061309124889037
U_2929760,C_735164,0.0,中国医科大学,2020-09-16 15:27:01,2,C,69,138,0.0138888888888888,0.0,0.0990825688073394,0.110091743119266,0.1556195965417867,0.0742424242424242,0.0446320152325268
U_5152542,C_735197,2.0,华南理工大学,2020-09-23 19:43:11,2,C,211,141,0.0555555555555555,0.0,0.0256880733944954,0.0256880733944954,0.0288184438040345,0.0121212121212121,0.0397507404700542
U_10259392,C_697107,2.0,昆明理工大津桥学院,2020-06-24 13:26:09,4,E,482,122,0.0416666666666666,0.0,0.0587155963302752,0.0587155963302752,0.0576368876080691,0.031060606060606,0.0603628115869143
U_6241338,C_735115,1.0,广州体院,2020-05-11 08:30:58,0,A,427,136,0.0277777777777777,0.0,0.2935779816513761,0.2935779816513761,0.4121037463976945,0.1393939393939394,0.0638470465969011
U_6907765,C_756642,2.0,辽宁对外经贸学院,2020-05-11 19:35:43,4,E,781,149,0.0416666666666666,0.0,0.0091743119266055,0.0091743119266055,0.0144092219020172,0.0053030303030303,0.0610565703084946
U_30111635,C_1750793,1.0,昆明理工大学,2020-05-21 21:32:53,0,A,476,17,0.0694444444444444,0.0,0.036697247706422,0.036697247706422,0.0518731988472622,0.0272727272727272,0.06991866730578
U_7775801,C_676635,0.0,辽宁对外经贸学院,2020-06-18 20:59:37,4,E,781,89,0.0416666666666666,0.0,0.0091743119266055,0.0091743119266055,0.0115273775216138,0.003030303030303,0.0617980943678268
U_32718479,C_735164,2.0,昆明理工大学,2020-09-28 09:25:20,0,A,476,138,0.0277777777777777,0.0,0.0825688073394495,0.0935779816513761,0.1239193083573487,0.0575757575757575,0.0283205754510135
U_30944426,C_747056,0.0,辽宁对外经贸学院,2020-07-13 16:14:11,4,E,781,147,0.0277777777777777,0.0,0.0036697247706422,0.0036697247706422,0.0,0.0,0.0614122623617192
U_33320758,C_1912004,1.0,辽宁对外经贸学院,2020-09-21 23:22:57,4,E,781,74,0.0416666666666666,0.0,0.0055045871559633,0.0055045871559633,0.0,0.0,0.061937537459074
U_31127748,C_682392,0.0,昆明理工大学,2020-08-16 14:23:24,0,A,476,108,0.1527777777777777,0.0,0.4495412844036697,0.4495412844036697,0.6224783861671469,0.2181818181818181,0.0089568027080047
U_33748903,C_697076,2.0,辽宁对外经贸学院,2020-12-01 15:40:07,4,E,781,121,0.0416666666666666,0.0,0.055045871559633,0.055045871559633,0.0806916426512968,0.0257575757575757,0.0617318023189781
U_32904335,C_735164,1.0,昆明理工大学,2020-11-22 21:45:48,0,A,476,138,0.125,0.0,0.2862385321100917,0.3045871559633027,0.440922190201729,0.1606060606060606,0.0697654121329372
U_32756223,C_735164,1.0,昆明理工大学,2020-09-15 15:32:58,0,A,476,138,0.1111111111111111,0.0,0.2,0.2825688073394495,0.2536023054755043,0.0681818181818181,0.0641262893480131
U_30326325,C_676635,2.0,辽宁对外经贸学院,2020-06-02 18:57:58,4,E,781,89,0.0416666666666666,0.0,0.018348623853211,0.018348623853211,0.0230547550432276,0.006060606060606,0.0614867703458018
U_30974709,C_1786221,0.0,辽宁对外经贸学院,2020-08-03 10:17:51,4,E,781,51,0.0277777777777777,0.0,0.0018348623853211,0.0018348623853211,0.0,0.0,0.0608076705562842
U_13143251,C_1992929,1.0,北京体育大学,2020-10-25 15:41:43,0,A,159,81,0.1111111111111111,0.0,0.1908256880733945,0.2697247706422018,0.2190201729106628,0.0545454545454545,0.0667768768344002
U_32312524,C_697076,2.0,辽宁对外经贸学院,2020-09-09 19:32:57,4,E,781,121,0.0416666666666666,0.0,0.0678899082568807,0.0678899082568807,0.0691642651296829,0.0287878787878787,0.0620450379449816
U_29663517,C_1714448,2.0,辽宁对外经贸学院,2020-04-26 16:10:09,4,E,781,8,0.0416666666666666,0.0,0.0678899082568807,0.0678899082568807,0.0576368876080691,0.0333333333333333,0.0620271005625724
U_5245127,C_674920,0.0,辽宁对外经贸学院,2020-07-03 07:50:17,4,E,781,87,0.0138888888888888,0.0,0.2201834862385321,0.2201834862385321,0.340057636887608,0.0916666666666666,0.0649006870529644
U_31066425,C_682392,0.0,辽宁对外经贸学院,2020-08-27 10:07:42,4,E,781,108,0.0694444444444444,0.0,0.2568807339449541,0.2568807339449541,0.3976945244956772,0.1356060606060606,0.187284109704966
U_29292340,C_735283,2.0,辽宁对外经贸学院,2020-04-21 13:35:52,4,E,781,143,0.0416666666666666,0.0,0.0697247706422018,0.0697247706422018,0.0547550432276657,0.0325757575757575,0.0623038770474117
U_12175267,C_948488,1.0,合肥工业大学,2020-03-06 14:34:37,0,A,248,172,0.0277777777777777,0.0,0.1853211009174312,0.2660550458715596,0.2132564841498559,0.0598484848484848,0.067499047141536
U_34351215,C_697076,2.0,辽宁对外经贸学院,2020-11-12 16:19:33,4,E,781,121,0.0138888888888888,0.0,0.0091743119266055,0.0091743119266055,0.0057636887608069,0.0015151515151515,0.0583696375848073
U_16684231,C_697062,2.0,湖北科技学院,2020-04-25 09:45:04,0,A,633,120,0.1111111111111111,0.0,0.1853211009174312,0.2697247706422018,0.1959654178674351,0.053030303030303,0.0674006441077227
U_29756031,C_948113,0.0,辽宁对外经贸学院,2020-05-02 08:41:11,4,E,781,166,0.0416666666666666,0.0,0.0055045871559633,0.0055045871559633,0.0057636887608069,0.0015151515151515,0.0611570335165438
U_6374904,C_1944726,0.0,辽宁工程技术大学,2020-11-04 18:34:28,4,E,785,78,0.0277777777777777,0.0,0.0036697247706422,0.0036697247706422,0.0028818443804034,0.0007575757575757,0.0612745624948254
U_33543414,C_697076,2.0,辽宁对外经贸学院,2020-10-14 10:12:59,4,E,781,121,0.0277777777777777,0.0,0.0972477064220183,0.0972477064220183,0.0345821325648414,0.0295454545454545,0.0635684377455539
U_20570678,C_823315,0.0,西安石油大学,2020-06-19 10:43:47,4,E,725,158,0.0416666666666666,0.0,0.0752293577981651,0.0752293577981651,0.0489913544668587,0.031060606060606,0.0641732276446655
U_8181866,C_1017355,2.0,广州中医药大学,2020-03-31 10:24:37,1,B,423,0,0.2083333333333333,0.0,0.036697247706422,0.0513761467889908,0.0576368876080691,0.025,0.1128110095666555
U_31018971,C_674920,2.0,辽宁对外经贸学院,2020-07-20 17:27:24,4,E,781,87,0.0416666666666666,0.0,0.0788990825688073,0.0788990825688073,0.0720461095100864,0.0333333333333333,0.0610401532950527
U_16320344,C_674959,1.0,辽宁对外经贸学院,2020-02-16 09:35:34,4,E,781,88,0.0138888888888888,0.0,0.0697247706422018,0.0697247706422018,0.0374639769452449,0.0272727272727272,0.0615273845018311
U_30318469,C_676635,2.0,辽宁对外经贸学院,2020-06-02 10:38:09,4,E,781,89,0.0416666666666666,0.0,0.018348623853211,0.018348623853211,0.0288184438040345,0.0075757575757575,0.0612360382270834
U_33383583,C_1774985,2.0,辽宁对外经贸学院,2020-10-07 09:20:38,4,E,781,46,0.0416666666666666,0.0,0.0201834862385321,0.0201834862385321,0.0201729106628242,0.0053030303030303,0.0616732458281976
U_31104741,C_682392,1.0,辽宁对外经贸学院,2020-07-30 18:18:28,4,E,781,108,0.0138888888888888,0.0,0.018348623853211,0.018348623853211,0.0172910662824207,0.0045454545454545,0.0601831554793328
U_11245894,C_1992929,0.0,北京体育大学,2020-10-14 17:33:51,0,A,159,81,0.1111111111111111,0.0,0.1669724770642202,0.1669724770642202,0.2622478386167147,0.0689393939393939,0.066539075280417
U_5643194,C_1824911,2.0,重庆三峡医药高等专科学校,2020-06-03 19:59:17,4,E,822,57,0.1527777777777777,0.0,0.0623853211009174,0.0623853211009174,0.0691642651296829,0.0181818181818181,0.0661770046108084
U_8064874,C_1731884,0.0,保山学院,2020-04-03 09:17:38,4,E,127,11,0.0277777777777777,0.0,0.073394495412844,0.073394495412844,0.0461095100864553,0.0295454545454545,0.0613031771263993
U_30116964,C_681031,1.0,辽宁对外经贸学院,2020-05-22 11:50:20,4,E,781,101,0.0277777777777777,0.0,0.0055045871559633,0.0055045871559633,0.0057636887608069,0.0022727272727272,0.0612984426875304
U_5314312,C_1750793,0.0,内蒙古农业大学职业技术学院,2020-05-20 20:57:03,0,A,142,17,0.0972222222222222,0.0,0.036697247706422,0.036697247706422,0.0518731988472622,0.0272727272727272,0.0701950872220016
U_33366201,C_697076,2.0,辽宁对外经贸学院,2020-09-30 13:53:37,4,E,781,121,0.0416666666666666,0.0,0.0844036697247706,0.0844036697247706,0.0778097982708933,0.034090909090909,0.0607384170069714
U_17894133,C_786631,1.0,北华航天工业学院,2020-04-22 10:25:26,0,A,186,154,0.0555555555555555,0.0,0.2073394495412844,0.2752293577981651,0.2305475504322766,0.078030303030303,0.0749239299445627
U_10407978,C_676646,0.0,天津商业大学,2020-08-11 07:52:18,4,E,316,90,0.0416666666666666,0.0,0.018348623853211,0.018348623853211,0.0288184438040345,0.0075757575757575,0.0622969289117076
U_5281217,C_674920,0.0,西昌民族幼儿师范高等专科学校,2020-06-24 18:11:21,4,E,751,87,0.0416666666666666,0.0,0.091743119266055,0.091743119266055,0.0864553314121037,0.0204545454545454,0.0601786092294566
U_30365797,C_1829948,2.0,中国医科大学,2020-06-05 11:00:42,2,C,69,61,0.0555555555555555,0.0,0.0697247706422018,0.0697247706422018,0.0864553314121037,0.0227272727272727,0.0668385879669793
U_16104787,C_680895,0.0,商丘医学高等专科学校,2020-06-30 11:23:38,4,E,280,98,0.0416666666666666,0.0,0.0073394495412844,0.0073394495412844,0.0086455331412103,0.0022727272727272,0.0613157956935939
U_32439520,C_1912004,1.0,辽宁对外经贸学院,2020-09-29 12:04:41,4,E,781,74,0.0277777777777777,0.0,0.0055045871559633,0.0055045871559633,0.0057636887608069,0.0015151515151515,0.0618303786847583
U_24136303,C_749807,2.0,辽宁对外经贸学院,2020-03-16 09:55:08,4,E,781,148,0.0138888888888888,0.0,0.0532110091743119,0.0532110091743119,0.0172910662824207,0.0401515151515151,0.0592565227839728
U_3790797,C_735385,0.0,清华大学,2020-07-10 17:49:59,4,E,612,146,0.0555555555555555,0.0,0.2385321100917431,0.2385321100917431,0.2968299711815562,0.078030303030303,0.0672329033347842
U_32721731,C_735164,1.0,昆明理工大学,2020-09-15 08:25:56,0,A,476,138,0.1111111111111111,0.0,0.2201834862385321,0.2201834862385321,0.270893371757925,0.0083333333333333,0.0722863374033556
U_10896324,C_735164,1.0,四川轻化工大学,2020-09-20 11:25:13,4,E,292,138,0.0138888888888888,0.0,0.073394495412844,0.073394495412844,0.0547550432276657,0.0303030303030303,0.0609500058152086
U_29724072,C_735164,1.0,湖北师范大学,2020-11-28 11:39:34,0,A,625,138,0.0972222222222222,0.0,0.1266055045871559,0.2477064220183486,0.1469740634005763,0.0424242424242424,0.0674886422711766
U_175230,C_735164,0.0,贵州理工学院,2020-09-16 09:04:19,0,A,765,138,0.0138888888888888,0.0,0.0110091743119266,0.0128440366972477,0.0172910662824207,0.0075757575757575,0.0844635667436631
U_8740758,C_1017355,2.0,广州中医药大学,2020-05-07 09:24:39,1,B,423,0,0.125,0.0,0.0825688073394495,0.0825688073394495,0.1123919308357348,0.0386363636363636,0.1116518842278432
U_14427024,C_747056,2.0,宝鸡文理学院,2020-04-26 08:21:12,4,E,356,147,0.0416666666666666,0.0,0.0623853211009174,0.0623853211009174,0.0605187319884726,0.0348484848484848,0.062826844353435
U_33166154,C_735164,1.0,昆明理工大学,2020-09-20 13:57:03,0,A,476,138,0.0138888888888888,0.0,0.0954128440366972,0.1045871559633027,0.1469740634005763,0.0696969696969697,0.1456745009039504
U_32577178,C_735164,1.0,昆明理工大学,2020-10-20 14:20:48,2,C,476,138,0.1388888888888889,0.0,0.1779816513761468,0.1779816513761468,0.1613832853025936,0.0553030303030303,0.0156383428857175
U_1038063,C_735164,0.0,昆明理工大学,2020-09-24 15:41:25,0,A,476,138,0.1111111111111111,0.0,0.2055045871559633,0.2807339449541284,0.2334293948126801,0.0621212121212121,0.0698357849115224
U_32993373,C_735164,1.0,昆明理工大学,2020-09-17 08:14:19,0,A,476,138,0.0138888888888888,0.0,0.055045871559633,0.0605504587155963,0.0864553314121037,0.0401515151515151,0.0237188906412278
U_30264038,C_735115,2.0,辽宁对外经贸学院,2020-05-28 23:52:41,4,E,781,136,0.0416666666666666,0.0,0.0091743119266055,0.0091743119266055,0.0028818443804034,0.0007575757575757,0.0605209893876187
U_6987942,C_756642,2.0,昆明理工大学,2020-05-11 18:38:36,0,A,476,149,0.0833333333333333,0.0,0.0348623853211009,0.0348623853211009,0.0518731988472622,0.0174242424242424,0.0760732744080967
U_6220259,C_1829948,0.0,北方民族大学,2020-06-18 09:59:29,4,E,190,61,0.0277777777777777,0.0,0.0091743119266055,0.0091743119266055,0.0086455331412103,0.0022727272727272,0.0606827873502616
U_30577568,C_1829948,2.0,辽宁对外经贸学院,2020-06-17 11:10:23,4,E,781,61,0.0138888888888888,0.0,0.0220183486238532,0.0220183486238532,0.0086455331412103,0.0022727272727272,0.0611921703824172
U_26385225,C_1771170,1.0,辽宁对外经贸学院,2020-10-20 15:08:51,4,E,781,40,0.0277777777777777,0.0,0.0018348623853211,0.0018348623853211,0.0028818443804034,0.0007575757575757,0.0610464823880177
U_11025149,C_948120,0.0,中国农业大学,2020-11-03 18:57:21,2,C,67,167,0.1111111111111111,0.0,0.0458715596330275,0.0458715596330275,0.031700288184438,0.0098484848484848,0.0785885787704437
U_18138320,C_735164,2.0,昆明理工大学,2020-09-21 20:53:23,0,A,476,138,0.0138888888888888,0.0,0.1798165137614679,0.2678899082568807,0.2276657060518732,0.0621212121212121,0.0178084009693426
U_34293467,C_2027893,0.0,辽宁对外经贸学院,2020-10-05 20:04:56,4,E,781,84,0.0416666666666666,0.0,0.0165137614678899,0.0165137614678899,0.0201729106628242,0.006060606060606,0.061545911212928
U_29463240,C_735385,1.0,辽宁对外经贸学院,2020-05-16 14:33:01,4,E,781,146,0.0416666666666666,0.0,0.0697247706422018,0.0697247706422018,0.0749279538904899,0.0196969696969696,0.0628019489306378
U_5073388,C_735197,1.0,华南理工大学,2020-09-25 15:50:00,4,E,211,141,0.0416666666666666,0.0,0.0256880733944954,0.0256880733944954,0.0374639769452449,0.0143939393939393,0.0631634302715588
U_8488500,C_735197,1.0,华南理工大学,2020-09-18 13:51:01,4,E,211,141,0.0416666666666666,0.0,0.0660550458715596,0.0660550458715596,0.0518731988472622,0.0318181818181818,0.0627186505396595
U_30440785,C_682392,0.0,昆明理工大学,2020-07-31 12:56:20,0,A,476,108,0.1388888888888889,0.0,0.4495412844036697,0.4495412844036697,0.6945244956772334,0.2416666666666666,0.0629804709519212
U_7837982,C_697076,0.0,长沙理工大学,2020-09-27 19:31:20,4,E,862,121,0.0138888888888888,0.0,0.0697247706422018,0.0697247706422018,0.0432276657060518,0.0303030303030303,0.0620044237889523
U_14929841,C_735385,1.0,辽宁对外经贸学院,2020-08-31 18:22:25,4,E,781,146,0.0416666666666666,0.0,0.0495412844036697,0.0495412844036697,0.0547550432276657,0.0143939393939393,0.0251654037004269
U_11267435,C_677087,1.0,北京体育大学,2020-09-13 13:52:38,0,A,159,92,0.0972222222222222,0.0,0.1045871559633027,0.1045871559633027,0.1642651296829971,0.0431818181818181,0.0094472439127591
U_6099681,C_1017355,2.0,广州中医药大学,2020-03-07 22:13:25,0,A,423,0,0.0138888888888888,0.0,0.1944954128440367,0.2623853211009174,0.1959654178674351,0.0636363636363636,0.0687747605136666
U_7157351,C_735197,0.0,华南理工大学,2020-09-13 19:37:18,4,E,211,141,0.0416666666666666,0.0,0.0238532110091743,0.0238532110091743,0.0345821325648414,0.0106060606060606,0.0619840795683733
U_29490771,C_948488,2.0,辽宁对外经贸学院,2020-04-20 21:33:25,4,E,781,172,0.0833333333333333,0.0,0.0862385321100917,0.0862385321100917,0.0518731988472622,0.0265151515151515,0.0653220719216662
U_19842777,C_801420,1.0,南京邮电大学,2020-09-04 14:02:01,4,E,228,155,0.0416666666666666,0.0,0.0256880733944954,0.0256880733944954,0.0259365994236311,0.0068181818181818,0.0619407119102403
U_33454631,C_697076,2.0,辽宁对外经贸学院,2020-11-13 18:33:48,4,E,781,121,0.0277777777777777,0.0,0.0752293577981651,0.0752293577981651,0.0403458213256484,0.0295454545454545,0.0605992413421876
U_29733843,C_735164,2.0,中国医科大学,2020-10-25 09:02:22,2,C,69,138,0.0972222222222222,0.0,0.1889908256880734,0.1889908256880734,0.2190201729106628,0.0689393939393939,0.0620292152125693
U_34662725,C_1992945,2.0,青海师范大学,2020-12-02 19:01:22,4,E,892,82,0.0416666666666666,0.0,0.0422018348623853,0.0568807339449541,0.0259365994236311,0.0068181818181818,0.0628880156807456
U_31196412,C_735197,0.0,辽宁对外经贸学院,2020-10-07 12:25:19,4,E,781,141,0.0416666666666666,0.0,0.0275229357798165,0.0275229357798165,0.0345821325648414,0.0136363636363636,0.0605958836543705
U_4951016,C_1914506,1.0,辽宁对外经贸学院,2020-07-30 17:21:52,4,E,781,75,0.0277777777777777,0.0,0.0018348623853211,0.0018348623853211,0.0,0.0,0.0613314203323297
U_12235576,C_948109,2.0,西京学院,2020-03-31 12:45:45,0,A,701,165,0.0138888888888888,0.0,0.0807339449541284,0.326605504587156,0.1268011527377521,0.1106060606060606,0.0750760114123721
U_33499426,C_2027893,1.0,辽宁对外经贸学院,2020-09-23 14:32:29,4,E,781,84,0.0416666666666666,0.0,0.0110091743119266,0.0110091743119266,0.0115273775216138,0.0037878787878787,0.0614216866683798
U_29822439,C_948113,1.0,中国医科大学,2020-05-07 21:55:15,2,C,69,166,0.1388888888888889,0.0,0.0330275229357798,0.0330275229357798,0.0432276657060518,0.0128787878787878,0.0713314862637747
U_29813581,C_766175,0.0,华南理工大学,2020-05-13 14:06:41,3,D,211,151,0.1388888888888889,0.0,0.0055045871559633,0.0055045871559633,0.0057636887608069,0.0015151515151515,0.0798981116854988
U_12929454,C_1736024,0.0,辽宁对外经贸学院,2020-04-26 18:53:12,4,E,781,14,0.0416666666666666,0.0,0.0788990825688073,0.0788990825688073,0.0576368876080691,0.0333333333333333,0.058957946090032
U_30593659,C_1829948,0.0,辽宁对外经贸学院,2020-06-18 09:00:00,4,E,781,61,0.75,0.0,0.3669724770642202,0.3669724770642202,0.4697406340057636,0.1234848484848484,0.0769412911845733
U_34076747,C_1912004,0.0,辽宁对外经贸学院,2020-09-29 20:24:32,4,E,781,74,0.0277777777777777,0.0,0.0036697247706422,0.0036697247706422,0.0057636887608069,0.0015151515151515,0.0617549594697637
U_27231521,C_735197,0.0,辽宁对外经贸学院,2020-09-24 08:28:53,4,E,781,141,0.0416666666666666,0.0,0.0256880733944954,0.0256880733944954,0.0144092219020172,0.0037878787878787,0.0618019274804676
U_10562216,C_948078,0.0,重庆大学,2020-02-15 10:53:52,4,E,835,164,0.0416666666666666,0.0,0.0844036697247706,0.0844036697247706,0.0547550432276657,0.0325757575757575,0.0651218784521711
U_28972691,C_747056,1.0,辽宁对外经贸学院,2020-05-01 09:05:13,4,E,781,147,0.0277777777777777,0.0,0.0036697247706422,0.0036697247706422,0.0,0.0,0.0614122623617192
U_9866095,C_674920,0.0,辽宁对外经贸学院,2020-06-02 12:02:28,4,E,781,87,0.0416666666666666,0.0,0.055045871559633,0.055045871559633,0.0605187319884726,0.0159090909090909,0.0620373023869134
U_28286870,C_707358,0.0,广州中医药大学,2020-03-04 13:41:44,1,B,423,134,0.0138888888888888,0.0,0.0275229357798165,0.0275229357798165,0.0432276657060518,0.028030303030303,0.1160033485919423
U_33569488,C_697076,2.0,辽宁对外经贸学院,2020-10-08 10:15:20,4,E,781,121,0.0416666666666666,0.0,0.0807339449541284,0.0807339449541284,0.0605187319884726,0.0371212121212121,0.0614293727030289
U_31085524,C_682392,0.0,华南理工大学,2020-08-24 19:34:39,3,D,211,108,0.1388888888888889,0.0,0.4495412844036697,0.4495412844036697,0.2997118155619596,0.1037878787878787,0.0816124589332145
U_32905190,C_735164,1.0,昆明理工大学,2020-09-16 13:49:13,0,A,476,138,0.1111111111111111,0.0,0.2073394495412844,0.2807339449541284,0.201729106628242,0.0507575757575757,0.0688707121382329
U_19639485,C_1829948,0.0,辽宁对外经贸学院,2020-06-04 14:41:44,4,E,781,61,0.0138888888888888,0.0,0.0256880733944954,0.0256880733944954,0.031700288184438,0.0083333333333333,0.0601014467901086
U_23147529,C_1864065,0.0,辽宁对外经贸学院,2020-06-29 13:43:29,4,E,781,67,0.0138888888888888,0.0,0.0697247706422018,0.0697247706422018,0.0835734870317002,0.0424242424242424,0.0624659721505693
U_31553977,C_676635,0.0,辽宁对外经贸学院,2020-08-30 21:38:35,4,E,781,89,0.0416666666666666,0.0,0.018348623853211,0.018348623853211,0.0201729106628242,0.0053030303030303,0.0691656729622648
U_14781509,C_697076,0.0,长沙理工大学,2020-09-10 19:33:16,4,E,862,121,0.0277777777777777,0.0,0.0697247706422018,0.0697247706422018,0.0576368876080691,0.0303030303030303,0.0624901247220795
U_30356524,C_1829948,2.0,中国医科大学,2020-06-04 18:23:30,2,C,69,61,0.0416666666666666,0.0,0.0311926605504587,0.0311926605504587,0.0374639769452449,0.0098484848484848,0.0266401042799566
U_30280674,C_766175,0.0,华南理工大学,2020-05-30 04:27:49,3,D,211,151,0.1527777777777777,0.0,0.1486238532110091,0.1486238532110091,0.0489913544668587,0.0128787878787878,0.0840470846934552
U_32966812,C_735164,2.0,昆明理工大学,2020-09-21 16:19:51,0,A,476,138,0.125,0.0,0.2275229357798165,0.3174311926605505,0.2046109510086455,0.0651515151515151,0.0608207100725414
U_33459818,C_2027893,1.0,辽宁对外经贸学院,2020-09-23 10:44:55,4,E,781,84,0.0416666666666666,0.0,0.0110091743119266,0.0110091743119266,0.0144092219020172,0.0045454545454545,0.0613876739841206
U_17746069,C_1829948,2.0,北方民族大学,2020-06-16 11:22:58,4,E,190,61,0.0138888888888888,0.0,0.0220183486238532,0.0220183486238532,0.0086455331412103,0.0022727272727272,0.0610784299456991
U_966619,C_735164,2.0,昆明理工大学,2020-10-19 21:13:10,0,A,476,138,0.125,0.0,0.2458715596330275,0.3137614678899083,0.2564841498559078,0.0704545454545454,0.0600635861361829
U_12685773,C_948387,1.0,深圳信息职业技术学院,2020-10-28 11:37:23,4,E,610,169,0.0416666666666666,0.0,0.0422018348623853,0.0422018348623853,0.0403458213256484,0.0106060606060606,0.0623092354813616
U_14749896,C_1918363,2.0,新乡医学院三全学院,2020-10-30 08:07:44,4,E,461,76,0.0277777777777777,0.0,0.0073394495412844,0.0073394495412844,0.0057636887608069,0.0037878787878787,0.0615986932730378
U_30319346,C_676635,2.0,华南理工大学,2020-06-02 11:40:39,3,D,211,89,0.1388888888888889,0.0,0.0275229357798165,0.0275229357798165,0.0403458213256484,0.0106060606060606,0.0770826013087217
U_24162281,C_749807,1.0,昆明理工大学,2020-03-17 16:38:20,0,A,476,148,0.0555555555555555,0.0,0.1871559633027523,0.2697247706422018,0.2219020172910662,0.0545454545454545,0.0664449213559652
U_13751433,C_682392,0.0,中国医科大学,2019-10-31 21:36:33,2,C,69,108,0.0138888888888888,0.0,0.1541284403669724,0.2018348623853211,0.1844380403458213,0.0507575757575757,0.0620485194413465
U_32237226,C_697076,2.0,辽宁对外经贸学院,2020-09-08 19:25:48,4,E,781,121,0.0416666666666666,0.0,0.0275229357798165,0.0275229357798165,0.0259365994236311,0.0075757575757575,0.0616938475705561
U_4324004,C_735164,0.0,聊城大学东昌学院,2020-11-26 21:34:28,3,D,689,138,0.1944444444444444,0.0,0.2862385321100917,0.4954128440366973,0.2219020172910662,0.0719696969696969,0.0853739359481804
U_13682766,C_1992950,2.0,青海师范大学,2020-10-04 10:52:16,4,E,892,83,0.0416666666666666,0.0,0.0146788990825688,0.0146788990825688,0.0172910662824207,0.0909090909090909,0.0606064866184064
U_29027295,C_1760297,1.0,辽宁对外经贸学院,2020-09-06 13:18:40,4,E,781,29,0.0416666666666666,0.0,0.0036697247706422,0.0036697247706422,0.0028818443804034,0.0007575757575757,0.0614549218349586
U_31508880,C_677087,0.0,辽宁对外经贸学院,2020-08-27 12:17:29,4,E,781,92,0.0416666666666666,0.0,0.036697247706422,0.036697247706422,0.0489913544668587,0.0128787878787878,0.0619759626799777
U_4618497,C_735197,0.0,华南理工大学,2020-10-04 16:35:39,4,E,211,141,0.0416666666666666,0.0,0.0880733944954128,0.0880733944954128,0.0518731988472622,0.028030303030303,0.0649836684940603
U_3489053,C_801420,1.0,辽宁对外经贸学院,2020-07-14 21:10:00,4,E,781,155,0.0416666666666666,0.0,0.0697247706422018,0.0697247706422018,0.0576368876080691,0.031060606060606,0.0629297787800987
U_30782757,C_1824911,0.0,辽宁对外经贸学院,2020-06-30 20:08:47,4,E,781,57,0.0416666666666666,0.0,0.0862385321100917,0.0862385321100917,0.1354466858789625,0.0356060606060606,0.062516312706116
U_4603024,C_735197,1.0,华南理工大学,2020-10-21 20:47:08,4,E,211,141,0.0555555555555555,0.0,0.0385321100917431,0.0385321100917431,0.0489913544668587,0.0409090909090909,0.0581592918143903
U_23562895,C_735385,1.0,河北工程大学,2020-05-25 08:50:00,4,E,554,146,0.0416666666666666,0.0,0.0128440366972477,0.0128440366972477,0.0115273775216138,0.003030303030303,0.0614615332114126
U_2024990,C_735164,0.0,昆明理工大学,2020-11-29 16:33:21,4,E,476,138,0.0416666666666666,0.0,0.0752293577981651,0.0752293577981651,0.063400576368876,0.0318181818181818,0.061372836767749
U_20314145,C_948113,2.0,西安思源学院,2020-02-20 21:23:07,2,C,721,166,0.0277777777777777,0.0,0.1761467889908257,0.1761467889908257,0.170028818443804,0.056060606060606,0.0715024658683245
U_30778948,C_1774985,1.0,辽宁对外经贸学院,2020-06-30 16:19:59,4,E,781,46,0.0277777777777777,0.0,0.0036697247706422,0.0036697247706422,0.0028818443804034,0.0007575757575757,0.0611985341417755
U_21454356,C_948078,1.0,辽宁对外经贸学院,2020-02-14 22:22:13,4,E,781,164,0.0277777777777777,0.0,0.1009174311926605,0.1009174311926605,0.0547550432276657,0.028030303030303,0.068287029120355
U_9811772,C_735197,0.0,华南理工大学,2020-09-18 10:41:54,4,E,211,141,0.0416666666666666,0.0,0.0568807339449541,0.0568807339449541,0.0288184438040345,0.0439393939393939,0.0389141054737085
U_29675792,C_697076,2.0,辽宁对外经贸学院,2020-09-24 02:52:59,4,E,781,121,0.0416666666666666,0.0,0.0018348623853211,0.0018348623853211,0.0028818443804034,0.0007575757575757,0.0604844064379066
U_26345673,C_948436,2.0,西安美术学院,2020-05-25 22:14:54,4,E,727,171,0.0416666666666666,0.0,0.0477064220183486,0.0477064220183486,0.0461095100864553,0.0022727272727272,0.0628728763715172
U_30456113,C_1824911,2.0,辽宁对外经贸学院,2020-06-11 15:41:14,4,E,781,57,0.1388888888888889,0.0,0.0091743119266055,0.0091743119266055,0.0115273775216138,0.003030303030303,0.0639314741218356
U_29969242,C_1732845,2.0,广州中医药大学,2020-05-14 13:56:56,1,B,423,13,0.0555555555555555,0.0,0.2660550458715596,0.2660550458715596,0.3256484149855908,0.0856060606060606,0.1056523597125351
U_6758657,C_1824911,2.0,重庆三峡医药高等专科学校,2020-06-02 10:23:28,4,E,822,57,0.0277777777777777,0.0,0.0715596330275229,0.0715596330275229,0.0432276657060518,0.0257575757575757,0.0653095771630195
U_11553580,C_1778562,0.0,中国医科大学,2020-09-20 21:23:22,2,C,69,49,0.0138888888888888,0.0,0.0036697247706422,0.0036697247706422,0.0028818443804034,0.0007575757575757,0.013036119552256
U_29739452,C_1017355,2.0,广州中医药大学,2020-04-30 13:29:33,1,B,423,0,0.0972222222222222,0.0,0.0825688073394495,0.0825688073394495,0.1037463976945244,0.034090909090909,0.1115000553294714
U_33459883,C_2027893,1.0,辽宁对外经贸学院,2020-09-23 10:45:25,4,E,781,84,0.0416666666666666,0.0,0.0110091743119266,0.0110091743119266,0.0115273775216138,0.0037878787878787,0.0614216866683798
U_963703,C_735164,1.0,昆明理工大学,2020-09-20 13:17:47,0,A,476,138,0.1111111111111111,0.0,0.1559633027522936,0.2440366972477064,0.2305475504322766,0.0696969696969697,0.0746183952102341
U_19263409,C_735115,0.0,辽宁对外经贸学院,2020-06-05 10:41:24,4,E,781,136,0.0555555555555555,0.0,0.1669724770642202,0.1669724770642202,0.0691642651296829,0.0196969696969696,0.0662177425753856
U_33246410,C_697076,2.0,辽宁对外贸易学院,2020-11-17 22:04:53,4,E,783,121,0.0416666666666666,0.0,0.0935779816513761,0.0935779816513761,0.0806916426512968,0.0257575757575757,0.060490884101129
U_33442536,C_697076,1.0,辽宁对外经贸学院,2020-11-30 10:00:10,4,E,781,121,0.0555555555555555,0.0,0.1651376146788991,0.1651376146788991,0.2564841498559078,0.0833333333333333,0.0641286119963703
U_985622,C_735164,0.0,昆明理工大学,2020-12-07 22:15:55,4,E,476,138,0.0416666666666666,0.0,0.0990825688073394,0.1211009174311926,0.1383285302593659,0.0659090909090909,0.0639085744928294
U_30462365,C_1829948,2.0,华南理工大学,2020-06-11 21:19:38,3,D,211,61,0.1527777777777777,0.0,0.0513761467889908,0.0513761467889908,0.0720461095100864,0.0189393939393939,0.0619691829238987
U_8488468,C_735197,0.0,华南理工大学,2020-09-07 10:43:14,3,D,211,141,0.1666666666666666,0.0,0.1761467889908257,0.2458715596330275,0.1123919308357348,0.156060606060606,0.0852769988075734
U_30933259,C_808528,0.0,华南理工大学,2020-07-11 15:58:42,3,D,211,156,0.1388888888888889,0.0,0.1192660550458715,0.1192660550458715,0.0547550432276657,0.0143939393939393,0.082658517353809
U_5076012,C_1864065,2.0,湖北理工学院,2020-06-20 13:22:54,3,D,631,67,0.1388888888888889,0.0,0.1834862385321101,0.2146788990825688,0.1440922190201729,0.1318181818181818,0.0817880788821369
U_8813206,C_697766,0.0,楚雄师范学院,2020-06-22 16:24:02,0,A,501,128,0.0972222222222222,0.0,0.1045871559633027,0.1045871559633027,0.1613832853025936,0.0446969696969697,0.0680152049774288
U_30500007,C_756642,0.0,中国医科大学,2020-06-16 17:09:49,2,C,69,149,0.125,0.0,0.0532110091743119,0.0532110091743119,0.063400576368876,0.0204545454545454,0.0770487371947199
U_33543424,C_697076,2.0,辽宁对外经贸学院,2020-10-07 09:50:49,4,E,781,121,0.0416666666666666,0.0,0.0844036697247706,0.0844036697247706,0.0778097982708933,0.0333333333333333,0.060665325392676
U_6758152,C_1824911,2.0,重庆市三峡医药高等专科学校,2020-06-10 18:03:22,4,E,841,57,0.0555555555555555,0.0,0.0495412844036697,0.0495412844036697,0.0403458213256484,0.0272727272727272,0.0550714769175214
U_6902155,C_756642,1.0,玉林市第一人民医院,2020-05-11 18:58:38,4,E,658,149,0.0416666666666666,0.0,0.0642201834862385,0.0642201834862385,0.0518731988472622,0.0295454545454545,0.0616029770487926
U_30950862,C_1829948,1.0,广州中医药大学,2020-07-14 11:47:47,1,B,423,61,0.4444444444444444,0.0,0.4770642201834862,0.4770642201834862,0.5648414985590777,0.1484848484848485,0.1025008775080314
U_15005337,C_674920,1.0,辽宁对外经贸学院,2020-06-23 00:47:21,4,E,781,87,0.0972222222222222,0.0,0.2201834862385321,0.2201834862385321,0.3458213256484149,0.0931818181818181,0.0656264676173549
U_28405832,C_697076,2.0,丹东市第一中学,2020-11-16 11:50:18,4,E,96,121,0.0833333333333333,0.0,0.1963302752293578,0.1963302752293578,0.2766570605187319,0.0878787878787878,0.0627291495045152
U_7968346,C_735197,2.0,华南理工大学,2020-09-07 09:44:48,3,D,211,141,0.1527777777777777,0.0,0.1651376146788991,0.2422018348623853,0.0893371757925072,0.1515151515151515,0.0846326793153116
U_31260373,C_936971,1.0,辽宁对外经贸学院,2020-08-20 10:51:30,4,E,781,162,0.0416666666666666,0.0,0.0623853211009174,0.0623853211009174,0.0432276657060518,0.0128787878787878,0.0633260701323269
U_33329479,C_697076,2.0,辽宁对外经贸学院,2020-11-03 10:23:01,4,E,781,121,0.0277777777777777,0.0,0.2422018348623853,0.2422018348623853,0.2853025936599423,0.0856060606060606,0.0664989662632628
U_30576073,C_674920,2.0,辽宁对外经贸学院,2020-06-17 10:13:29,4,E,781,87,0.0416666666666666,0.0,0.018348623853211,0.018348623853211,0.0259365994236311,0.0068181818181818,0.0609242338278928
U_29800078,C_766175,2.0,华南理工大学,2020-05-06 20:58:40,3,D,211,151,0.0555555555555555,0.0,0.1834862385321101,0.1834862385321101,0.1815561959654178,0.0484848484848484,0.082997822107643
U_21234863,C_676635,2.0,中国矿业大学（北京）,2020-04-30 07:45:59,4,E,85,89,0.0416666666666666,0.0,0.0697247706422018,0.0697247706422018,0.0605187319884726,0.0333333333333333,0.0621960744686473
U_33551567,C_697076,2.0,辽宁对外经贸学院,2020-11-20 07:48:11,4,E,781,121,0.0416666666666666,0.0,0.0715596330275229,0.0715596330275229,0.0230547550432276,0.0204545454545454,0.0639982366431661
U_4516942,C_735197,0.0,华南理工大学,2020-10-22 16:40:57,4,E,211,141,0.0416666666666666,0.0,0.0495412844036697,0.0495412844036697,0.0749279538904899,0.0287878787878787,0.0573402388424085
U_29797004,C_735164,1.0,昆明理工大学,2020-11-10 15:22:18,0,A,476,138,0.0138888888888888,0.0,0.0091743119266055,0.0091743119266055,0.0144092219020172,0.0068181818181818,0.0630262751622755
U_19804004,C_1714448,0.0,辽宁对外经贸学院,2020-05-02 15:39:21,4,E,781,8,0.0138888888888888,0.0,0.0146788990825688,0.0146788990825688,0.0201729106628242,0.0053030303030303,0.0614824023802344
U_737909,C_735164,0.0,湖北民族学院科技学院,2020-10-25 09:03:01,2,C,628,138,0.1388888888888889,0.0,0.0990825688073394,0.163302752293578,0.0835734870317002,0.0386363636363636,0.0286038196715005
U_33224865,C_697076,1.0,辽宁对外经贸学院,2020-09-27 15:42:56,0,A,781,121,0.1111111111111111,0.0,0.1798165137614679,0.2862385321100917,0.1815561959654178,0.0613636363636363,0.0062833498865253
U_6758788,C_1824911,2.0,重庆三峡医药高等专科学校,2020-06-10 18:11:22,4,E,822,57,0.0416666666666666,0.0,0.073394495412844,0.073394495412844,0.0432276657060518,0.028030303030303,0.0617096455412589
U_12167352,C_948387,0.0,深圳信息职业技术学院,2020-10-28 09:27:58,4,E,610,169,0.0416666666666666,0.0,0.055045871559633,0.055045871559633,0.0605187319884726,0.0159090909090909,0.0625990960535353
U_6855500,C_756642,0.0,贵州医科大学,2020-04-11 18:25:12,1,B,762,149,0.2361111111111111,0.0,0.0165137614678899,0.0293577981651376,0.0259365994236311,0.031060606060606,0.1195453031469263
U_31575289,C_1992917,2.0,辽宁对外经贸学院,2020-08-28 21:46:40,4,E,781,80,0.0277777777777777,0.0,0.0862385321100917,0.0862385321100917,0.0489913544668587,0.0303030303030303,0.0311646151479016
U_6159512,C_735197,0.0,华南理工大学,2020-10-22 15:46:52,4,E,211,141,0.0555555555555555,0.0,0.0477064220183486,0.0477064220183486,0.0403458213256484,0.0265151515151515,0.0519361888710735
U_5245113,C_674920,0.0,辽宁对外经贸学院,2020-07-03 07:07:08,4,E,781,87,0.0416666666666666,0.0,0.0678899082568807,0.0678899082568807,0.0115273775216138,0.0242424242424242,0.0654451178088391
U_13512217,C_837698,1.0,昆明理工大学,2020-06-27 23:57:52,0,A,476,160,0.3611111111111111,0.0,0.2073394495412844,0.2073394495412844,0.3256484149855908,0.2962121212121212,0.0722144046370678
U_30152674,C_756642,0.0,辽宁对外经贸学院,2020-05-24 17:33:17,4,E,781,149,0.0416666666666666,0.0,0.0678899082568807,0.0678899082568807,0.0576368876080691,0.0318181818181818,0.0614820408592747
U_30094879,C_1750793,2.0,昆明理工大学,2020-05-20 21:01:28,0,A,476,17,0.125,0.0,0.036697247706422,0.036697247706422,0.0461095100864553,0.0242424242424242,0.0705230560651966
U_29723527,C_676635,2.0,辽宁对外经贸学院,2020-04-29 13:45:48,4,E,781,89,0.0416666666666666,0.0,0.0091743119266055,0.0091743119266055,0.0144092219020172,0.0037878787878787,0.0606635673112968
U_33345014,C_697076,2.0,辽宁对外经贸学院,2020-10-29 10:10:13,4,E,781,121,0.0416666666666666,0.0,0.0036697247706422,0.0036697247706422,0.0028818443804034,0.0007575757575757,0.0605598306052431
U_31683481,C_682392,0.0,昆明理工大学,2020-09-15 20:20:45,0,A,476,108,0.0416666666666666,0.0,0.073394495412844,0.073394495412844,0.1123919308357348,0.034090909090909,0.0501343436464372
U_30956734,C_735197,1.0,辽宁对外经贸学院,2020-10-12 23:51:36,4,E,781,141,0.0138888888888888,0.0,0.0091743119266055,0.0091743119266055,0.0115273775216138,0.003030303030303,0.0603083209688445
U_33499337,C_2027893,1.0,辽宁对外经贸学院,2020-09-23 14:31:46,4,E,781,84,0.0416666666666666,0.0,0.0110091743119266,0.0110091743119266,0.0115273775216138,0.0045454545454545,0.0614181061251766
U_28978100,C_948436,2.0,辽宁对外经贸学院,2020-05-30 20:24:48,4,E,781,171,0.0416666666666666,0.0,0.0697247706422018,0.0697247706422018,0.0489913544668587,0.0333333333333333,0.0624749507464578
U_32134018,C_697076,2.0,昆明理工大学,2020-09-07 19:30:55,0,A,476,121,0.1111111111111111,0.0,0.1559633027522936,0.2605504587155963,0.2449567723342939,0.059090909090909,0.0600151720416405
U_5503101,C_1017355,0.0,广州中医药大学,2020-05-08 21:03:13,0,A,423,0,0.0972222222222222,0.0,0.0825688073394495,0.0825688073394495,0.1037463976945244,0.0325757575757575,0.067714919725528
U_29489122,C_948488,2.0,华南理工大学,2020-04-21 10:15:44,3,D,211,172,0.1666666666666666,0.0,0.1871559633027523,0.2256880733944954,0.1210374639769452,0.1439393939393939,0.084389766944474
U_29259269,C_1829948,2.0,建南民族初级中学,2020-06-11 18:31:50,4,E,446,61,0.0138888888888888,0.0,0.0073394495412844,0.0073394495412844,0.0057636887608069,0.0015151515151515,0.0762783558390601
U_29478328,C_770766,0.0,辽宁对外经贸学院,2020-04-20 11:01:26,4,E,781,152,0.0694444444444444,0.0,0.036697247706422,0.0825688073394495,0.0,0.0227272727272727,0.0689545750961893
U_18586841,C_1738818,2.0,安徽工业大学,2020-06-15 19:16:32,4,E,344,15,0.0277777777777777,0.0,0.0055045871559633,0.0055045871559633,0.0086455331412103,0.0045454545454545,0.0612784599879111
U_33499422,C_2027893,1.0,辽宁对外经贸学院,2020-09-23 14:32:30,4,E,781,84,0.0416666666666666,0.0,0.0110091743119266,0.0110091743119266,0.0086455331412103,0.003030303030303,0.061455699352639
U_30486633,C_680979,0.0,辽宁对外经贸学院,2020-06-13 10:11:00,4,E,781,100,0.0277777777777777,0.0,0.0036697247706422,0.0036697247706422,0.0028818443804034,0.0007575757575757,0.0612895680908221
U_20888152,C_948395,1.0,西安美术学院,2020-05-29 15:47:53,2,C,727,170,0.125,0.0,0.110091743119266,0.110091743119266,0.1354466858789625,0.0787878787878787,0.0734229840622244
U_2576922,C_680979,1.0,西安交通大学,2020-07-20 10:31:06,4,E,715,100,0.0416666666666666,0.0,0.073394495412844,0.073394495412844,0.0518731988472622,0.0295454545454545,0.061922432816239
U_24864305,C_1829948,2.0,北方民族大学,2020-06-05 12:38:39,3,D,190,61,0.2777777777777778,0.0,0.4770642201834862,0.4770642201834862,0.7435158501440922,0.1954545454545454,0.0736070279447409
U_5798949,C_1824911,2.0,重庆三峡医药高等专科学校,2020-06-12 08:46:39,4,E,822,57,0.0833333333333333,0.0,0.0623853211009174,0.0623853211009174,0.0778097982708933,0.0204545454545454,0.0634437575855497
U_31049749,C_801420,1.0,辽宁对外经贸学院,2020-07-23 15:37:53,4,E,781,155,0.0277777777777777,0.0,0.0128440366972477,0.0128440366972477,0.0086455331412103,0.0022727272727272,0.0616301852152632
U_7374683,C_1824911,2.0,重庆三峡医药高等专科学校,2020-06-10 18:27:12,4,E,822,57,0.1527777777777777,0.0,0.0623853211009174,0.0623853211009174,0.0691642651296829,0.0181818181818181,0.0640719225384911
U_11035408,C_1944729,1.0,辽宁对外经贸学院,2020-09-15 11:22:47,4,E,781,79,0.0138888888888888,0.0,0.0018348623853211,0.0018348623853211,0.0,0.0,0.0606711047756886
U_23433651,C_674920,1.0,来宾高级中学,2020-07-05 21:03:38,4,E,494,87,0.0416666666666666,0.0,0.018348623853211,0.018348623853211,0.0201729106628242,0.0053030303030303,0.0615678748493126
U_33554943,C_697076,0.0,辽宁对外经贸学院,2020-11-20 16:15:40,4,E,781,121,0.0416666666666666,0.0,0.0275229357798165,0.0275229357798165,0.0259365994236311,0.0068181818181818,0.061268203687809
U_30984489,C_936971,1.0,中国医科大学,2020-07-17 18:00:47,2,C,69,162,0.1388888888888889,0.0,0.0623853211009174,0.0623853211009174,0.0835734870317002,0.028030303030303,0.0779581902159834
U_31277117,C_677087,1.0,辽宁对外经贸学院,2020-08-26 16:14:46,4,E,781,92,0.0416666666666666,0.0,0.036697247706422,0.036697247706422,0.0230547550432276,0.006060606060606,0.0497211216678847
U_4460896,C_735197,0.0,华南理工大学,2020-10-20 10:50:40,4,E,211,141,0.0555555555555555,0.0,0.0293577981651376,0.0293577981651376,0.0461095100864553,0.0401515151515151,0.056910746989995
U_16043026,C_801420,1.0,西南科技大学,2020-08-27 14:42:36,4,E,713,155,0.0833333333333333,0.0,0.0513761467889908,0.0513761467889908,0.0144092219020172,0.006060606060606,0.5203138823710427
U_28411090,C_697367,2.0,辽宁对外经贸学院,2020-06-08 09:08:50,4,E,781,127,0.0416666666666666,0.0,0.055045871559633,0.055045871559633,0.0749279538904899,0.0196969696969696,0.0625206658146576
U_29592250,C_735115,1.0,辽宁对外经贸学院,2020-05-09 22:18:36,4,E,781,136,0.0416666666666666,0.0,0.0275229357798165,0.0275229357798165,0.0230547550432276,0.006060606060606,0.0610371125571181
U_3586913,C_773985,1.0,辽宁对外经贸学院,2020-06-25 10:13:19,4,E,781,153,0.0416666666666666,0.0,0.0036697247706422,0.0036697247706422,0.0028818443804034,0.0007575757575757,0.0611581874122095
U_10322910,C_682157,1.0,云南大学,2020-05-10 15:19:49,4,E,106,105,0.0416666666666666,0.0,0.0055045871559633,0.0055045871559633,0.0086455331412103,0.0022727272727272,0.0612650639030361
U_14947991,C_735050,1.0,辽宁对外经贸学院,2020-12-05 12:10:49,4,E,781,135,0.0416666666666666,0.0,0.0477064220183486,0.0477064220183486,0.0547550432276657,0.0143939393939393,0.0627606463990826
U_32843481,C_735164,1.0,昆明理工大学,2020-09-15 19:51:26,0,A,476,138,0.0138888888888888,0.0,0.055045871559633,0.0605504587155963,0.0864553314121037,0.0401515151515151,0.0673695830192438
U_12696193,C_948387,2.0,深圳信息职业技术学院,2020-09-10 18:22:38,1,B,610,169,0.2083333333333333,0.0,0.0458715596330275,0.0458715596330275,0.0576368876080691,0.0151515151515151,0.1123997968082432
U_31091509,C_747056,0.0,华南理工大学,2020-07-29 10:51:28,3,D,211,147,0.1944444444444444,0.0,0.4587155963302752,0.4587155963302752,0.1786743515850144,0.0469696969696969,0.0919280039015497
U_31179932,C_1774985,1.0,辽宁对外经贸学院,2020-09-15 17:56:55,4,E,781,46,0.0277777777777777,0.0,0.0018348623853211,0.0018348623853211,0.0028818443804034,0.0015151515151515,0.0067584721313997
U_18123707,C_697107,2.0,辽宁对外经贸学院,2020-05-14 21:51:04,4,E,781,122,0.0416666666666666,0.0,0.0697247706422018,0.0697247706422018,0.0461095100864553,0.0325757575757575,0.0625592495105025
U_16145931,C_786631,1.0,昆明理工大学,2020-04-04 14:23:14,0,A,476,154,0.0277777777777777,0.0,0.1926605504587156,0.2770642201834862,0.2103746397694524,0.0568181818181818,0.0697601428411417
U_5934890,C_1992929,0.0,北京体育大学,2020-11-15 00:06:45,4,E,159,81,0.0416666666666666,0.0,0.0935779816513761,0.0935779816513761,0.1412103746397694,0.0371212121212121,0.0640040705019397
U_4777458,C_735164,0.0,河南理工大学,2020-11-23 11:02:53,0,A,576,138,0.0972222222222222,0.0,0.1431192660550458,0.2605504587155963,0.1671469740634005,0.0401515151515151,0.0645741940076595
U_14028918,C_1829948,0.0,北方民族大学,2020-06-18 17:17:25,4,E,190,61,0.4722222222222222,0.0,0.1614678899082569,0.1614678899082569,0.1815561959654178,0.0477272727272727,0.0691356228118484
U_23222065,C_948395,2.0,华南理工大学,2020-02-22 22:33:16,3,D,211,170,0.0555555555555555,0.0,0.1724770642201835,0.218348623853211,0.0951008645533141,0.1401515151515151,0.0829187034932394
U_29840327,C_756642,2.0,辽宁对外经贸学院,2020-05-08 11:14:54,4,E,781,149,0.0416666666666666,0.0,0.0091743119266055,0.0091743119266055,0.0115273775216138,0.0037878787878787,0.0615416076278055
U_23147531,C_1864065,0.0,辽宁对外经贸学院,2020-06-21 13:05:38,4,E,781,67,0.0138888888888888,0.0,0.0146788990825688,0.0146788990825688,0.0144092219020172,0.0075757575757575,0.0610983829312669
U_5200074,C_674920,2.0,西昌民族幼儿师范高等专科学校,2020-06-04 09:14:52,4,E,751,87,0.0416666666666666,0.0,0.0788990825688073,0.0788990825688073,0.0432276657060518,0.0174242424242424,0.0618356232148443
U_30598818,C_801420,0.0,辽宁对外经贸学院,2020-08-28 08:47:30,4,E,781,155,0.0277777777777777,0.0,0.0073394495412844,0.0073394495412844,0.0,0.0,0.061505960670715
U_5314349,C_1750793,0.0,内蒙古农业大学职业技术学院,2020-05-21 10:09:21,0,A,142,17,0.125,0.0,0.036697247706422,0.036697247706422,0.0432276657060518,0.0227272727272727,0.0705724655804636
U_646457,C_735164,0.0,昆明理工大学,2020-09-18 16:02:40,0,A,476,138,0.1111111111111111,0.0,0.1944954128440367,0.2954128440366972,0.2334293948126801,0.078030303030303,0.0630855299332657
U_30636369,C_1829948,0.0,辽宁对外经贸学院,2020-06-21 15:31:59,4,E,781,61,0.0416666666666666,0.0,0.0330275229357798,0.0330275229357798,0.0230547550432276,0.006060606060606,0.0620891930254788
U_12101485,C_735283,2.0,河南大学,2020-07-04 10:56:13,4,E,568,143,0.0416666666666666,0.0,0.0055045871559633,0.0055045871559633,0.0057636887608069,0.0015151515151515,0.0612951840465516
U_236644,C_756642,2.0,广州中医药大学,2020-05-11 16:27:24,1,B,423,149,0.0138888888888888,0.0,0.0091743119266055,0.0091743119266055,0.0144092219020172,0.0053030303030303,0.1147276451244956
U_30594250,C_1829948,0.0,中国医科大学,2020-06-18 09:30:06,2,C,69,61,0.3055555555555555,0.0,0.4770642201834862,0.4770642201834862,0.2680115273775216,0.0704545454545454,0.077742798009157
U_4661659,C_682392,0.0,陕西工业职业技术学院,2019-10-31 12:09:35,0,A,876,108,0.0694444444444444,0.0,0.1834862385321101,0.2770642201834862,0.2190201729106628,0.0537878787878787,0.0645854209667765
U_20906360,C_801420,2.0,南京邮电大学,2020-09-08 15:39:52,4,E,228,155,0.0138888888888888,0.0,0.0018348623853211,0.0018348623853211,0.0028818443804034,0.0007575757575757,0.0606177779579683
U_16673030,C_801420,1.0,辽宁对外经贸学院,2020-08-18 06:56:20,4,E,781,155,0.0277777777777777,0.0,0.0036697247706422,0.0036697247706422,0.0,0.0,0.0613551222407258
U_11246133,C_1992929,1.0,北京体育大学,2020-10-03 12:55:52,0,A,159,81,0.0138888888888888,0.0,0.1669724770642202,0.1669724770642202,0.2622478386167147,0.0689393939393939,0.0659263319201931
U_26657782,C_747056,1.0,辽宁对外经贸学院,2020-04-16 10:48:35,4,E,781,147,0.0416666666666666,0.0,0.0715596330275229,0.0715596330275229,0.0547550432276657,0.0333333333333333,0.0628961573308507
U_18238052,C_1714448,0.0,南京邮电大学通达学院,2020-05-07 16:27:42,4,E,229,8,0.0416666666666666,0.0,0.0055045871559633,0.0055045871559633,0.0086455331412103,0.0022727272727272,0.0597036746876484
U_24160060,C_948120,2.0,中国农业大学,2020-09-30 20:38:46,0,A,67,167,0.1111111111111111,0.0,0.1211009174311926,0.1211009174311926,0.1498559077809798,0.0454545454545454,0.0344770550448128
U_30266203,C_674920,0.0,辽宁对外经贸学院,2020-05-29 09:40:34,4,E,781,87,0.0555555555555555,0.0,0.2201834862385321,0.2201834862385321,0.3458213256484149,0.0931818181818181,0.0654472225541522
U_6350054,C_1017355,1.0,广州中医药大学针灸康复临床医学院,2020-05-05 13:20:14,0,A,424,0,0.125,0.0,0.073394495412844,0.073394495412844,0.100864553314121,0.0318181818181818,0.0694672514357172
U_29779088,C_948136,1.0,辽宁对外经贸学院,2020-05-05 09:22:57,4,E,781,168,0.0416666666666666,0.0,0.018348623853211,0.018348623853211,0.0230547550432276,0.006060606060606,0.0616907325474928
U_29799549,C_766175,2.0,华南理工大学,2020-05-13 19:31:30,3,D,211,151,0.0416666666666666,0.0,0.0715596330275229,0.0715596330275229,0.0893371757925072,0.0234848484848484,0.084184779608007
U_28305581,C_1864063,1.0,辽宁对外经贸学院,2020-06-29 22:03:26,4,E,781,66,0.0416666666666666,0.0,0.0073394495412844,0.0073394495412844,0.0028818443804034,0.0015151515151515,0.0617522059676601
U_29683250,C_758928,1.0,辽宁对外经贸学院,2020-06-17 17:02:02,4,E,781,150,0.0555555555555555,0.0,0.0642201834862385,0.0642201834862385,0.0259365994236311,0.0068181818181818,0.0632758385283023
U_29655529,C_1714448,2.0,辽宁对外经贸学院,2020-04-26 09:46:53,4,E,781,8,0.0416666666666666,0.0,0.0697247706422018,0.0697247706422018,0.063400576368876,0.0333333333333333,0.0622642830738164
U_30246076,C_674920,0.0,辽宁对外经贸学院,2020-05-28 07:22:51,4,E,781,87,0.0555555555555555,0.0,0.2201834862385321,0.2201834862385321,0.3458213256484149,0.0931818181818181,0.0654472225541522
U_4739506,C_735197,0.0,华南理工大学,2020-09-14 14:34:05,4,E,211,141,0.0416666666666666,0.0,0.0256880733944954,0.0256880733944954,0.031700288184438,0.0083333333333333,0.0373273839289148
U_5152607,C_735197,2.0,华南理工大学,2020-09-15 13:06:50,4,E,211,141,0.0416666666666666,0.0,0.0678899082568807,0.0678899082568807,0.0489913544668587,0.031060606060606,0.0627435311054309
U_3927570,C_770766,2.0,湖北大学,2020-05-19 15:54:33,4,E,621,152,0.0416666666666666,0.0,0.0678899082568807,0.0678899082568807,0.0518731988472622,0.031060606060606,0.0629542730632009
U_26605664,C_1829948,0.0,北方民族大学,2020-06-16 15:54:11,4,E,190,61,0.0138888888888888,0.0,0.0073394495412844,0.0073394495412844,0.0057636887608069,0.0015151515151515,0.0605090740529758
U_23507567,C_948436,1.0,辽宁对外经贸学院,2020-06-04 17:25:08,4,E,781,171,0.0416666666666666,0.0,0.0715596330275229,0.0715596330275229,0.0547550432276657,0.0348484848484848,0.0621947125746212
U_14089144,C_735283,1.0,辽宁对外经贸学院,2020-07-02 18:47:27,4,E,781,143,0.0416666666666666,0.0,0.0055045871559633,0.0055045871559633,0.0057636887608069,0.0015151515151515,0.0607738411086758
U_33175792,C_1912004,0.0,辽宁对外经贸学院,2020-09-23 17:41:13,4,E,781,74,0.0416666666666666,0.0,0.0348623853211009,0.0348623853211009,0.0288184438040345,0.0075757575757575,0.0627650143646499
U_12036845,C_948109,2.0,西京学院,2020-09-11 21:13:15,2,C,701,165,0.0277777777777777,0.0,0.0018348623853211,0.0018348623853211,0.0,0.0,0.0763917000884252
U_33224319,C_697076,2.0,辽宁对外经贸学院,2020-11-16 10:24:32,2,C,781,121,0.1666666666666666,0.0,0.146788990825688,0.146788990825688,0.1613832853025936,0.0742424242424242,0.0802434186777316
U_9069722,C_735164,1.0,昆明理工大学,2020-11-28 14:43:20,0,A,476,138,0.125,0.0,0.2862385321100917,0.2990825688073394,0.446685878962536,0.1628787878787878,0.069516155812109
U_33454827,C_697076,0.0,辽宁对外经贸学院,2020-10-07 10:13:51,4,E,781,121,0.0416666666666666,0.0,0.0844036697247706,0.0844036697247706,0.0720461095100864,0.0325757575757575,0.0610506126411732
U_28300055,C_735306,2.0,邻水县石永中学,2020-10-14 18:55:36,4,E,805,144,0.0972222222222222,0.0,0.055045871559633,0.0642201834862385,0.0806916426512968,0.1401515151515151,0.0720880060144198
U_28268570,C_674959,0.0,北京邮电大学,2020-06-07 09:03:54,4,E,184,88,0.0277777777777777,0.0,0.0018348623853211,0.0018348623853211,0.0028818443804034,0.0007575757575757,0.0612276638169084
U_5314180,C_1750793,0.0,内蒙古农业大学职业技术学院,2020-05-20 21:22:01,0,A,142,17,0.1111111111111111,0.0,0.036697247706422,0.036697247706422,0.0374639769452449,0.0196969696969696,0.0705153452688379
U_20926223,C_707079,1.0,中国农业大学,2020-04-29 08:44:38,4,E,67,132,0.0416666666666666,0.0,0.0697247706422018,0.0697247706422018,0.0605187319884726,0.0348484848484848,0.0625775682232391
U_14799281,C_1992929,2.0,昆明理工大学,2020-12-03 14:59:20,0,A,476,81,0.1111111111111111,0.0,0.1669724770642202,0.1669724770642202,0.2622478386167147,0.0689393939393939,0.066325654105672
U_9748184,C_756642,2.0,山西中医药大学,2020-05-07 20:37:25,4,E,378,149,0.0416666666666666,0.0,0.0605504587155963,0.0605504587155963,0.0547550432276657,0.0303030303030303,0.0606968074302175
U_5832638,C_697766,0.0,昆明理工大学,2020-07-14 13:38:44,0,A,476,128,0.0972222222222222,0.0,0.1045871559633027,0.1045871559633027,0.1556195965417867,0.0424242424242424,0.0683997048035618
U_16037072,C_801420,1.0,辽宁对外经贸学院,2020-08-17 13:05:07,4,E,781,155,0.0277777777777777,0.0,0.0055045871559633,0.0055045871559633,0.0028818443804034,0.0007575757575757,0.0376043389621879
U_12641692,C_676635,2.0,辽宁对外经贸学院,2020-02-28 23:07:33,4,E,781,89,0.0138888888888888,0.0,0.0623853211009174,0.0623853211009174,0.0403458213256484,0.0287878787878787,0.0622287797346414
U_11065044,C_676646,2.0,天津商业大学,2020-08-11 08:52:12,4,E,316,90,0.0416666666666666,0.0,0.0660550458715596,0.0660550458715596,0.0547550432276657,0.0325757575757575,0.0631691403217846
U_33244263,C_697076,1.0,辽宁对外经贸学院,2020-10-06 10:21:45,4,E,781,121,0.0416666666666666,0.0,0.018348623853211,0.018348623853211,0.0288184438040345,0.009090909090909,0.0608499239374867
U_10661592,C_747056,2.0,山西大学,2020-06-13 11:33:46,4,E,381,147,0.0555555555555555,0.0,0.1743119266055046,0.1743119266055046,0.1412103746397694,0.0386363636363636,0.0655830058647255
U_33895667,C_697076,1.0,辽宁对外经贸学院,2020-11-29 12:38:44,4,E,781,121,0.0416666666666666,0.0,0.018348623853211,0.018348623853211,0.0230547550432276,0.0075757575757575,0.0609179493060051
U_6904235,C_756642,2.0,玉林市第一人民医院,2020-05-11 21:09:16,4,E,658,149,0.0138888888888888,0.0,0.0623853211009174,0.0623853211009174,0.0489913544668587,0.031060606060606,0.0614968483615949
U_966345,C_735164,0.0,昆明理工大学,2020-10-12 13:47:56,0,A,476,138,0.0972222222222222,0.0,0.1706422018348624,0.2605504587155963,0.1844380403458213,0.0537878787878787,0.0176145324460514
U_30039936,C_948436,0.0,辽宁对外经贸学院,2020-06-23 12:34:09,4,E,781,171,0.0416666666666666,0.0,0.0422018348623853,0.0422018348623853,0.0461095100864553,0.0022727272727272,0.0624055288175199
U_15304524,C_837698,0.0,西安思源学院,2020-06-16 22:18:35,4,E,721,160,0.0416666666666666,0.0,0.0073394495412844,0.0073394495412844,0.0057636887608069,0.0045454545454545,0.0613510811297247
U_30937143,C_735115,0.0,辽宁对外经贸学院,2020-07-27 05:58:19,4,E,781,136,0.0416666666666666,0.0,0.0018348623853211,0.0018348623853211,0.0028818443804034,0.0007575757575757,0.0602193026229565
U_3632719,C_1755941,2.0,浙江旅游职业学院,2020-11-16 07:50:39,4,E,601,24,0.0416666666666666,0.0,0.0036697247706422,0.0036697247706422,0.0057636887608069,0.0015151515151515,0.0612483497490794
U_33825498,C_735164,1.0,昆明理工大学,2020-11-03 21:11:29,0,A,476,138,0.1111111111111111,0.0,0.1908256880733945,0.273394495412844,0.2219020172910662,0.0643939393939393,0.0671127347582628
U_9866142,C_682157,0.0,安徽工程大学,2020-05-17 08:45:52,4,E,346,105,0.0416666666666666,0.0,0.0055045871559633,0.0055045871559633,0.0086455331412103,0.0022727272727272,0.0612689663484636
U_30342478,C_735283,2.0,辽宁对外经贸学院,2020-07-24 09:39:49,4,E,781,143,0.0277777777777777,0.0,0.0018348623853211,0.0018348623853211,0.0028818443804034,0.0007575757575757,0.0616844381209212
U_16199841,C_735164,1.0,昆明理工大学,2020-10-20 11:24:39,0,A,476,138,0.0138888888888888,0.0,0.1981651376146789,0.2752293577981651,0.2190201729106628,0.0575757575757575,0.0236411893680039
U_13068737,C_1829948,0.0,北方民族大学,2020-06-17 12:01:04,4,E,190,61,0.0416666666666666,0.0,0.0073394495412844,0.0073394495412844,0.0086455331412103,0.0022727272727272,0.0610896222384227
U_30908542,C_697766,0.0,昆明理工大学,2020-07-13 21:55:14,0,A,476,128,0.0972222222222222,0.0,0.1045871559633027,0.1045871559633027,0.1527377521613832,0.0416666666666666,0.068433717487821
U_12612079,C_682392,2.0,陕西工业职业技术学院,2020-11-26 08:56:33,4,E,876,108,0.0277777777777777,0.0,0.055045871559633,0.055045871559633,0.0,0.0075757575757575,0.0672313928705006
U_24632903,C_676646,2.0,天津财经大学,2020-06-10 08:32:17,4,E,327,90,0.0416666666666666,0.0,0.0091743119266055,0.0091743119266055,0.0057636887608069,0.0015151515151515,0.0613879661722935
U_32612158,C_735164,2.0,昆明理工大学,2020-11-28 14:07:38,0,A,476,138,0.125,0.0,0.2862385321100917,0.3027522935779816,0.440922190201729,0.1590909090909091,0.0697133531147467
U_11064850,C_676646,2.0,天津商业大学,2020-08-11 00:43:16,4,E,316,90,0.0416666666666666,0.0,0.0770642201834862,0.0770642201834862,0.0605187319884726,0.0325757575757575,0.0608423765684112
U_16060160,C_758928,1.0,山西经贸职业学院,2020-06-12 19:06:35,4,E,387,150,0.0416666666666666,0.0,0.0660550458715596,0.0660550458715596,0.0576368876080691,0.0333333333333333,0.0634941971879347
U_5245093,C_674920,2.0,西昌民族幼儿师范高等专科学校,2020-06-29 10:25:43,4,E,751,87,0.0694444444444444,0.0,0.018348623853211,0.018348623853211,0.0288184438040345,0.0075757575757575,0.0613853018123443
U_12604577,C_682392,2.0,昆明理工大学,2020-09-01 10:28:06,0,A,476,108,0.0138888888888888,0.0,0.018348623853211,0.018348623853211,0.0201729106628242,0.0053030303030303,0.0519839641135092
U_15990961,C_1017355,0.0,广州中医药大学,2020-03-07 22:05:55,2,C,423,0,0.1388888888888889,0.0,0.2018348623853211,0.2018348623853211,0.1671469740634005,0.0613636363636363,0.0797392256999009
U_10682787,C_1017355,2.0,广州中医药大学,2020-04-20 08:36:50,0,A,423,0,0.1111111111111111,0.0,0.1981651376146789,0.273394495412844,0.2247838616714697,0.0742424242424242,0.0692887789378529
U_27205935,C_948395,1.0,西安美术学院,2020-03-12 20:01:25,1,B,727,170,0.0277777777777777,0.0,0.0330275229357798,0.0440366972477064,0.0518731988472622,0.0196969696969696,0.1128322848275142
U_33224831,C_697076,1.0,辽宁对外经贸学院,2020-09-24 14:09:54,0,A,781,121,0.125,0.0,0.1853211009174312,0.273394495412844,0.2219020172910662,0.0696969696969697,0.0681750863837513
U_1779536,C_1944726,1.0,辽宁对外经贸学院,2020-09-28 18:10:57,4,E,781,78,0.0416666666666666,0.0,0.0055045871559633,0.0091743119266055,0.0086455331412103,0.0022727272727272,0.0601724088973814
U_33329963,C_697076,2.0,辽宁对外经贸学院,2020-11-30 13:50:16,4,E,781,121,0.0416666666666666,0.0,0.018348623853211,0.018348623853211,0.0288184438040345,0.009090909090909,0.0608499239374867
U_14847923,C_758928,0.0,辽宁对外经贸学院,2020-07-20 14:16:30,4,E,781,150,0.0416666666666666,0.0,0.0110091743119266,0.0110091743119266,0.0144092219020172,0.0037878787878787,0.0614423379341574
U_28492916,C_801420,0.0,辽宁对外经贸学院,2020-07-17 20:25:26,4,E,781,155,0.0416666666666666,0.0,0.0110091743119266,0.0110091743119266,0.0028818443804034,0.0007575757575757,0.0605953636584696
U_29969275,C_674959,1.0,中国医科大学,2020-05-14 00:26:34,2,C,69,88,0.1388888888888889,0.0,0.0862385321100917,0.0862385321100917,0.0951008645533141,0.0303030303030303,0.0768011250514069
U_29798583,C_766175,0.0,昆明理工大学,2020-05-06 16:02:30,0,A,476,151,0.0972222222222222,0.0,0.1119266055045871,0.1119266055045871,0.0951008645533141,0.025,0.0665377480527843
U_33648280,C_735164,1.0,昆明理工大学,2020-10-07 20:05:14,0,A,476,138,0.1111111111111111,0.0,0.1981651376146789,0.2807339449541284,0.2478386167146974,0.0659090909090909,0.0645095907074032
U_30932273,C_1724289,0.0,昆明理工大学,2020-07-11 12:57:06,0,A,476,10,0.0833333333333333,0.0,0.0110091743119266,0.0128440366972477,0.0144092219020172,0.0128787878787878,0.0669381250870907
U_14134029,C_1750795,1.0,湖北中医药大学,2020-06-02 18:29:29,4,E,619,18,0.0416666666666666,0.0,0.0165137614678899,0.0165137614678899,0.0201729106628242,0.0106060606060606,0.0615109674883892
U_6766259,C_1824911,2.0,重庆三峡医药高等专科学校,2020-06-02 10:22:17,4,E,822,57,0.0555555555555555,0.0,0.055045871559633,0.055045871559633,0.0662824207492795,0.0371212121212121,0.0668026240600064
U_4152303,C_735164,0.0,昆明理工大学,2020-11-30 20:58:37,4,E,476,138,0.0416666666666666,0.0,0.055045871559633,0.0605504587155963,0.0864553314121037,0.0401515151515151,0.0622350097807681
U_19974662,C_948120,1.0,辽宁对外经贸学院,2020-10-03 09:15:12,4,E,781,167,0.0416666666666666,0.0,0.0330275229357798,0.0330275229357798,0.0489913544668587,0.0136363636363636,0.0107127745509097
U_30164659,C_735164,1.0,昆明理工大学,2020-09-21 22:35:05,0,A,476,138,0.0138888888888888,0.0,0.0091743119266055,0.0128440366972477,0.0086455331412103,0.0037878787878787,0.0631494002869189
U_33329170,C_697076,2.0,辽宁对外经贸学院,2020-11-19 12:15:25,4,E,781,121,0.0277777777777777,0.0,0.0091743119266055,0.0091743119266055,0.0144092219020172,0.0045454545454545,0.0610961890437994
U_12107309,C_948488,1.0,合肥工业大学,2020-06-12 18:54:16,3,D,248,172,0.1666666666666666,0.0,0.1834862385321101,0.1834862385321101,0.1527377521613832,0.0401515151515151,0.0813216574160773
U_15291642,C_1750793,2.0,昆明理工大学,2020-06-11 20:33:47,0,A,476,17,0.0694444444444444,0.0,0.036697247706422,0.036697247706422,0.0547550432276657,0.0287878787878787,0.0698810740783177
U_33841954,C_735164,1.0,昆明理工大学,2020-11-23 10:41:27,0,A,476,138,0.125,0.0,0.2862385321100917,0.2880733944954128,0.4495677233429394,0.1636363636363636,0.0691268423096365
U_30599621,C_1829948,0.0,辽宁对外经贸学院,2020-06-18 14:24:25,4,E,781,61,0.0138888888888888,0.0,0.0073394495412844,0.0073394495412844,0.0028818443804034,0.0007575757575757,0.0606568271739531
U_6870633,C_1682756,2.0,清华大学,2020-04-22 08:16:59,4,E,612,6,0.0416666666666666,0.0,0.0697247706422018,0.0697247706422018,0.0691642651296829,0.0416666666666666,0.0687034616471437
U_29479600,C_735283,1.0,辽宁对外经贸学院,2020-04-20 12:13:45,4,E,781,143,0.0416666666666666,0.0,0.0678899082568807,0.0678899082568807,0.0489913544668587,0.034090909090909,0.0628921855526364
U_34581919,C_1912004,1.0,辽宁对外经贸学院,2020-11-09 02:15:38,4,E,781,74,0.0277777777777777,0.0,0.0055045871559633,0.0055045871559633,0.0086455331412103,0.0022727272727272,0.0617963660004992
U_28972563,C_697076,2.0,辽宁对外经贸学院,2020-11-28 19:10:57,4,E,781,121,0.0416666666666666,0.0,0.018348623853211,0.018348623853211,0.0144092219020172,0.0037878787878787,0.0610271484451889
U_18624788,C_735385,0.0,青海大学,2020-05-07 10:41:51,4,E,891,146,0.0416666666666666,0.0,0.0458715596330275,0.0458715596330275,0.0489913544668587,0.0128787878787878,0.0623029856258673
U_31066464,C_682392,0.0,昆明理工大学,2020-08-18 15:55:02,0,A,476,108,0.1527777777777777,0.0,0.4495412844036697,0.4495412844036697,0.6743515850144092,0.2333333333333333,0.0633651738240727
U_30931896,C_735197,2.0,辽宁对外经贸学院,2020-11-07 19:19:37,4,E,781,141,0.0416666666666666,0.0,0.0091743119266055,0.0091743119266055,0.0086455331412103,0.0022727272727272,0.0611911650570089
U_33383560,C_697076,1.0,辽宁对外贸易学院,2020-11-13 10:16:34,4,E,783,121,0.0416666666666666,0.0,0.0018348623853211,0.0018348623853211,0.0,0.0,0.0613156817897299
U_29755241,C_735115,1.0,昆明理工大学,2020-05-04 00:08:00,0,A,476,136,0.1388888888888889,0.0,0.5192660550458716,0.5192660550458716,0.8126801152737751,0.2803030303030303,0.0711962080920765
U_16475682,C_756642,2.0,辽宁对外经贸学院,2020-05-07 21:05:14,4,E,781,149,0.0277777777777777,0.0,0.0091743119266055,0.0091743119266055,0.0086455331412103,0.0022727272727272,0.0604636115542135
U_33329219,C_697076,0.0,辽宁对外经贸学院,2020-12-02 14:29:53,4,E,781,121,0.0416666666666666,0.0,0.0201834862385321,0.0201834862385321,0.0201729106628242,0.0068181818181818,0.0610273861576008
U_25264226,C_948395,2.0,西安美术学院,2020-05-25 14:11:20,0,A,727,170,0.1111111111111111,0.0,0.110091743119266,0.110091743119266,0.170028818443804,0.0969696969696969,0.0677736842146689
U_30353732,C_1829948,1.0,辽宁对外经贸学院,2020-06-04 15:50:38,4,E,781,61,0.0416666666666666,0.0,0.0422018348623853,0.0422018348623853,0.0432276657060518,0.0113636363636363,0.0639049592832329
U_8205119,C_735197,1.0,华南理工大学,2020-09-27 15:45:33,3,D,211,141,0.0833333333333333,0.0,0.1706422018348624,0.2348623853211009,0.0835734870317002,0.1522727272727272,0.0838010919659477
U_28535523,C_697062,1.0,辽宁对外经贸学院,2020-05-02 20:01:33,4,E,781,120,0.0416666666666666,0.0,0.0055045871559633,0.0055045871559633,0.0086455331412103,0.0022727272727272,0.0607063505930841
U_30453166,C_747056,2.0,辽宁对外经贸学院,2020-06-11 13:24:17,4,E,781,147,0.0416666666666666,0.0,0.0715596330275229,0.0715596330275229,0.0576368876080691,0.031060606060606,0.0629981706219186
U_31258698,C_676635,2.0,广州中医药大学,2020-08-20 08:11:19,1,B,423,89,0.0277777777777777,0.0,0.0642201834862385,0.0642201834862385,0.0951008645533141,0.025,0.009158749086433
U_32875546,C_735164,1.0,中国医科大学,2020-09-16 23:31:08,2,C,69,138,0.1388888888888889,0.0,0.2128440366972477,0.2128440366972477,0.1786743515850144,0.0553030303030303,0.0716621491809705
U_33329297,C_697076,2.0,辽宁对外经贸学院,2020-11-19 11:00:46,4,E,781,121,0.0277777777777777,0.0,0.0990825688073394,0.0990825688073394,0.0374639769452449,0.0303030303030303,0.0609312413916998
U_18511457,C_948113,2.0,西安思源学院,2020-04-12 20:45:10,3,D,721,166,0.0138888888888888,0.0,0.1688073394495413,0.2422018348623853,0.1066282420749279,0.1227272727272727,0.0804555126248439
U_33542965,C_697076,1.0,辽宁对外经贸学院,2020-12-01 15:21:19,4,E,781,121,0.0555555555555555,0.0,0.1834862385321101,0.1834862385321101,0.2881844380403458,0.0931818181818181,0.0645015282947686
U_30047018,C_680895,0.0,辽宁对外经贸学院,2020-05-19 08:07:14,4,E,781,98,0.0416666666666666,0.0,0.0697247706422018,0.0697247706422018,0.0576368876080691,0.031060606060606,0.0612308432204166
U_29934501,C_697062,1.0,辽宁对外经贸学院,2020-05-12 08:34:13,4,E,781,120,0.0416666666666666,0.0,0.0935779816513761,0.0935779816513761,0.100864553314121,0.0265151515151515,0.0632381611110274
U_18431679,C_786631,1.0,北华航天工业学院,2020-04-23 13:05:45,0,A,186,154,0.0277777777777777,0.0,0.1596330275229358,0.2605504587155963,0.2219020172910662,0.0893939393939394,0.0655935840670519
U_3766539,C_1755895,0.0,清华大学,2020-05-14 18:18:44,4,E,612,20,0.0416666666666666,0.0,0.0128440366972477,0.0128440366972477,0.0144092219020172,0.0037878787878787,0.061433245434405
U_30038005,C_735050,1.0,华南理工大学,2020-05-18 14:49:26,3,D,211,135,0.1666666666666666,0.0,0.2293577981651376,0.2293577981651376,0.1988472622478386,0.0522727272727272,0.0845574532416516
U_5153542,C_735197,0.0,华南理工大学,2020-09-15 13:05:05,4,E,211,141,0.0416666666666666,0.0,0.0660550458715596,0.0660550458715596,0.0489913544668587,0.0287878787878787,0.0629016247163228
U_11903371,C_707358,1.0,深圳职业技术学院,2020-06-07 21:08:49,1,B,611,134,0.1805555555555555,0.0,0.1798165137614679,0.2513761467889908,0.2478386167146974,0.0651515151515151,0.1088604273757379
U_12923247,C_1829948,0.0,北方民族大学,2020-06-21 02:17:27,1,B,190,61,0.2638888888888889,0.0,0.4770642201834862,0.4770642201834862,0.3515850144092218,0.0924242424242424,0.1026390676567745
U_31066593,C_682392,0.0,昆明理工大学,2020-09-15 19:10:37,0,A,476,108,0.1111111111111111,0.0,0.4495412844036697,0.4495412844036697,0.6887608069164265,0.2401515151515151,0.0627838926920226
U_15849760,C_948136,1.0,清华大学,2020-06-16 14:12:28,4,E,612,168,0.0416666666666666,0.0,0.0623853211009174,0.0623853211009174,0.0893371757925072,0.0234848484848484,0.062510330277085
U_4439106,C_707013,1.0,清华大学,2020-11-25 15:23:47,4,E,612,129,0.0277777777777777,0.0,0.0036697247706422,0.0036697247706422,0.0028818443804034,0.0007575757575757,0.0612745624948254
U_15085586,C_801420,2.0,辽宁对外经贸学院,2020-08-19 19:51:42,4,E,781,155,0.0277777777777777,0.0,0.0036697247706422,0.0036697247706422,0.0,0.0,0.0312170173481555
U_31087763,C_682392,0.0,中国医科大学,2020-07-30 14:34:06,2,C,69,108,0.1527777777777777,0.0,0.4495412844036697,0.4495412844036697,0.5360230547550432,0.1863636363636363,0.0703417161613646
U_17665758,C_1829948,1.0,北方民族大学,2020-06-11 20:33:27,4,E,190,61,0.0138888888888888,0.0,0.0073394495412844,0.0073394495412844,0.0057636887608069,0.0015151515151515,0.0605090740529758
U_16738933,C_1736024,2.0,广州中医药大学,2020-05-12 15:54:50,4,E,423,14,0.0416666666666666,0.0,0.0091743119266055,0.0146788990825688,0.0144092219020172,0.006060606060606,0.0614638855738213
U_6777679,C_735197,0.0,辽宁对外经贸学院,2020-11-07 00:41:39,4,E,781,141,0.0416666666666666,0.0,0.128440366972477,0.128440366972477,0.0720461095100864,0.0189393939393939,0.0653452488818196
U_34431420,C_697076,2.0,辽宁对外经贸学院,2020-10-22 10:11:12,4,E,781,121,0.0416666666666666,0.0,0.091743119266055,0.091743119266055,0.0489913544668587,0.0287878787878787,0.0652735191615502
U_31059898,C_674959,1.0,辽宁对外经贸学院,2020-08-19 10:02:11,4,E,781,88,0.0416666666666666,0.0,0.0128440366972477,0.0128440366972477,0.0115273775216138,0.0037878787878787,0.0618716217882106
U_33819819,C_697076,1.0,华南理工大学,2020-09-27 09:18:03,3,D,211,121,0.1527777777777777,0.0,0.0642201834862385,0.0642201834862385,0.0345821325648414,0.009090909090909,0.0800977207786482
U_5856893,C_756642,0.0,大连医科大学,2020-06-17 17:03:07,4,E,304,149,0.0138888888888888,0.0,0.0605504587155963,0.0605504587155963,0.0518731988472622,0.0295454545454545,0.0607313698244291
U_30436357,C_735385,1.0,辽宁对外经贸学院,2020-06-10 15:02:11,4,E,781,146,0.0277777777777777,0.0,0.0091743119266055,0.0091743119266055,0.0057636887608069,0.0015151515151515,0.0614233754169722
U_29462365,C_786631,1.0,中国医科大学,2020-04-18 23:54:26,2,C,69,154,0.0138888888888888,0.0,0.1798165137614679,0.1798165137614679,0.1527377521613832,0.0651515151515151,0.0740149028247038
U_26625203,C_676635,1.0,辽宁对外经贸学院,2020-07-12 13:41:23,4,E,781,89,0.0416666666666666,0.0,0.0091743119266055,0.0091743119266055,0.0028818443804034,0.0007575757575757,0.0619001324206043
U_10167679,C_1918363,2.0,辽宁对外经贸学院,2020-08-13 15:39:04,4,E,781,76,0.0138888888888888,0.0,0.0623853211009174,0.0623853211009174,0.0547550432276657,0.028030303030303,0.042234680924722
U_31164482,C_697144,0.0,辽宁对外经贸学院,2020-08-10 10:52:11,4,E,781,123,0.0416666666666666,0.0,0.036697247706422,0.036697247706422,0.0461095100864553,0.0136363636363636,0.0614906777435712
U_26653589,C_747056,1.0,华南理工大学,2020-04-16 10:50:57,3,D,211,147,0.1805555555555555,0.0,0.1779816513761468,0.2752293577981651,0.0835734870317002,0.153030303030303,0.0810675329431486
U_32563891,C_735164,0.0,昆明理工大学,2020-11-26 21:01:56,0,A,476,138,0.1111111111111111,0.0,0.1798165137614679,0.2715596330275229,0.2219020172910662,0.0621212121212121,0.0635086679310047
U_18580057,C_1776290,1.0,河北农业大学,2020-05-30 17:05:23,0,A,545,48,0.0972222222222222,0.0,0.2110091743119266,0.2642201834862385,0.2074927953890489,0.0803030303030303,0.073330801169854
U_15147434,C_680814,1.0,辽宁对外经贸学院,2020-07-16 01:19:09,4,E,781,96,0.0277777777777777,0.0,0.0018348623853211,0.0018348623853211,0.0,0.0,0.0612237861331904
U_30983056,C_948136,2.0,辽宁对外经贸学院,2020-07-17 15:21:37,4,E,781,168,0.0416666666666666,0.0,0.018348623853211,0.018348623853211,0.0259365994236311,0.0068181818181818,0.0616567248155755
U_11081073,C_682157,0.0,云南大学,2020-05-27 13:47:20,4,E,106,105,0.0416666666666666,0.0,0.0055045871559633,0.0055045871559633,0.0057636887608069,0.0015151515151515,0.0612990815396372
U_2765318,C_786631,1.0,湖南工学院,2020-06-01 16:37:06,0,A,642,154,0.2083333333333333,0.0,0.255045871559633,0.255045871559633,0.4005763688760806,0.1409090909090909,0.0696035151234561
U_31089093,C_735115,2.0,昆明理工大学,2020-07-29 08:29:23,0,A,476,136,0.1388888888888889,0.0,0.5211009174311927,0.5211009174311927,0.8097982708933718,0.2787878787878788,0.0713092254868753
U_33224488,C_697076,2.0,辽宁对外经贸学院,2020-11-08 08:34:10,4,E,781,121,0.0416666666666666,0.0,0.0788990825688073,0.0788990825688073,0.0922190201729106,0.0303030303030303,0.0608593333871216
U_20291167,C_948395,2.0,西安美术学院,2020-03-27 11:08:21,1,B,727,170,0.0555555555555555,0.0,0.0403669724770642,0.0532110091743119,0.063400576368876,0.0212121212121212,0.1160134315600774
U_5076049,C_1864065,0.0,湖北理工学院,2020-06-20 10:29:24,3,D,631,67,0.125,0.0,0.0055045871559633,0.0055045871559633,0.0028818443804034,0.0015151515151515,0.0720931564500094
U_33343365,C_697076,2.0,辽宁对外经贸学院,2020-10-06 16:11:33,4,E,781,121,0.0416666666666666,0.0,0.0770642201834862,0.0770642201834862,0.0778097982708933,0.0303030303030303,0.0614141194899366
U_17894583,C_786631,2.0,北华航天工业学院,2020-04-23 15:26:27,2,C,186,154,0.0416666666666666,0.0,0.1944954128440367,0.1944954128440367,0.1729106628242074,0.059090909090909,0.076869675368168
U_32134116,C_697076,2.0,辽宁对外经贸学院,2020-09-07 19:32:01,4,E,781,121,0.0416666666666666,0.0,0.0844036697247706,0.0844036697247706,0.0720461095100864,0.0333333333333333,0.0610955006682735
U_21191635,C_1844112,2.0,内蒙古大学,2020-08-19 07:58:42,0,A,145,63,0.0416666666666666,0.0,0.0678899082568807,0.2385321100917431,0.1066282420749279,0.0757575757575757,0.1127034657845135
U_33218968,C_697076,2.0,辽宁对外经贸学院,2020-09-30 13:53:24,0,A,781,121,0.1527777777777777,0.0,0.5541284403669725,0.5541284403669725,0.8703170028818443,0.2931818181818181,0.0764215924242127
U_29660150,C_1714448,2.0,辽宁对外经贸学院,2020-04-26 13:37:20,4,E,781,8,0.0416666666666666,0.0,0.0623853211009174,0.0623853211009174,0.0489913544668587,0.034090909090909,0.0629562292382566
U_29703348,C_756642,0.0,重庆医科大学,2020-05-08 07:49:12,4,E,832,149,0.0416666666666666,0.0,0.0440366972477064,0.0440366972477064,0.0345821325648414,0.0113636363636363,0.0624320981318837
U_28565095,C_1736024,1.0,广州中医药大学,2020-05-24 12:04:14,4,E,423,14,0.0277777777777777,0.0,0.0018348623853211,0.0018348623853211,0.0028818443804034,0.0015151515151515,0.0611277602234954
U_30350966,C_1829948,2.0,华南理工大学,2020-06-04 13:08:50,3,D,211,61,0.0694444444444444,0.0,0.4770642201834862,0.4770642201834862,0.7348703170028817,0.1931818181818181,0.0700477055266677
U_29005904,C_948436,2.0,辽宁对外经贸学院,2020-05-26 09:48:36,4,E,781,171,0.0277777777777777,0.0,0.0036697247706422,0.0036697247706422,0.0057636887608069,0.0,0.0612584871929755
U_5643107,C_1824911,0.0,重庆三峡医药高等专科学校,2020-06-03 20:00:56,4,E,822,57,0.0833333333333333,0.0,0.0623853211009174,0.0623853211009174,0.0374639769452449,0.0098484848484848,0.0625663759305155
U_33344097,C_697076,2.0,辽宁对外经贸学院,2020-11-17 11:44:08,4,E,781,121,0.0416666666666666,0.0,0.0807339449541284,0.0807339449541284,0.0461095100864553,0.0371212121212121,0.0657511576820429
U_17616646,C_801420,2.0,长沙师范学院,2020-07-19 23:13:59,4,E,861,155,0.0277777777777777,0.0,0.0018348623853211,0.0018348623853211,0.0028818443804034,0.0007575757575757,0.0612276638169084
U_22845265,C_676646,0.0,辽宁对外经贸学院,2020-06-10 08:46:40,4,E,781,90,0.0416666666666666,0.0,0.018348623853211,0.018348623853211,0.0230547550432276,0.006060606060606,0.0615048513461265
U_14749827,C_1918363,2.0,新乡医学院三全学院,2020-10-30 07:53:55,2,C,461,76,0.1388888888888889,0.0,0.1926605504587156,0.1926605504587156,0.1613832853025936,0.0666666666666666,0.0801465310605437
U_26669216,C_747056,1.0,辽宁对外经贸学院,2020-04-16 10:44:36,4,E,781,147,0.0416666666666666,0.0,0.0660550458715596,0.0660550458715596,0.0374639769452449,0.0287878787878787,0.0626052518145333
U_20429888,C_682556,0.0,中国石油大学(华东）,2020-07-18 20:58:48,4,E,78,112,0.0416666666666666,0.0,0.055045871559633,0.055045871559633,0.0172910662824207,0.0045454545454545,0.062998546999904
U_2775766,C_735164,2.0,福建师范大学,2020-09-15 14:59:43,0,A,681,138,0.125,0.0,0.1724770642201835,0.2605504587155963,0.1844380403458213,0.0666666666666666,0.083430141747289
U_30962664,C_801420,2.0,辽宁对外经贸学院,2020-08-14 09:54:04,4,E,781,155,0.0277777777777777,0.0,0.0091743119266055,0.0091743119266055,0.0086455331412103,0.0022727272727272,0.0003115744124322
U_33459846,C_2027893,1.0,辽宁对外经贸学院,2020-09-23 10:45:27,4,E,781,84,0.0416666666666666,0.0,0.0110091743119266,0.0110091743119266,0.0144092219020172,0.0053030303030303,0.0613840934409175
U_31060052,C_735115,1.0,昆明理工大学,2020-07-25 13:08:25,0,A,476,136,0.1388888888888889,0.0,0.5211009174311927,0.5211009174311927,0.755043227665706,0.2553030303030303,0.0719984131968699
U_17647580,C_735197,0.0,辽宁石油化工大学,2020-12-03 09:47:09,3,D,790,141,0.2083333333333333,0.0,0.3376146788990826,0.3376146788990826,0.5302593659942363,0.1515151515151515,0.0734026546986711
U_32953766,C_735164,2.0,昆明理工大学,2020-09-17 19:36:41,2,C,476,138,0.1388888888888889,0.0,0.0642201834862385,0.0752293577981651,0.0922190201729106,0.0416666666666666,0.0147324691310535
U_9047483,C_786631,1.0,辽宁对外经贸学院,2020-03-12 17:51:57,4,E,781,154,0.0416666666666666,0.0,0.0880733944954128,0.0880733944954128,0.0461095100864553,0.025,0.0630775962815209
U_33896241,C_697076,2.0,辽宁对外经贸学院,2020-12-01 22:30:59,4,E,781,121,0.0555555555555555,0.0,0.1834862385321101,0.1834862385321101,0.2449567723342939,0.0765151515151515,0.0650367675040526
U_20240340,C_1756077,0.0,辽宁对外经贸学院,2020-05-17 10:11:21,4,E,781,28,0.0416666666666666,0.0,0.0678899082568807,0.0678899082568807,0.0489913544668587,0.034090909090909,0.0621810342062572
U_31205428,C_801420,1.0,辽宁对外经贸学院,2020-08-16 10:03:07,4,E,781,155,0.0277777777777777,0.0,0.0036697247706422,0.0036697247706422,0.0,0.0,0.0613551222407258
U_29953440,C_735283,0.0,辽宁对外经贸学院,2020-05-13 07:40:51,4,E,781,143,0.0416666666666666,0.0,0.0201834862385321,0.0201834862385321,0.0288184438040345,0.0075757575757575,0.0621325359219023
U_26363003,C_948395,2.0,西安美术学院,2020-05-12 16:11:20,2,C,727,170,0.0555555555555555,0.0,0.018348623853211,0.018348623853211,0.0230547550432276,0.0151515151515151,0.0688354762255212
U_13336377,C_1829948,0.0,辽宁对外经贸学院,2020-06-16 22:14:05,4,E,781,61,0.0416666666666666,0.0,0.0220183486238532,0.0220183486238532,0.0144092219020172,0.0037878787878787,0.0617387058836049
U_3036835,C_1750793,0.0,北京体育大学,2020-06-02 22:10:12,0,A,159,17,0.0138888888888888,0.0,0.0165137614678899,0.0165137614678899,0.0230547550432276,0.0121212121212121,0.0669876485062217
U_33346851,C_697076,2.0,辽宁对外经贸学院,2020-11-30 23:31:26,4,E,781,121,0.0555555555555555,0.0,0.1834862385321101,0.1834862385321101,0.2824207492795388,0.0893939393939394,0.0645802903405546
U_30577586,C_1829948,0.0,辽宁对外经贸学院,2020-06-17 11:10:05,4,E,781,61,0.0416666666666666,0.0,0.0073394495412844,0.0073394495412844,0.0057636887608069,0.0015151515151515,0.0608874181181108
U_11085186,C_1472684,0.0,河西学院医学院,2020-09-19 22:54:47,4,E,585,3,0.0416666666666666,0.0,0.0091743119266055,0.0091743119266055,0.0057636887608069,0.0015151515151515,0.061388847689154
U_17137178,C_696596,1.0,安徽医科大学,2020-06-18 22:04:20,0,A,340,117,0.1111111111111111,0.0,0.1981651376146789,0.2715596330275229,0.2305475504322766,0.0659090909090909,0.068337691578126
U_5581743,C_1824911,2.0,重庆三峡医院高等专科学校,2020-06-02 09:56:16,4,E,825,57,0.0416666666666666,0.0,0.0623853211009174,0.0623853211009174,0.0432276657060518,0.0242424242424242,0.0609933338546063
U_33442736,C_697076,1.0,辽宁对外经贸学院,2020-12-05 15:47:19,4,E,781,121,0.0555555555555555,0.0,0.2495412844036697,0.2495412844036697,0.2190201729106628,0.0643939393939393,0.0680830867280316
U_30356551,C_1829948,2.0,华南理工大学,2020-06-04 18:21:40,3,D,211,61,0.3611111111111111,0.0,0.4770642201834862,0.4770642201834862,0.6512968299711815,0.1712121212121212,0.0727567702663647
U_33343284,C_697076,1.0,辽宁对外经贸学院,2020-11-16 21:32:32,4,E,781,121,0.0277777777777777,0.0,0.0935779816513761,0.0935779816513761,0.0345821325648414,0.0303030303030303,0.0600160287967914
U_29971426,C_786631,1.0,辽宁对外经贸学院,2020-05-14 08:30:42,4,E,781,154,0.0416666666666666,0.0,0.0110091743119266,0.0110091743119266,0.0057636887608069,0.0022727272727272,0.0614419021280691
U_30315145,C_948436,1.0,辽宁对外经贸学院,2020-06-02 00:16:28,4,E,781,171,0.0277777777777777,0.0,0.0018348623853211,0.0018348623853211,0.0028818443804034,0.0,0.0612135001190369
U_5095060,C_674920,0.0,西昌民族幼儿师范高等专科学校,2020-06-29 18:29:40,4,E,751,87,0.5972222222222222,0.0,0.2201834862385321,0.2201834862385321,0.3285302593659942,0.0886363636363636,0.0688989058207441
U_19319094,C_948136,2.0,华南理工大学,2020-05-25 21:03:04,3,D,211,168,0.1527777777777777,0.0,0.1944954128440367,0.1944954128440367,0.2853025936599423,0.0765151515151515,0.0826277781675543
U_4662028,C_682392,0.0,陕西工业职业技术学院,2019-10-31 12:29:11,0,A,876,108,0.0138888888888888,0.0,0.1798165137614679,0.2697247706422018,0.2132564841498559,0.0522727272727272,0.0640562137099427
U_13734471,C_837698,0.0,西安科技大学,2020-02-21 11:24:30,0,A,726,160,0.1111111111111111,0.0,0.2,0.2788990825688073,0.2190201729106628,0.0606060606060606,0.0716105358735521
U_6758641,C_1824911,2.0,重庆三峡医药高等专科学校,2020-06-10 18:06:25,4,E,822,57,0.0416666666666666,0.0,0.073394495412844,0.073394495412844,0.0518731988472622,0.028030303030303,0.0625088594315368
U_33499416,C_2027893,1.0,辽宁对外经贸学院,2020-09-23 14:33:05,4,E,781,84,0.0416666666666666,0.0,0.0110091743119266,0.0110091743119266,0.0115273775216138,0.0037878787878787,0.0614216866683798
U_29645348,C_1017355,0.0,华南理工大学,2020-04-25 15:24:48,3,D,211,0,0.1527777777777777,0.0,0.1834862385321101,0.2110091743119266,0.1354466858789625,0.1462121212121212,0.0826049379666511
U_12648700,C_735385,1.0,重庆大学,2020-07-21 08:37:11,4,E,835,146,0.0416666666666666,0.0,0.0091743119266055,0.0091743119266055,0.0144092219020172,0.0037878787878787,0.0602333920356993
U_33459884,C_2027893,1.0,辽宁对外经贸学院,2020-09-23 10:46:14,4,E,781,84,0.0416666666666666,0.0,0.0110091743119266,0.0110091743119266,0.0115273775216138,0.0037878787878787,0.0614216866683798
U_29461218,C_747056,1.0,辽宁对外经贸学院,2020-05-26 15:50:37,4,E,781,147,0.0277777777777777,0.0,0.0036697247706422,0.0036697247706422,0.0028818443804034,0.0007575757575757,0.06137824967746
U_30497737,C_735115,1.0,辽宁对外经贸学院,2020-06-14 15:33:47,4,E,781,136,0.0416666666666666,0.0,0.055045871559633,0.055045871559633,0.0230547550432276,0.0068181818181818,0.0621648450005433
U_33454926,C_697076,1.0,辽宁对外经贸学院,2020-11-29 21:00:37,4,E,781,121,0.0555555555555555,0.0,0.1834862385321101,0.1834862385321101,0.2795389048991354,0.0886363636363636,0.0646143030248137
U_12066314,C_697076,0.0,长沙理工大学,2020-09-08 19:25:20,4,E,862,121,0.0416666666666666,0.0,0.1376146788990825,0.1376146788990825,0.0432276657060518,0.0318181818181818,0.061060195422775
U_2819887,C_1918363,0.0,郑州铁路职业技术学院,2020-11-12 09:47:37,0,A,811,76,0.1111111111111111,0.0,0.1963302752293578,0.2825688073394495,0.1959654178674351,0.0636363636363636,0.0704625780657538
U_29063782,C_756642,2.0,辽宁对外经贸学院,2020-03-28 15:48:26,4,E,781,149,0.0138888888888888,0.0,0.0605504587155963,0.0605504587155963,0.0403458213256484,0.0287878787878787,0.0621141676857466
U_21382436,C_948395,2.0,西安美术学院,2020-03-12 10:53:07,0,A,727,170,0.1666666666666666,0.0,0.2036697247706422,0.2935779816513761,0.2132564841498559,0.0651515151515151,0.0723694079866059
U_25364647,C_697107,0.0,东北林业大学,2020-07-07 12:14:36,3,D,48,122,0.125,0.0,0.0146788990825688,0.0146788990825688,0.0144092219020172,0.0037878787878787,0.0788615815707452
U_7218079,C_735197,0.0,河北建筑工程学院,2020-09-14 16:19:22,4,E,558,141,0.0416666666666666,0.0,0.0275229357798165,0.0275229357798165,0.031700288184438,0.0083333333333333,0.0617654732916452
U_30537041,C_1829948,0.0,辽宁对外经贸学院,2020-06-15 14:26:46,4,E,781,61,0.0138888888888888,0.0,0.0073394495412844,0.0073394495412844,0.0057636887608069,0.0015151515151515,0.0606228144896939
U_31066840,C_682392,0.0,昆明理工大学,2020-08-04 11:55:26,0,A,476,108,0.125,0.0,0.4495412844036697,0.4495412844036697,0.6743515850144092,0.2318181818181818,0.0631077312820621
U_5315022,C_1750793,2.0,内蒙古农业大学职业技术学院,2020-05-20 21:11:08,0,A,142,17,0.1111111111111111,0.0,0.0348623853211009,0.0348623853211009,0.0403458213256484,0.0212121212121212,0.0704023328263809
U_5063737,C_747056,2.0,大理大学,2020-05-04 15:53:12,4,E,301,147,0.0416666666666666,0.0,0.0587155963302752,0.0587155963302752,0.0576368876080691,0.031060606060606,0.0603628115869143
U_245918,C_735164,0.0,昆明理工大学,2020-11-03 09:47:45,0,A,476,138,0.0972222222222222,0.0,0.1743119266055046,0.2587155963302752,0.1959654178674351,0.0583333333333333,0.0641836721337602
U_20384106,C_707013,0.0,合肥学院,2020-09-11 22:15:32,4,E,247,129,0.0555555555555555,0.0,0.0091743119266055,0.0091743119266055,0.0144092219020172,0.0037878787878787,0.075399201245621
U_30293458,C_948436,2.0,辽宁对外经贸学院,2020-05-31 12:21:27,4,E,781,171,0.0416666666666666,0.0,0.0385321100917431,0.0385321100917431,0.0288184438040345,0.0,0.0624480199111343
U_6766093,C_1824911,1.0,重庆三峡医药高等专科学校,2020-06-10 19:27:24,4,E,822,57,0.1944444444444444,0.0,0.0935779816513761,0.0935779816513761,0.0605187319884726,0.0234848484848484,0.0620939967971345
U_33454957,C_697076,2.0,辽宁对外经贸学院,2020-11-23 11:42:58,4,E,781,121,0.0416666666666666,0.0,0.036697247706422,0.036697247706422,0.031700288184438,0.0098484848484848,0.0646220237258562
U_31072215,C_697076,0.0,昆明理工大学,2020-07-27 15:26:15,0,A,476,121,0.1527777777777777,0.0,0.5541284403669725,0.5541284403669725,0.8040345821325647,0.2666666666666666,0.0694712281662734
U_16083540,C_1944726,0.0,辽宁对外经贸学院,2020-10-24 17:57:26,4,E,781,78,0.0277777777777777,0.0,0.0055045871559633,0.0055045871559633,0.0086455331412103,0.0022727272727272,0.0611544830604585
U_33343293,C_697076,0.0,辽宁对外经贸学院,2020-11-17 15:00:33,4,E,781,121,0.0416666666666666,0.0,0.0642201834862385,0.0642201834862385,0.0432276657060518,0.0295454545454545,0.0605371637363069
U_30034121,C_681031,1.0,辽宁对外经贸学院,2020-05-18 11:46:52,4,E,781,101,0.0277777777777777,0.0,0.0018348623853211,0.0018348623853211,0.0,0.0,0.0612192052169208
U_29815813,C_747056,0.0,辽宁对外经贸学院,2020-05-07 16:18:47,4,E,781,147,0.0416666666666666,0.0,0.0238532110091743,0.0238532110091743,0.0259365994236311,0.0075757575757575,0.0622707706417226
U_1715731,C_735164,1.0,昆明理工大学,2020-12-02 10:05:25,0,A,476,138,0.1111111111111111,0.0,0.0935779816513761,0.0935779816513761,0.1469740634005763,0.0696969696969697,0.0662829995847745
U_20962049,C_1738818,0.0,安徽工业大学,2020-06-15 19:15:35,2,C,344,15,0.0416666666666666,0.0,0.0642201834862385,0.0642201834862385,0.0432276657060518,0.0189393939393939,0.0776979545531338
U_30155240,C_697766,1.0,广州中医药大学,2020-05-28 11:52:24,1,B,423,128,0.2222222222222222,0.0,0.0275229357798165,0.0422018348623853,0.0432276657060518,0.0272727272727272,0.1153389225915133
U_17034314,C_801420,2.0,辽宁对外经贸学院,2020-07-06 22:40:18,4,E,781,155,0.0277777777777777,0.0,0.0036697247706422,0.0036697247706422,0.0,0.0,0.0613551222407258
U_3607571,C_735164,0.0,重庆科技学院,2020-11-02 11:13:38,0,A,845,138,0.1111111111111111,0.0,0.1137614678899082,0.1137614678899082,0.1786743515850144,0.0704545454545454,0.065512880703236
U_6435096,C_1824911,2.0,重庆三峡医药高等专科学校,2020-06-05 13:25:53,4,E,822,57,0.0555555555555555,0.0,0.0587155963302752,0.0587155963302752,0.0518731988472622,0.0348484848484848,0.061964661435732
U_8934374,C_735197,1.0,华南理工大学,2020-09-07 12:59:54,3,D,211,141,0.1527777777777777,0.0,0.2018348623853211,0.2770642201834862,0.0691642651296829,0.156060606060606,0.0881292010855848
U_32577578,C_735164,1.0,昆明理工大学,2020-09-16 09:07:48,0,A,476,138,0.0277777777777777,0.0,0.1889908256880734,0.2660550458715596,0.2132564841498559,0.0583333333333333,0.0661592306556823
U_13334988,C_1992929,0.0,中国医科大学,2020-11-28 11:22:08,2,C,69,81,0.1388888888888889,0.0,0.1669724770642202,0.1669724770642202,0.1498559077809798,0.0393939393939393,0.079431194985248
U_30351857,C_1829948,0.0,辽宁对外经贸学院,2020-06-04 14:25:47,4,E,781,61,0.0416666666666666,0.0,0.0752293577981651,0.0752293577981651,0.0489913544668587,0.0318181818181818,0.0626360949999681
U_13535058,C_948120,0.0,中国农业大学,2020-09-26 15:18:56,0,A,67,167,0.0833333333333333,0.0,0.0293577981651376,0.0293577981651376,0.0432276657060518,0.0121212121212121,0.0135196368811785
U_17620081,C_1912004,0.0,宁夏大学,2020-10-21 20:28:48,4,E,334,74,0.0416666666666666,0.0,0.0055045871559633,0.0055045871559633,0.0028818443804034,0.0007575757575757,0.0613214017446395
U_20291290,C_948395,1.0,西安美术学院,2020-04-28 01:09:50,0,A,727,170,0.1111111111111111,0.0,0.1853211009174312,0.2715596330275229,0.2190201729106628,0.0621212121212121,0.0692029994235761
U_32905290,C_735164,1.0,昆明理工大学,2020-09-16 13:50:09,0,A,476,138,0.0972222222222222,0.0,0.0330275229357798,0.0403669724770642,0.0461095100864553,0.0212121212121212,0.0965425626033772
U_4142785,C_749807,0.0,北京师范大学,2020-07-05 10:59:09,4,E,167,148,0.0277777777777777,0.0,0.0238532110091743,0.0238532110091743,0.0374639769452449,0.0098484848484848,0.061199078899386
U_28904982,C_1724289,1.0,昆明理工大学,2020-03-20 21:29:37,0,A,476,10,0.0138888888888888,0.0,0.2036697247706422,0.2660550458715596,0.1959654178674351,0.0628787878787878,0.0718023450281884
U_11392954,C_676635,0.0,山东理工大学,2020-06-03 17:07:26,4,E,376,89,0.0416666666666666,0.0,0.0678899082568807,0.0678899082568807,0.0576368876080691,0.031060606060606,0.061291628265058
U_30196362,C_1738818,0.0,辽宁对外经贸学院,2020-05-26 23:11:58,4,E,781,15,0.0416666666666666,0.0,0.0532110091743119,0.0532110091743119,0.0230547550432276,0.0083333333333333,0.0632865653008861
U_31574951,C_1912004,1.0,辽宁对外经贸学院,2020-10-10 12:47:00,4,E,781,74,0.0277777777777777,0.0,0.0055045871559633,0.0055045871559633,0.0086455331412103,0.0022727272727272,0.0617963660004992
U_31044161,C_801420,0.0,辽宁对外经贸学院,2020-08-04 20:03:51,4,E,781,155,0.0277777777777777,0.0,0.0018348623853211,0.0018348623853211,0.0028818443804034,0.0007575757575757,0.0612456853891302
U_33014712,C_735164,1.0,昆明理工大学,2020-09-17 13:26:54,0,A,476,138,0.1111111111111111,0.0,0.1834862385321101,0.273394495412844,0.2074927953890489,0.056060606060606,0.0023520021540947
U_21267310,C_823315,0.0,西安石油大学,2020-06-08 12:02:07,4,E,725,158,0.0138888888888888,0.0,0.0440366972477064,0.0440366972477064,0.0489913544668587,0.0363636363636363,0.0578313873516402
U_5245111,C_674920,0.0,辽宁对外经贸学院,2020-06-28 22:07:33,4,E,781,87,0.3194444444444444,0.0,0.0568807339449541,0.0568807339449541,0.0489913544668587,0.0325757575757575,0.0637207519734332
U_18485822,C_948488,1.0,合肥工业大学宣城校区,2020-03-06 14:24:04,3,D,249,172,0.0416666666666666,0.0,0.1229357798165137,0.1614678899082569,0.1239193083573487,0.0962121212121212,0.0647562916198042
U_30436282,C_1829948,0.0,辽宁对外经贸学院,2020-06-10 14:58:27,4,E,781,61,0.0833333333333333,0.0,0.1119266055045871,0.1119266055045871,0.100864553314121,0.0265151515151515,0.0644609042340555
U_33320863,C_2059281,2.0,辽宁对外经贸学院,2020-09-21 23:33:43,4,E,781,85,0.0416666666666666,0.0,0.0091743119266055,0.0091743119266055,0.0057636887608069,0.0022727272727272,0.000914951725199
U_31642358,C_707013,1.0,辽宁对外经贸学院,2020-09-08 09:24:37,4,E,781,129,0.0416666666666666,0.0,0.0036697247706422,0.0036697247706422,0.0,0.0,0.0604269741287404
U_13709853,C_677087,1.0,广州中医药大学,2020-05-14 21:37:30,1,B,423,92,0.2083333333333333,0.0,0.036697247706422,0.036697247706422,0.0259365994236311,0.0068181818181818,0.1146825590037187
U_29809977,C_948395,2.0,西安美术学院,2020-05-27 21:18:01,0,A,727,170,0.125,0.0,0.110091743119266,0.110091743119266,0.1440922190201729,0.0803030303030303,0.0685719967787185
U_29010000,C_1875539,1.0,北京航空航天大学,2020-10-03 18:31:31,4,E,183,69,0.0416666666666666,0.0,0.0073394495412844,0.0073394495412844,0.0,0.0,0.0697945916836558
U_5498865,C_758928,0.0,陕西工业职业技术学院,2020-02-24 11:24:40,4,E,876,150,0.0,0.2,0.1192660550458715,0.1192660550458715,0.1354466858789625,0.0,0.0698541234336266
U_29800506,C_1017355,2.0,华南理工大学,2020-05-06 17:50:31,3,D,211,0,0.125,0.0,0.018348623853211,0.018348623853211,0.0057636887608069,0.0015151515151515,0.0790641274026491
U_3512354,C_707358,2.0,福建信息职业技术学院,2020-07-10 15:23:51,1,B,677,134,0.2361111111111111,0.0,0.1431192660550458,0.2091743119266055,0.2046109510086455,0.0537878787878787,0.1107854522007788
U_31071729,C_1864063,1.0,辽宁对外经贸学院,2020-08-12 20:43:08,4,E,781,66,0.0416666666666666,0.0,0.018348623853211,0.018348623853211,0.0144092219020172,0.0053030303030303,0.0620651048344135
U_29912179,C_1732845,2.0,中国医科大学,2020-05-10 20:41:33,2,C,69,13,0.0138888888888888,0.0,0.2660550458715596,0.2660550458715596,0.3256484149855908,0.0856060606060606,0.0730216710352964
U_18228223,C_1682756,2.0,汉中职业技术学院,2020-04-19 12:43:20,4,E,517,6,0.0277777777777777,0.0,0.0844036697247706,0.0844036697247706,0.0489913544668587,0.028030303030303,0.0645519381831021
U_13033054,C_1992929,1.0,北京体育大学,2020-12-03 12:55:55,0,A,159,81,0.1111111111111111,0.0,0.1669724770642202,0.1669724770642202,0.2593659942363112,0.0681818181818181,0.0665730879646762
U_11538397,C_1714448,0.0,中国医科大学,2020-05-11 13:17:02,0,A,69,8,0.0972222222222222,0.0,0.1449541284403669,0.1449541284403669,0.1844380403458213,0.0484848484848484,0.0674182150168304
U_30621641,C_1829948,2.0,辽宁对外经贸学院,2020-06-19 21:33:13,4,E,781,61,0.0416666666666666,0.0,0.0073394495412844,0.0073394495412844,0.0028818443804034,0.0007575757575757,0.0612713880436592
U_30051229,C_697367,2.0,辽宁对外经贸学院,2020-07-02 17:07:12,4,E,781,127,0.0416666666666666,0.0,0.0091743119266055,0.0091743119266055,0.0115273775216138,0.003030303030303,0.0613834149700754
U_15365655,C_697076,2.0,大连财经学院,2020-09-30 13:57:50,0,A,312,121,0.0972222222222222,0.0,0.1963302752293578,0.2513761467889908,0.201729106628242,0.0954545454545454,0.0735042668500441
U_33254155,C_2059281,2.0,辽宁对外经贸学院,2020-09-21 14:03:27,4,E,781,85,0.0416666666666666,0.0,0.0165137614678899,0.0165137614678899,0.0172910662824207,0.0068181818181818,0.0620297748272054
U_5111716,C_1824911,2.0,重庆三峡医药高等专科学校,2020-06-11 08:27:12,4,E,822,57,0.0555555555555555,0.0,0.0715596330275229,0.0715596330275229,0.0547550432276657,0.0287878787878787,0.0615672756159411
U_33222435,C_697076,1.0,辽宁对外经贸学院,2020-09-24 11:10:47,0,A,781,121,0.1111111111111111,0.0,0.1944954128440367,0.2807339449541284,0.2161383285302593,0.0621212121212121,0.0687664554362783
U_3712416,C_1017355,0.0,广州中医药大学,2020-04-17 17:17:29,2,C,423,0,0.0138888888888888,0.0,0.1834862385321101,0.1834862385321101,0.1873198847262247,0.0643939393939393,0.0756651172446448
U_33329862,C_697076,2.0,辽宁对外经贸学院,2020-11-03 10:01:43,4,E,781,121,0.0416666666666666,0.0,0.0385321100917431,0.0385321100917431,0.0403458213256484,0.0121212121212121,0.0640869479438554
U_32744605,C_735164,2.0,昆明理工大学,2020-11-24 22:16:05,0,A,476,138,0.125,0.0,0.2788990825688073,0.3137614678899083,0.4351585014409221,0.1568181818181818,0.0675171776652799
U_33329454,C_697076,2.0,辽宁对外经贸学院,2020-09-22 08:47:50,4,E,781,121,0.0555555555555555,0.0,0.0568807339449541,0.0568807339449541,0.063400576368876,0.0174242424242424,0.0585831825681001
U_7537319,C_1017355,1.0,广州中医药大学,2020-03-10 14:27:46,3,D,423,0,0.0138888888888888,0.0,0.1798165137614679,0.2,0.1037463976945244,0.1318181818181818,0.0811407335089661
U_32612182,C_735164,2.0,昆明理工大学,2020-11-30 13:44:03,4,E,476,138,0.0416666666666666,0.0,0.073394495412844,0.073394495412844,0.0576368876080691,0.0287878787878787,0.0615062330495202
U_13952512,C_1724289,1.0,昆明理工大学,2020-03-20 12:00:10,0,A,476,10,0.0138888888888888,0.0,0.2036697247706422,0.2660550458715596,0.1959654178674351,0.0628787878787878,0.0718023450281884
U_30415432,C_674920,1.0,辽宁对外经贸学院,2020-06-09 10:29:18,4,E,781,87,0.0416666666666666,0.0,0.0715596330275229,0.0715596330275229,0.0864553314121037,0.0227272727272727,0.0624099809728998
U_30469250,C_801420,2.0,辽宁对外经贸学院,2020-08-14 15:48:27,4,E,781,155,0.0416666666666666,0.0,0.1211009174311926,0.1211009174311926,0.1066282420749279,0.0113636363636363,0.1289418009770357
U_13811393,C_682392,0.0,昆明理工大学,2020-08-06 15:54:13,0,A,476,108,0.125,0.0,0.4495412844036697,0.4495412844036697,0.6916426512968299,0.2409090909090909,0.0628821818219719
U_17917834,C_786631,1.0,北华航天工业学院,2020-04-23 08:56:38,2,C,186,154,0.0416666666666666,0.0,0.163302752293578,0.163302752293578,0.1729106628242074,0.0704545454545454,0.076503578444584
U_19909506,C_674920,1.0,辽宁对外经贸学院,2020-06-28 23:02:49,4,E,781,87,0.0416666666666666,0.0,0.0770642201834862,0.0770642201834862,0.0605187319884726,0.0333333333333333,0.0617624325537106
U_6099879,C_1017355,2.0,广州中医药大学,2020-03-08 11:45:46,0,A,423,0,0.0277777777777777,0.0,0.1944954128440367,0.2623853211009174,0.1988472622478386,0.0643939393939393,0.068907062327875
U_7374686,C_1824911,0.0,辽宁对外经贸学院,2020-07-01 00:06:57,4,E,781,57,0.4444444444444444,0.0,0.0862385321100917,0.0862385321100917,0.0691642651296829,0.0181818181818181,0.0671353322944123
U_33442599,C_697076,0.0,辽宁对外经贸学院,2020-11-09 15:27:12,4,E,781,121,0.0277777777777777,0.0,0.0091743119266055,0.0091743119266055,0.0144092219020172,0.0045454545454545,0.0604084077989082
U_5962716,C_674920,0.0,辽宁对外经贸学院,2020-06-24 09:43:47,4,E,781,87,0.0277777777777777,0.0,0.0954128440366972,0.0954128440366972,0.0518731988472622,0.0181818181818181,0.0635810216463551
U_31743588,C_1912004,1.0,辽宁对外经贸学院,2020-10-04 21:33:14,4,E,781,74,0.0416666666666666,0.0,0.0055045871559633,0.0055045871559633,0.0028818443804034,0.0007575757575757,0.0622698495061268
U_16157499,C_1806527,2.0,莫斯科大学,2020-09-02 17:44:06,4,E,696,53,0.0555555555555555,0.0,0.1376146788990825,0.1376146788990825,0.0951008645533141,0.0696969696969697,0.0726888736587361
U_16557964,C_1992929,1.0,辽宁对外经贸学院,2020-10-16 21:28:54,4,E,781,81,0.0416666666666666,0.0,0.0990825688073394,0.0990825688073394,0.0461095100864553,0.0303030303030303,0.0583421966582668
U_29167200,C_1714448,0.0,中国医科大学,2020-05-22 10:52:04,2,C,69,8,0.1388888888888889,0.0,0.1449541284403669,0.1449541284403669,0.100864553314121,0.0265151515151515,0.0773083587671722
U_33230496,C_1912004,1.0,辽宁对外经贸学院,2020-09-21 11:04:50,4,E,781,74,0.0277777777777777,0.0,0.0091743119266055,0.0091743119266055,0.0115273775216138,0.003030303030303,0.0619131966985711
U_33224347,C_697076,2.0,辽宁对外经贸学院,2020-11-16 21:12:03,2,C,781,121,0.0972222222222222,0.0,0.1009174311926605,0.1009174311926605,0.1585014409221901,0.059090909090909,0.0772239262898958
U_5281294,C_674920,0.0,西昌民族幼儿师范高等专科学校,2020-07-18 22:36:47,4,E,751,87,0.0694444444444444,0.0,0.2201834862385321,0.2201834862385321,0.3458213256484149,0.0931818181818181,0.0637527391498499
U_5108536,C_674920,0.0,西昌民族幼儿师范高等专科学校,2020-06-29 12:16:51,4,E,751,87,0.5416666666666666,0.0,0.2201834862385321,0.2201834862385321,0.3429394812680115,0.0924242424242424,0.0681996400949564
U_33748718,C_697076,2.0,辽宁对外经贸学院,2020-11-18 16:12:51,4,E,781,121,0.0416666666666666,0.0,0.018348623853211,0.018348623853211,0.0230547550432276,0.0068181818181818,0.0627508110480431
U_31059640,C_735115,2.0,辽宁对外经贸学院,2020-07-25 11:27:53,4,E,781,136,0.0833333333333333,0.0,0.4770642201834862,0.4770642201834862,0.2334293948126801,0.0734848484848484,0.0769750562517368
U_12696190,C_948387,1.0,深圳信息职业技术学院,2020-10-20 09:05:32,4,E,610,169,0.0416666666666666,0.0,0.0110091743119266,0.0110091743119266,0.0115273775216138,0.003030303030303,0.0613672059549938
U_10247389,C_1714448,2.0,中国医科大学,2020-05-13 08:25:28,4,E,69,8,0.0416666666666666,0.0,0.0825688073394495,0.0825688073394495,0.0835734870317002,0.0219696969696969,0.0634403553266554
U_8934379,C_735197,0.0,华南理工大学,2020-09-10 20:08:20,4,E,211,141,0.0416666666666666,0.0,0.0678899082568807,0.0678899082568807,0.0576368876080691,0.0295454545454545,0.0631107670676549
U_16088251,C_786631,1.0,北华航天工业学院,2020-04-06 23:20:15,0,A,186,154,0.0416666666666666,0.0,0.1963302752293578,0.2642201834862385,0.2046109510086455,0.0719696969696969,0.0706340033810757
U_883651,C_735164,2.0,昆明理工大学,2020-10-15 14:34:45,4,E,476,138,0.0416666666666666,0.0,0.018348623853211,0.0238532110091743,0.0201729106628242,0.0053030303030303,0.0615912003797233
U_33329243,C_697076,2.0,辽宁对外经贸学院,2020-11-16 20:27:40,4,E,781,121,0.0416666666666666,0.0,0.0807339449541284,0.0807339449541284,0.0518731988472622,0.0325757575757575,0.0634092199530478
U_13784260,C_682392,2.0,昆明理工大学,2019-11-01 13:04:12,0,A,476,108,0.6666666666666666,0.0,0.1908256880733945,0.363302752293578,0.2968299711815562,0.0643939393939393,0.061822989790624
U_30603520,C_801420,0.0,辽宁对外经贸学院,2020-08-22 21:06:12,4,E,781,155,0.0277777777777777,0.0,0.0091743119266055,0.0091743119266055,0.0057636887608069,0.0015151515151515,0.0258447128514828
U_12667553,C_948387,0.0,深圳信息职业技术学院,2020-10-20 11:25:27,4,E,610,169,0.0416666666666666,0.0,0.073394495412844,0.073394495412844,0.0489913544668587,0.0128787878787878,0.0634893537975437
U_12605779,C_682392,0.0,陕西工业职业技术学院,2020-11-13 11:59:01,0,A,876,108,0.1111111111111111,0.0,0.1669724770642202,0.255045871559633,0.1354466858789625,0.0287878787878787,0.0713345814774704
U_13407161,C_758928,1.0,辽宁对外经贸学院,2020-07-18 22:58:25,4,E,781,150,0.0416666666666666,0.0,0.0055045871559633,0.0055045871559633,0.0057636887608069,0.0015151515151515,0.0601810606387035
U_31260223,C_676646,2.0,辽宁对外经贸学院,2020-08-20 10:48:48,4,E,781,90,0.0277777777777777,0.0,0.0091743119266055,0.0091743119266055,0.0086455331412103,0.0022727272727272,0.0612978087877655
U_5095014,C_674920,0.0,西昌民族幼儿师范高等专科学校,2020-07-01 08:36:21,4,E,751,87,0.0694444444444444,0.0,0.2201834862385321,0.2201834862385321,0.3458213256484149,0.0931818181818181,0.0637527391498499
U_13507968,C_682392,0.0,陕西工业职业技术学院,2020-09-04 15:46:03,4,E,876,108,0.0138888888888888,0.0,0.018348623853211,0.018348623853211,0.0288184438040345,0.0075757575757575,0.0602877390358536
U_2904257,C_735164,0.0,云南民族大学,2020-10-22 11:05:43,0,A,114,138,0.0138888888888888,0.0,0.1137614678899082,0.1211009174311926,0.1786743515850144,0.0818181818181818,0.1432925145209062
U_33366226,C_697076,2.0,辽宁对外经贸学院,2020-09-25 14:16:33,4,E,781,121,0.0416666666666666,0.0,0.0880733944954128,0.0880733944954128,0.0720461095100864,0.0325757575757575,0.0605127288813076
U_16129204,C_786631,1.0,北华航天工业学院,2020-04-16 12:18:35,0,A,186,154,0.1111111111111111,0.0,0.1963302752293578,0.2697247706422018,0.2132564841498559,0.0772727272727272,0.0714340789788465
U_33344178,C_697076,2.0,辽宁对外经贸学院,2020-11-17 11:48:54,4,E,781,121,0.0277777777777777,0.0,0.0678899082568807,0.0678899082568807,0.0374639769452449,0.0295454545454545,0.0603134119763311
U_5643122,C_1824911,0.0,重庆三峡医药高等专科学校,2020-06-03 20:00:28,4,E,822,57,0.0416666666666666,0.0,0.0770642201834862,0.0770642201834862,0.0403458213256484,0.0265151515151515,0.0603162496682473
U_8715669,C_1017355,0.0,广州中医药大学,2020-05-01 12:46:20,0,A,423,0,0.1388888888888889,0.0,0.0825688073394495,0.0825688073394495,0.1123919308357348,0.0363636363636363,0.0681836935539963
U_22107499,C_823315,1.0,西安石油大学,2020-06-12 08:27:56,4,E,725,158,0.0416666666666666,0.0,0.0752293577981651,0.0752293577981651,0.0605187319884726,0.0348484848484848,0.0636791523013632
U_30497522,C_823315,1.0,辽宁对外经贸学院,2020-06-14 15:07:29,4,E,781,158,0.0416666666666666,0.0,0.0807339449541284,0.0807339449541284,0.0461095100864553,0.0295454545454545,0.0614154368128855
U_6765324,C_1824911,1.0,重庆三峡医药高等专科学校,2020-06-04 11:32:09,4,E,822,57,0.0138888888888888,0.0,0.0623853211009174,0.0623853211009174,0.0979827089337175,0.0257575757575757,0.066360701829391
U_31737732,C_1992917,1.0,辽宁对外经贸学院,2020-08-31 16:52:57,4,E,781,80,0.0416666666666666,0.0,0.0605504587155963,0.0605504587155963,0.0547550432276657,0.0287878787878787,0.0625765678501727
U_12685694,C_948387,2.0,深圳信息职业技术学院,2020-10-28 11:37:32,4,E,610,169,0.0416666666666666,0.0,0.0091743119266055,0.0091743119266055,0.0086455331412103,0.0022727272727272,0.0613257944719165
U_31276925,C_735130,1.0,昆明理工大学,2020-08-21 16:09:30,0,A,476,137,0.0833333333333333,0.0,0.0770642201834862,0.326605504587156,0.100864553314121,0.0409090909090909,0.0544478780238239
U_12060915,C_801420,0.0,南京邮电大学,2020-09-04 13:55:04,4,E,228,155,0.0277777777777777,0.0,0.0055045871559633,0.0055045871559633,0.0028818443804034,0.0007575757575757,0.0613831772576635
U_2441760,C_680979,0.0,Xian jiaotong university,2020-07-27 06:30:22,4,E,27,100,0.0416666666666666,0.0,0.0715596330275229,0.0715596330275229,0.0951008645533141,0.031060606060606,0.062489698820675
U_32128520,C_1912004,1.0,辽宁对外经贸学院,2020-10-02 16:56:43,4,E,781,74,0.0277777777777777,0.0,0.0091743119266055,0.0091743119266055,0.0086455331412103,0.0022727272727272,0.0619472093828303
U_33648419,C_735164,2.0,昆明理工大学,2020-10-10 11:54:44,0,A,476,138,0.1111111111111111,0.0,0.1981651376146789,0.2788990825688073,0.2190201729106628,0.0598484848484848,0.0656794923422184
U_1394278,C_1750793,0.0,北京体育大学,2020-06-16 20:53:44,0,A,159,17,0.0694444444444444,0.0,0.036697247706422,0.036697247706422,0.0518731988472622,0.0272727272727272,0.069862705842162
U_6653769,C_756642,2.0,中国医科大学,2020-05-11 19:46:14,2,C,69,149,0.1527777777777777,0.0,0.1743119266055046,0.1743119266055046,0.1959654178674351,0.0643939393939393,0.0795035982240175
U_991393,C_735164,1.0,昆明理工大学,2020-11-27 17:17:33,0,A,476,138,0.1111111111111111,0.0,0.1908256880733945,0.2642201834862385,0.1930835734870317,0.0537878787878787,0.0694867834722224
U_8126461,C_677087,2.0,北京体育大学,2020-09-15 17:48:18,0,A,159,92,0.1666666666666666,0.0,0.3614678899082569,0.3614678899082569,0.5677233429394812,0.1492424242424242,0.0809107467505217
U_32594066,C_735164,1.0,昆明理工大学,2020-11-27 13:23:39,0,A,476,138,0.1111111111111111,0.0,0.181651376146789,0.2605504587155963,0.1671469740634005,0.0515151515151515,0.0706215531935062
U_28165088,C_1736024,1.0,广州中医药大学,2020-05-12 14:51:00,4,E,423,14,0.0416666666666666,0.0,0.0165137614678899,0.0220183486238532,0.0259365994236311,0.009090909090909,0.0606938905008307
U_29039252,C_1750795,2.0,辽宁对外经贸学院,2020-06-13 09:58:59,4,E,781,18,0.0416666666666666,0.0,0.0055045871559633,0.0055045871559633,0.0086455331412103,0.0045454545454545,0.0612159564806258
U_33274092,C_697076,2.0,辽宁对外经贸学院,2020-10-30 07:36:28,4,E,781,121,0.0416666666666666,0.0,0.0880733944954128,0.0880733944954128,0.0662824207492795,0.0325757575757575,0.0618831211261328
U_34073044,C_735164,0.0,昆明理工大学,2020-10-22 16:59:04,3,D,476,138,0.0138888888888888,0.0,0.0330275229357798,0.0385321100917431,0.0489913544668587,0.0227272727272727,0.2015617186598453
U_12088265,C_1714448,1.0,中国医科大学,2020-05-13 10:52:51,2,C,69,8,0.1388888888888889,0.0,0.1431192660550458,0.1431192660550458,0.1210374639769452,0.0318181818181818,0.0769948507623635
U_25326915,C_948395,2.0,西安美术学院,2020-05-31 01:16:56,1,B,727,170,0.125,0.0,0.110091743119266,0.110091743119266,0.132564841498559,0.0757575757575757,0.1120443276104048
U_5281237,C_674920,0.0,西昌民族幼儿师范,2020-06-23 18:57:01,4,E,747,87,0.0138888888888888,0.0,0.0880733944954128,0.0880733944954128,0.0893371757925072,0.0166666666666666,0.0588646340637054
U_31060051,C_735115,2.0,中国医科大学,2020-07-25 13:08:10,2,C,69,136,0.2083333333333333,0.0,0.5211009174311927,0.5211009174311927,0.3198847262247838,0.103030303030303,0.0755316219160353
U_15579608,C_1912004,0.0,辽宁对外经贸学院,2020-12-07 11:53:12,4,E,781,74,0.0277777777777777,0.0,0.0055045871559633,0.0055045871559633,0.0057636887608069,0.0015151515151515,0.0618303786847583
U_16107108,C_786631,1.0,北华航天工业学院,2020-03-31 19:27:19,0,A,186,154,0.0555555555555555,0.0,0.1853211009174312,0.2623853211009174,0.2074927953890489,0.0765151515151515,0.0688427363587658
U_19901905,C_676646,2.0,天津财经大学,2020-06-10 08:35:50,0,A,327,90,0.0972222222222222,0.0,0.0660550458715596,0.0660550458715596,0.0720461095100864,0.0189393939393939,0.0698233991043977
U_33344156,C_697076,0.0,辽宁对外经贸学院,2020-11-17 12:33:08,4,E,781,121,0.0416666666666666,0.0,0.036697247706422,0.036697247706422,0.0432276657060518,0.0128787878787878,0.0622206925602973
U_11970051,C_948488,1.0,合肥工业大学,2020-03-06 14:53:04,0,A,248,172,0.0416666666666666,0.0,0.1981651376146789,0.273394495412844,0.2132564841498559,0.0575757575757575,0.0711205164982767
U_4823778,C_682392,0.0,陕西工业职业技术学院,2020-09-14 19:33:14,2,C,876,108,0.1388888888888889,0.0,0.4495412844036697,0.4495412844036697,0.3429394812680115,0.1174242424242424,0.0757353612623402
U_28299535,C_1738818,0.0,安徽工业大学,2020-06-22 17:16:24,4,E,344,15,0.0277777777777777,0.0,0.0110091743119266,0.0110091743119266,0.0057636887608069,0.003030303030303,0.0615423158126991
U_28693141,C_697062,2.0,湖北科技学院,2020-04-27 13:47:01,0,A,633,120,0.1111111111111111,0.0,0.1871559633027523,0.2697247706422018,0.1959654178674351,0.0537878787878787,0.0674820804181417
U_8906796,C_1714448,0.0,辽宁对外经贸学院,2020-04-27 09:07:40,4,E,781,8,0.0138888888888888,0.0,0.0660550458715596,0.0660550458715596,0.0605187319884726,0.0325757575757575,0.0619727188960246
U_12291592,C_1907852,1.0,合肥工业大学,2020-11-12 15:08:19,4,E,248,71,0.0416666666666666,0.0,0.0128440366972477,0.0128440366972477,0.0144092219020172,0.0037878787878787,0.0611395765113001
U_7284125,C_1824911,0.0,重庆三峡医药高等专科学校,2020-06-10 18:08:14,4,E,822,57,0.0416666666666666,0.0,0.0532110091743119,0.0532110091743119,0.0605187319884726,0.0159090909090909,0.0627432141555485
U_19801351,C_808528,0.0,中国医科大学,2020-02-19 20:17:06,2,C,69,156,0.125,0.0,0.1834862385321101,0.1834862385321101,0.1757925072046109,0.0583333333333333,0.0719488798730551
U_6159290,C_735197,1.0,华南理工大学,2020-10-04 19:22:28,3,D,211,141,0.1666666666666666,0.0,0.1871559633027523,0.2458715596330275,0.0893371757925072,0.1568181818181818,0.0841778562340125
U_24693939,C_948395,2.0,西安美术学院,2020-02-23 19:44:13,1,B,727,170,0.0277777777777777,0.0,0.0256880733944954,0.0422018348623853,0.0403458213256484,0.0219696969696969,0.1118945985050042
U_7228792,C_1017355,0.0,广州中医药大学,2020-05-05 10:17:03,4,E,423,0,0.1111111111111111,0.0,0.0091743119266055,0.0091743119266055,0.0057636887608069,0.0015151515151515,0.0615770020154584
U_11720881,C_948078,1.0,辽宁对外经贸学院,2020-03-09 12:05:20,4,E,781,164,0.0972222222222222,0.0,0.091743119266055,0.091743119266055,0.0547550432276657,0.0325757575757575,0.065433613518575
U_25005142,C_1472684,1.0,辽宁对外经贸学院,2020-09-23 18:22:03,4,E,781,3,0.0416666666666666,0.0,0.0165137614678899,0.0165137614678899,0.0172910662824207,0.0045454545454545,0.0616147240038105
U_32994679,C_735164,2.0,昆明理工大学,2020-09-17 08:28:03,0,A,476,138,0.1111111111111111,0.0,0.181651376146789,0.2715596330275229,0.2190201729106628,0.0575757575757575,0.0668517314824167
U_14911732,C_674920,2.0,西昌民族幼儿师范高等专科学校,2020-06-04 12:07:50,4,E,751,87,0.0555555555555555,0.0,0.018348623853211,0.018348623853211,0.0288184438040345,0.0075757575757575,0.0595658163458135
U_6101775,C_1017355,0.0,广州中医药大学,2020-05-01 16:57:53,3,D,423,0,0.125,0.0,0.0825688073394495,0.0825688073394495,0.0691642651296829,0.0242424242424242,0.0803812175914636
U_31073454,C_682392,0.0,昆明理工大学,2020-08-06 15:27:07,0,A,476,108,0.0833333333333333,0.0,0.4495412844036697,0.4495412844036697,0.6916426512968299,0.2409090909090909,0.0624852763793466
U_30097248,C_808528,0.0,广州中医药大学,2020-05-21 08:27:11,1,B,423,156,0.2083333333333333,0.0,0.0972477064220183,0.0972477064220183,0.0979827089337175,0.0257575757575757,0.1112371156879373
U_5235981,C_674920,0.0,西昌民族幼儿高等专科学校,2020-06-04 16:20:11,4,E,755,87,0.0555555555555555,0.0,0.0788990825688073,0.0788990825688073,0.0749279538904899,0.0227272727272727,0.0638349727873169
U_32538738,C_735164,1.0,昆明理工大学,2020-11-26 22:09:34,0,A,476,138,0.0972222222222222,0.0,0.1724770642201835,0.2568807339449541,0.1959654178674351,0.0583333333333333,0.06444183771769
U_12305641,C_948488,2.0,合肥工业大学,2020-03-01 18:54:18,1,B,248,172,0.1805555555555555,0.0,0.0623853211009174,0.0642201834862385,0.0979827089337175,0.0242424242424242,0.1139710263270123
U_32886970,C_735164,1.0,昆明理工大学,2020-09-16 10:59:52,0,A,476,138,0.0972222222222222,0.0,0.2091743119266055,0.2458715596330275,0.2247838616714697,0.0393939393939393,0.0688193414955683
U_33492513,C_735164,2.0,昆明理工大学,2020-10-31 12:55:50,0,A,476,138,0.0138888888888888,0.0,0.018348623853211,0.0238532110091743,0.0259365994236311,0.0121212121212121,0.0637715233827263
U_16047900,C_948113,0.0,西安思源学院,2020-05-07 11:32:39,0,A,721,166,0.0972222222222222,0.0,0.0110091743119266,0.0110091743119266,0.0144092219020172,0.0037878787878787,0.0635977506573376
U_23349924,C_696596,2.0,辽宁对外经贸学院,2020-05-09 07:50:09,4,E,781,117,0.0416666666666666,0.0,0.110091743119266,0.110091743119266,0.0778097982708933,0.0219696969696969,0.0643470597981571
U_8488512,C_735197,0.0,华南理工大学,2020-10-20 17:41:30,3,D,211,141,0.1527777777777777,0.0,0.1541284403669724,0.2201834862385321,0.0057636887608069,0.1325757575757575,0.0885006564431187
U_31160039,C_801420,0.0,辽宁对外经贸学院,2020-08-08 23:49:07,4,E,781,155,0.0277777777777777,0.0,0.0036697247706422,0.0036697247706422,0.0,0.0,0.0613551222407258
U_9046773,C_786631,2.0,中国传媒大学,2020-03-12 14:46:23,4,E,66,154,0.0277777777777777,0.0,0.0972477064220183,0.0972477064220183,0.0518731988472622,0.0265151515151515,0.0669699785502758
U_9054562,C_786631,0.0,河北师范大学,2020-02-11 12:22:03,2,C,556,154,0.0138888888888888,0.0,0.1688073394495413,0.1688073394495413,0.1671469740634005,0.0522727272727272,0.0704659753723062
U_22348158,C_676646,2.0,辽宁对外经贸学院,2020-06-10 09:00:28,4,E,781,90,0.0416666666666666,0.0,0.0146788990825688,0.0146788990825688,0.0230547550432276,0.006060606060606,0.0613540079637954
U_33329194,C_697076,0.0,辽宁对外经贸学院,2020-11-23 14:54:19,4,E,781,121,0.0416666666666666,0.0,0.0770642201834862,0.0770642201834862,0.0374639769452449,0.0318181818181818,0.0653074625130226
U_25271550,C_948395,2.0,西安美术学院,2020-05-25 11:38:31,0,A,727,170,0.1666666666666666,0.0,0.110091743119266,0.110091743119266,0.1585014409221901,0.0893939393939394,0.0687737799499678
U_5395789,C_674920,2.0,西昌民族幼儿师范高等专科学校,2020-06-04 12:38:05,4,E,751,87,0.0694444444444444,0.0,0.2201834862385321,0.2201834862385321,0.2737752161383285,0.0742424242424242,0.0646030463516453
U_29821416,C_756642,2.0,辽宁对外经贸学院,2020-05-07 21:12:40,4,E,781,149,0.0277777777777777,0.0,0.0091743119266055,0.0091743119266055,0.0028818443804034,0.0007575757575757,0.0617855203717095
U_32853407,C_735164,1.0,昆明理工大学,2020-12-04 15:44:48,0,A,476,138,0.125,0.0,0.2862385321100917,0.2972477064220183,0.4438040345821325,0.1613636363636363,0.0694945338873164
U_10910432,C_676646,2.0,天津商业大学,2020-08-17 15:38:58,4,E,316,90,0.0277777777777777,0.0,0.018348623853211,0.018348623853211,0.0172910662824207,0.0045454545454545,0.0608792120875608
U_17459896,C_735164,2.0,邵阳学院,2020-09-16 08:18:54,0,A,804,138,0.1111111111111111,0.0,0.1944954128440367,0.2715596330275229,0.1930835734870317,0.0507575757575757,0.0689528912999389
U_30351939,C_1829948,1.0,华南理工大学,2020-06-04 14:30:09,3,D,211,61,0.0277777777777777,0.0,0.0073394495412844,0.0073394495412844,0.0057636887608069,0.0015151515151515,0.0409284377403477
U_12093187,C_948488,2.0,合肥工业大学,2020-03-06 14:40:31,0,A,248,172,0.0416666666666666,0.2,0.2220183486238532,0.344954128440367,0.2795389048991354,0.0325757575757575,0.0747055762372723
U_30029819,C_1750793,0.0,昆明理工大学,2020-05-18 08:51:40,0,A,476,17,0.0833333333333333,0.0,0.0201834862385321,0.0201834862385321,0.0288184438040345,0.0151515151515151,0.0696241465798661
U_33333674,C_697076,2.0,辽宁对外经贸学院,2020-09-28 14:19:54,4,E,781,121,0.0416666666666666,0.0,0.0825688073394495,0.0825688073394495,0.0605187319884726,0.0318181818181818,0.0620811801362634
U_27283050,C_735050,1.0,华南理工大学,2020-04-15 14:39:17,3,D,211,135,0.1805555555555555,0.0,0.1889908256880734,0.2422018348623853,0.1066282420749279,0.1401515151515151,0.0887590597394604
U_19182968,C_1738818,2.0,安徽工业大学,2020-06-15 19:19:31,4,E,344,15,0.0416666666666666,0.0,0.0752293577981651,0.0752293577981651,0.0576368876080691,0.0303030303030303,0.060669881547236
U_31397319,C_707035,2.0,昆明理工大学,2020-08-23 10:26:31,0,A,476,130,0.125,0.0,0.1944954128440367,0.1944954128440367,0.1902017291066282,0.0568181818181818,0.3901334769396468
U_14257632,C_1829948,0.0,北方民族大学,2020-06-12 11:08:10,0,A,190,61,0.1388888888888889,0.0,0.1688073394495413,0.1688073394495413,0.1181556195965417,0.031060606060606,0.0775686835721762
U_5152218,C_735197,1.0,华南理工大学,2020-09-15 22:09:37,3,D,211,141,0.1527777777777777,0.0,0.1724770642201835,0.255045871559633,0.1152737752161383,0.1651515151515151,0.0857582079665855
U_14441655,C_1776290,2.0,河北农业大学,2020-04-27 20:19:17,2,C,545,48,0.1388888888888889,0.0,0.1761467889908257,0.1761467889908257,0.1815561959654178,0.0659090909090909,0.0818206801489508
U_31068217,C_682392,0.0,中国医科大学,2020-08-14 23:07:36,2,C,69,108,0.1666666666666666,0.0,0.4495412844036697,0.4495412844036697,0.3112391930835734,0.1068181818181818,0.0732236225861707
U_19901300,C_948395,0.0,西安美术学院,2020-02-22 12:58:00,0,A,727,170,0.0277777777777777,0.0,0.1908256880733945,0.2715596330275229,0.1988472622478386,0.0613636363636363,0.0693700270592792
U_2765339,C_786631,1.0,湖南工学院,2020-05-31 23:17:48,4,E,642,154,0.1805555555555555,0.0,0.255045871559633,0.255045871559633,0.30835734870317,0.1037878787878787,0.0714450880349193
U_29721787,C_1756077,2.0,昆明理工大学,2020-05-01 14:54:42,0,A,476,28,0.0277777777777777,0.0,0.3100917431192661,0.3100917431192661,0.4870317002881844,0.1765151515151515,0.0673143693592546
U_30594756,C_1829948,1.0,辽宁对外经贸学院,2020-06-18 10:00:59,4,E,781,61,0.1805555555555555,0.0,0.1119266055045871,0.1119266055045871,0.1152737752161383,0.0303030303030303,0.0652169485598769
U_33543671,C_697076,2.0,辽宁对外经贸学院,2020-12-01 22:07:10,4,E,781,121,0.0555555555555555,0.0,0.1963302752293578,0.1963302752293578,0.2334293948126801,0.0727272727272727,0.0657043431939384
U_8294445,C_1017355,0.0,广州中医药大学,2020-03-04 11:00:17,1,B,423,0,0.2083333333333333,0.0,0.036697247706422,0.0513761467889908,0.0576368876080691,0.0257575757575757,0.1132226977498915
U_31065894,C_682392,1.0,昆明理工大学,2020-08-01 09:47:30,0,A,476,108,0.0833333333333333,0.0,0.0165137614678899,0.0165137614678899,0.0259365994236311,0.0068181818181818,0.0591262662869744
U_24632837,C_676646,2.0,天津财经大学,2020-06-10 08:35:51,4,E,327,90,0.0416666666666666,0.0,0.0256880733944954,0.0256880733944954,0.0403458213256484,0.0106060606060606,0.0616586067055025
U_10272875,C_1918363,0.0,新乡医学院三全学院,2020-11-16 08:17:37,4,E,461,76,0.0416666666666666,0.0,0.0073394495412844,0.0073394495412844,0.0115273775216138,0.0083333333333333,0.0615163506840487
U_15218743,C_948120,0.0,中国农业大学,2020-09-27 09:59:36,4,E,67,167,0.0416666666666666,0.0,0.018348623853211,0.018348623853211,0.0259365994236311,0.0068181818181818,0.0606652312981796
U_33460004,C_2027893,1.0,辽宁对外经贸学院,2020-09-23 10:48:08,4,E,781,84,0.0416666666666666,0.0,0.0165137614678899,0.0165137614678899,0.0230547550432276,0.0075757575757575,0.0615083179854656
U_33554898,C_697076,2.0,辽宁对外经贸学院,2020-10-08 10:16:03,4,E,781,121,0.0416666666666666,0.0,0.055045871559633,0.055045871559633,0.0835734870317002,0.0257575757575757,0.061558787301902
U_29484523,C_801420,2.0,辽宁对外经贸学院,2020-09-05 21:01:30,4,E,781,155,0.0277777777777777,0.0,0.0036697247706422,0.0036697247706422,0.0,0.0,0.0613551222407258
U_30699363,C_676646,1.0,辽宁对外经贸学院,2020-08-06 15:41:12,4,E,781,90,0.0277777777777777,0.0,0.0091743119266055,0.0091743119266055,0.0144092219020172,0.0037878787878787,0.0612297834192472
U_12980589,C_1992950,0.0,华南农业大学,2020-10-13 19:08:36,4,E,209,83,0.0138888888888888,0.0,0.0146788990825688,0.0146788990825688,0.0230547550432276,0.1212121212121212,0.0548317389978502
U_14172538,C_735186,0.0,皖西学院,2020-05-08 10:55:38,4,E,670,139,0.0416666666666666,0.0,0.0036697247706422,0.0036697247706422,0.0057636887608069,0.003030303030303,0.0632232149431337
U_12990494,C_735385,0.0,重庆大学,2020-06-21 01:02:08,4,E,835,146,0.0416666666666666,0.0,0.0091743119266055,0.0091743119266055,0.0144092219020172,0.0037878787878787,0.0613211689845696
U_12604529,C_682392,2.0,昆明理工大学,2020-09-04 10:46:56,0,A,476,108,0.0833333333333333,0.0,0.018348623853211,0.018348623853211,0.0230547550432276,0.006060606060606,0.0555173808310349
U_32594064,C_735164,1.0,昆明理工大学,2020-11-27 15:03:14,2,C,476,138,0.1388888888888889,0.0,0.1761467889908257,0.1761467889908257,0.1037463976945244,0.0469696969696969,0.0807572291035576
U_29746858,C_1714448,0.0,辽宁对外经贸学院,2020-04-30 19:26:41,4,E,781,8,0.0277777777777777,0.0,0.0073394495412844,0.0073394495412844,0.0057636887608069,0.0015151515151515,0.0612847841285341
U_5256547,C_674920,0.0,西昌民族幼儿师范高等专科学校,2020-07-19 19:25:20,4,E,751,87,0.0694444444444444,0.0,0.2201834862385321,0.2201834862385321,0.3458213256484149,0.0931818181818181,0.0637527391498499
U_33344186,C_697076,1.0,辽宁对外经贸学院,2020-11-17 11:44:36,4,E,781,121,0.0416666666666666,0.0,0.0678899082568807,0.0678899082568807,0.0461095100864553,0.0265151515151515,0.0615240911944589
U_6241460,C_735115,0.0,广州体育学院,2020-05-11 22:26:59,0,A,425,136,0.125,0.0,0.4036697247706422,0.4036697247706422,0.6138328530259366,0.2098484848484848,0.0668836097073113
U_6509831,C_1824911,2.0,重庆三峡医药高等专科学校,2020-06-05 21:34:33,4,E,822,57,0.1666666666666666,0.0,0.0348623853211009,0.0348623853211009,0.0489913544668587,0.0128787878787878,0.0616352613657241
U_31062732,C_801420,1.0,辽宁对外经贸学院,2020-08-01 14:51:40,4,E,781,155,0.0277777777777777,0.0,0.0220183486238532,0.0220183486238532,0.0201729106628242,0.006060606060606,0.0588357024822491
U_32753831,C_735164,2.0,昆明理工大学,2020-10-20 16:14:28,0,A,476,138,0.0138888888888888,0.0,0.2862385321100917,0.3137614678899083,0.4351585014409221,0.1575757575757575,0.0553121514020848
U_6758653,C_1824911,2.0,重庆三峡医药高等专科学校,2020-06-10 18:12:06,4,E,822,57,0.1805555555555555,0.0,0.0807339449541284,0.0807339449541284,0.0489913544668587,0.0128787878787878,0.0669094114086786
U_33246390,C_697076,1.0,辽宁对外经贸学院,2020-11-16 19:03:51,4,E,781,121,0.0416666666666666,0.0,0.0091743119266055,0.0091743119266055,0.0057636887608069,0.0015151515151515,0.0607520805183096
U_12646733,C_674920,0.0,西昌民族幼儿师范高等专科学校,2020-06-25 16:28:55,4,E,751,87,0.2361111111111111,0.0,0.036697247706422,0.036697247706422,0.0576368876080691,0.0151515151515151,0.0596658833665096
U_12205214,C_674920,0.0,西昌民族幼儿师范高等专科学校,2020-07-02 08:26:46,4,E,751,87,0.0694444444444444,0.0,0.2201834862385321,0.2201834862385321,0.3458213256484149,0.0931818181818181,0.0637527391498499
U_5116685,C_1017355,1.0,云南中医药大学,2020-04-19 08:29:31,4,E,104,0,0.0416666666666666,0.0,0.0642201834862385,0.0642201834862385,0.0547550432276657,0.0318181818181818,0.0628209114478231
U_14690681,C_813262,1.0,陕西工业职业技术学院,2020-06-05 12:45:37,0,A,876,157,0.0833333333333333,0.0,0.1761467889908257,0.2495412844036697,0.1930835734870317,0.0318181818181818,0.0689100683994163
U_2104085,C_1828106,1.0,华中科技大学,2020-08-30 16:40:56,4,E,200,59,0.0416666666666666,0.0,0.0018348623853211,0.0018348623853211,0.0028818443804034,0.0151515151515151,0.0037927453167673
U_15005338,C_674920,1.0,辽宁对外经贸学院,2020-06-23 00:17:31,4,E,781,87,0.0555555555555555,0.0,0.2201834862385321,0.2201834862385321,0.1123919308357348,0.0303030303030303,0.0682093813514995
U_30608044,C_1829948,0.0,广州中医药大学,2020-06-18 23:18:13,1,B,423,61,0.6944444444444444,0.0,0.4770642201834862,0.4770642201834862,0.3025936599423631,0.0795454545454545,0.1079774347173161
U_31064065,C_735115,2.0,昆明理工大学,2020-07-26 13:58:15,0,A,476,136,0.1388888888888889,0.0,0.5211009174311927,0.5211009174311927,0.8011527377521613,0.2742424242424242,0.0714220002169204
U_28562374,C_1736024,2.0,广州中医药大学,2020-05-13 09:50:23,4,E,423,14,0.0416666666666666,0.0,0.0091743119266055,0.0110091743119266,0.0086455331412103,0.003030303030303,0.0604202587531062
U_12408107,C_735197,0.0,华南理工大学,2020-09-14 18:47:55,4,E,211,141,0.0138888888888888,0.0,0.0256880733944954,0.0256880733944954,0.0345821325648414,0.009090909090909,0.0256606531522868
U_32878450,C_735164,2.0,昆明理工大学,2020-09-16 18:36:06,0,A,476,138,0.0972222222222222,0.0,0.0091743119266055,0.0146788990825688,0.0144092219020172,0.006060606060606,0.0380659306843097
U_30594317,C_1829948,2.0,辽宁对外经贸学院,2020-06-18 09:35:39,4,E,781,61,0.0416666666666666,0.0,0.0422018348623853,0.0422018348623853,0.031700288184438,0.0083333333333333,0.0623642609523581
U_31634965,C_1992917,2.0,辽宁对外经贸学院,2020-08-29 11:26:44,4,E,781,80,0.0416666666666666,0.0,0.073394495412844,0.073394495412844,0.0489913544668587,0.0371212121212121,0.0619505670706473
U_24685664,C_1738818,1.0,辽宁对外经贸学院,2020-08-06 01:56:46,4,E,781,15,0.0277777777777777,0.0,0.0165137614678899,0.0165137614678899,0.0172910662824207,0.009090909090909,0.0613531710180121
U_32578691,C_735164,1.0,昆明理工大学,2020-09-15 09:03:42,0,A,476,138,0.0972222222222222,0.0,0.0036697247706422,0.0036697247706422,0.0057636887608069,0.003030303030303,0.0628983115995829
U_15275063,C_747056,1.0,辽宁对外经贸学院,2020-07-07 09:19:35,4,E,781,147,0.0416666666666666,0.0,0.0440366972477064,0.0440366972477064,0.0345821325648414,0.0136363636363636,0.0626418991446903
U_16731593,C_677087,1.0,辽宁对外经贸学院,2020-06-22 16:07:46,4,E,781,92,0.0416666666666666,0.0,0.0311926605504587,0.0311926605504587,0.0432276657060518,0.0113636363636363,0.0608447190261361
U_30647123,C_1828106,2.0,辽宁对外经贸学院,2020-06-23 10:11:45,4,E,781,59,0.0416666666666666,0.0,0.018348623853211,0.018348623853211,0.0028818443804034,0.0151515151515151,0.06208536486518
U_33344829,C_697076,1.0,辽宁对外经贸学院,2020-10-15 10:47:36,4,E,781,121,0.0416666666666666,0.0,0.0825688073394495,0.0825688073394495,0.0662824207492795,0.034090909090909,0.061763319022913
U_20240666,C_948120,2.0,中国农业大学,2020-10-07 09:30:29,4,E,67,167,0.0138888888888888,0.0,0.0385321100917431,0.0385321100917431,0.0576368876080691,0.0166666666666666,0.0234450128861022
U_30318100,C_676635,2.0,广州中医药大学,2020-06-02 10:21:09,1,B,423,89,0.2222222222222222,0.0,0.0642201834862385,0.0642201834862385,0.0576368876080691,0.0151515151515151,0.1165898544447107
U_18511766,C_697062,1.0,湖北科技学院,2020-04-28 08:02:50,4,E,633,120,0.0416666666666666,0.0,0.0825688073394495,0.0825688073394495,0.0720461095100864,0.0333333333333333,0.0609276905625481
U_2765290,C_786631,1.0,湖南工学院,2020-06-01 12:40:08,0,A,642,154,0.2638888888888889,0.0,0.255045871559633,0.255045871559633,0.4005763688760806,0.1409090909090909,0.0701327223802899
U_8934369,C_735197,1.0,华南理工大学,2020-09-10 20:11:29,4,E,211,141,0.0416666666666666,0.0,0.091743119266055,0.091743119266055,0.0691642651296829,0.031060606060606,0.0628403642468577
U_30689462,C_1776290,0.0,辽宁对外经贸学院,2020-06-26 13:41:33,4,E,781,48,0.0277777777777777,0.0,0.0091743119266055,0.0091743119266055,0.0086455331412103,0.0045454545454545,0.0615349813943258
U_6758643,C_1824911,2.0,重庆三峡医药高等专科学校,2020-06-02 10:22:40,4,E,822,57,0.0416666666666666,0.0,0.0513761467889908,0.0513761467889908,0.0461095100864553,0.028030303030303,0.0603617864521383
U_27873015,C_735283,2.0,辽宁对外经贸学院,2020-04-20 15:41:59,4,E,781,143,0.0416666666666666,0.0,0.0697247706422018,0.0697247706422018,0.0518731988472622,0.0318181818181818,0.0633012390899746
U_10920425,C_1828108,1.0,云南大学,2020-07-07 11:24:36,4,E,106,60,0.0277777777777777,0.0,0.0018348623853211,0.0018348623853211,0.0,0.0,0.0613845044852962
U_5503124,C_1017355,2.0,广州中医药大学,2020-05-08 20:52:03,0,A,423,0,0.1527777777777777,0.0,0.0752293577981651,0.0752293577981651,0.1037463976945244,0.034090909090909,0.0681163516086619
U_31946313,C_682392,0.0,辽宁对外经贸学院,2020-09-15 20:52:38,4,E,781,108,0.0277777777777777,0.0,0.0715596330275229,0.0715596330275229,0.0576368876080691,0.0234848484848484,0.0597397079274081
U_25241305,C_2027893,2.0,辽宁对外经贸学院,2020-09-30 11:31:40,4,E,781,84,0.0416666666666666,0.0,0.0165137614678899,0.0165137614678899,0.0230547550432276,0.006060606060606,0.061515479071872
U_8260559,C_735164,0.0,安徽科技学院,2020-12-01 10:02:11,4,E,350,138,0.0416666666666666,0.0,0.0587155963302752,0.0605504587155963,0.0864553314121037,0.0401515151515151,0.062024213347237
U_29698801,C_1410126,1.0,辽宁对外经贸学院,2020-06-16 10:32:10,4,E,781,2,0.0416666666666666,0.0,0.0165137614678899,0.0165137614678899,0.0230547550432276,0.0106060606060606,0.0615463816854097
U_31574278,C_1992917,2.0,辽宁对外经贸学院,2020-08-28 19:46:46,4,E,781,80,0.0277777777777777,0.0,0.0825688073394495,0.0825688073394495,0.0518731988472622,0.034090909090909,0.0658723761550498
U_13134123,C_735385,2.0,辽宁对外经贸学院,2020-09-01 17:31:49,4,E,781,146,0.0277777777777777,0.0,0.0091743119266055,0.0091743119266055,0.0115273775216138,0.003030303030303,0.0613553500484538
U_30491405,C_823315,1.0,辽宁对外经贸学院,2020-06-13 18:35:48,4,E,781,158,0.0416666666666666,0.0,0.0605504587155963,0.0605504587155963,0.0461095100864553,0.0287878787878787,0.0567779548939371
U_16165452,C_801420,1.0,中国传媒大学,2020-09-13 14:45:33,4,E,66,155,0.0416666666666666,0.0,0.0256880733944954,0.0256880733944954,0.0345821325648414,0.009090909090909,0.0616703536605203
U_3099960,C_680979,1.0,西安交通大学,2020-07-16 15:22:41,4,E,715,100,0.0277777777777777,0.0,0.0752293577981651,0.0752293577981651,0.0979827089337175,0.0318181818181818,0.0617018703644553
U_33405827,C_2027893,1.0,辽宁对外经贸学院,2020-09-22 19:40:27,4,E,781,84,0.0416666666666666,0.0,0.0146788990825688,0.0146788990825688,0.0144092219020172,0.0037878787878787,0.061542092957313
U_3437732,C_697076,0.0,综合高中,2020-11-29 11:37:16,4,E,687,121,0.0833333333333333,0.0,0.0568807339449541,0.0697247706422018,0.0259365994236311,0.0272727272727272,0.0670745026786937
U_30253589,C_766175,2.0,昆明理工大学,2020-05-31 22:18:26,0,A,476,151,0.0972222222222222,0.0,0.1834862385321101,0.1834862385321101,0.2507204610951008,0.0674242424242424,0.0678164031160112
U_34102695,C_735164,2.0,昆明理工大学,2020-12-07 21:22:29,0,A,476,138,0.125,0.0,0.2862385321100917,0.2935779816513761,0.4380403458213256,0.1575757575757575,0.0694548606762506
U_33333681,C_697076,2.0,辽宁对外经贸学院,2020-09-28 14:21:56,4,E,781,121,0.0416666666666666,0.0,0.0844036697247706,0.0844036697247706,0.0778097982708933,0.0325757575757575,0.0606204423179175
U_32966872,C_735164,1.0,昆明理工大学,2020-10-21 15:59:36,0,A,476,138,0.0833333333333333,0.0,0.2862385321100917,0.291743119266055,0.4438040345821325,0.1613636363636363,0.0693656442366861
U_1016790,C_735164,0.0,北京交通大学,2020-11-19 10:51:53,0,A,157,138,0.0972222222222222,0.0,0.1669724770642202,0.2477064220183486,0.1786743515850144,0.0477272727272727,0.0612446949207475
U_33306038,C_735164,2.0,昆明理工大学,2020-09-21 19:11:21,0,A,476,138,0.0972222222222222,0.0,0.1963302752293578,0.2642201834862385,0.1988472622478386,0.0545454545454545,0.0188288648690233
U_18252681,C_948113,2.0,西安思源学院,2020-02-20 21:12:42,2,C,721,166,0.0138888888888888,0.0,0.1743119266055046,0.1743119266055046,0.170028818443804,0.056060606060606,0.071370164054116
U_31055173,C_749807,2.0,辽宁对外经贸学院,2020-07-24 14:55:07,4,E,781,148,0.0416666666666666,0.0,0.055045871559633,0.055045871559633,0.0749279538904899,0.0196969696969696,0.0625944804708723
U_32219578,C_801420,1.0,辽宁对外经贸学院,2020-09-08 16:16:00,4,E,781,155,0.0277777777777777,0.0,0.0018348623853211,0.0018348623853211,0.0,0.0,0.0612796980733893
U_20303498,C_948113,0.0,西安思源学院,2020-05-12 08:42:13,0,A,721,166,0.1111111111111111,0.0,0.0110091743119266,0.0110091743119266,0.0172910662824207,0.0045454545454545,0.0622442657078037
U_31062450,C_1771170,1.0,辽宁对外经贸学院,2020-07-26 01:58:18,4,E,781,40,0.0416666666666666,0.0,0.0091743119266055,0.0091743119266055,0.0086455331412103,0.0022727272727272,0.0612801388318196
U_30318816,C_676635,2.0,辽宁对外经贸学院,2020-06-02 11:05:28,4,E,781,89,0.0416666666666666,0.0,0.0091743119266055,0.0091743119266055,0.0144092219020172,0.0037878787878787,0.0612847940332179
U_16917706,C_676646,1.0,辽宁对外经贸学院,2020-08-29 09:56:08,4,E,781,90,0.0416666666666666,0.0,0.0256880733944954,0.0256880733944954,0.0201729106628242,0.0053030303030303,0.0618405458427059
U_19205058,C_707079,2.0,辽宁对外经贸学院,2020-05-19 18:30:41,4,E,781,132,0.0416666666666666,0.0,0.0091743119266055,0.0091743119266055,0.0086455331412103,0.0022727272727272,0.0612770535228077
U_30595997,C_1829948,0.0,广州中医药大学,2020-06-18 11:06:08,1,B,423,61,0.5277777777777778,0.0,0.0440366972477064,0.0440366972477064,0.0288184438040345,0.0075757575757575,0.0918216573113078
U_32885002,C_735164,1.0,昆明理工大学,2020-09-16 10:28:12,4,E,476,138,0.0138888888888888,0.0,0.0091743119266055,0.0091743119266055,0.0144092219020172,0.006060606060606,0.0604791718125045
U_33413167,C_2027893,0.0,辽宁对外经贸学院,2020-09-22 21:21:48,4,E,781,84,0.0277777777777777,0.0,0.0091743119266055,0.0091743119266055,0.0086455331412103,0.0022727272727272,0.0613838557285056
U_30269866,C_766175,0.0,华南理工大学,2020-05-29 13:48:46,3,D,211,151,0.1527777777777777,0.0,0.1834862385321101,0.1834862385321101,0.0835734870317002,0.0219696969696969,0.0850719322336358
U_27872461,C_735283,2.0,辽宁对外经贸学院,2020-04-20 14:03:30,4,E,781,143,0.0416666666666666,0.0,0.0697247706422018,0.0697247706422018,0.0547550432276657,0.034090909090909,0.063322187496267
U_31060149,C_735115,2.0,昆明理工大学,2020-07-25 13:43:40,0,A,476,136,0.125,0.0,0.5211009174311927,0.5211009174311927,0.6599423631123918,0.2181818181818181,0.0731780907546216
U_7137245,C_735197,0.0,华南理工大学,2020-10-23 21:44:58,4,E,211,141,0.0416666666666666,0.0,0.128440366972477,0.128440366972477,0.0806916426512968,0.0212121212121212,0.0657460320081628
U_31066526,C_682392,0.0,昆明理工大学,2020-08-04 15:39:06,0,A,476,108,0.0972222222222222,0.0,0.1192660550458715,0.2568807339449541,0.1815561959654178,0.0431818181818181,0.045200855299001
U_30314463,C_756642,2.0,安徽医科大学,2020-06-01 22:16:17,4,E,340,149,0.0277777777777777,0.0,0.0018348623853211,0.0018348623853211,0.0028818443804034,0.0007575757575757,0.0612276638169084
U_30195846,C_1628052,2.0,广外,2020-06-19 11:26:38,3,D,421,5,0.1388888888888889,0.0,0.018348623853211,0.018348623853211,0.0230547550432276,0.0098484848484848,0.0726712532262093
U_28726626,C_697107,1.0,辽宁对外经贸学院,2020-07-21 14:53:30,4,E,781,122,0.0277777777777777,0.0,0.0128440366972477,0.0128440366972477,0.0144092219020172,0.0037878787878787,0.0615232195822822
U_24055894,C_948395,0.0,西安美术学院,2020-05-28 18:00:46,0,A,727,170,0.1666666666666666,0.0,0.110091743119266,0.110091743119266,0.1642651296829971,0.0924242424242424,0.068698598447385
U_31153491,C_697076,2.0,辽宁对外经贸学院,2020-08-07 22:09:48,4,E,781,121,0.0555555555555555,0.0,0.055045871559633,0.055045871559633,0.0403458213256484,0.0106060606060606,0.0573766682695213
U_6324546,C_735164,0.0,宜宾学院,2020-09-20 22:30:20,0,A,354,138,0.0138888888888888,0.0,0.0256880733944954,0.0293577981651376,0.0403458213256484,0.0196969696969696,0.024039312228334
U_24545306,C_1017355,2.0,昆明理工大学,2020-05-07 11:23:50,0,A,476,0,0.1805555555555555,0.0,0.0825688073394495,0.0825688073394495,0.1095100864553314,0.0356060606060606,0.0691755832587452
U_33547087,C_735164,1.0,昆明理工大学,2020-09-24 08:49:50,0,A,476,138,0.0972222222222222,0.0,0.1559633027522936,0.2330275229357798,0.2046109510086455,0.0568181818181818,0.0709234430041868
U_29934425,C_697062,1.0,华南理工大学,2020-05-12 08:28:14,3,D,211,120,0.1666666666666666,0.0,0.1889908256880734,0.1889908256880734,0.2276657060518732,0.0621212121212121,0.0824700163635706
U_20269512,C_823315,1.0,西安石油大学,2020-06-13 21:09:13,4,E,725,158,0.0277777777777777,0.0,0.0788990825688073,0.0788990825688073,0.0432276657060518,0.031060606060606,0.0658554292410232
U_33220039,C_697076,2.0,辽宁对外经贸学院,2020-09-30 13:54:06,0,A,781,121,0.125,0.0,0.2036697247706422,0.291743119266055,0.2593659942363112,0.075,0.0672849276865812
U_29779364,C_674920,1.0,辽宁对外经贸学院,2020-05-05 09:22:08,4,E,781,87,0.0416666666666666,0.0,0.018348623853211,0.018348623853211,0.0172910662824207,0.0045454545454545,0.0610390687321737
U_6032418,C_735164,1.0,陕西理工大学,2020-11-21 17:38:35,0,A,880,138,0.0972222222222222,0.0,0.128440366972477,0.2513761467889908,0.1930835734870317,0.05,0.0548917217631016
U_32575912,C_735164,0.0,昆明理工大学,2020-09-20 10:01:13,4,E,476,138,0.0138888888888888,0.0,0.0091743119266055,0.0110091743119266,0.0115273775216138,0.0045454545454545,0.0605759801922217
U_11534653,C_735197,0.0,辽宁石油化工大学,2020-11-15 22:43:43,4,E,790,141,0.0416666666666666,0.0,0.0862385321100917,0.0862385321100917,0.0778097982708933,0.034090909090909,0.0606405488260847
U_16101922,C_674959,1.0,辽宁对外经贸学院,2020-05-14 18:26:37,4,E,781,88,0.0277777777777777,0.0,0.0073394495412844,0.0073394495412844,0.0057636887608069,0.0015151515151515,0.0617169651026064
U_24632771,C_948436,2.0,西安美术学院,2020-06-15 11:33:07,4,E,727,171,0.0416666666666666,0.0,0.0238532110091743,0.0238532110091743,0.031700288184438,0.0045454545454545,0.0620338307952323
U_31067813,C_682392,0.0,昆明理工大学,2020-07-30 14:52:03,0,A,476,108,0.0972222222222222,0.0,0.1119266055045871,0.1119266055045871,0.0835734870317002,0.025,0.0557930182772342
U_12981438,C_1829948,0.0,北方民族大学,2020-06-05 10:57:03,1,B,190,61,0.0416666666666666,0.0,0.0422018348623853,0.0422018348623853,0.0461095100864553,0.0121212121212121,0.0783380249360343
U_5277624,C_674920,0.0,西昌民族幼儿师范高等专科学校,2020-07-08 10:40:00,4,E,751,87,0.0138888888888888,0.0,0.0532110091743119,0.0532110091743119,0.0028818443804034,0.0265151515151515,0.0600212634221936
U_33454897,C_735164,0.0,昆明理工大学,2020-09-23 10:06:14,4,E,476,138,0.0416666666666666,0.0,0.0752293577981651,0.0752293577981651,0.063400576368876,0.0318181818181818,0.0624839243900043
U_33333864,C_697076,1.0,辽宁对外经贸学院,2020-09-28 14:20:00,4,E,781,121,0.0416666666666666,0.0,0.0091743119266055,0.0091743119266055,0.0144092219020172,0.0045454545454545,0.060646461922329
U_34040647,C_735164,1.0,昆明理工大学,2020-10-21 21:38:10,0,A,476,138,0.0972222222222222,0.0,0.1779816513761468,0.2568807339449541,0.2219020172910662,0.0575757575757575,0.0708324734355851
U_16126353,C_749807,1.0,辽宁对外经贸学院,2020-07-23 04:43:43,4,E,781,148,0.0416666666666666,0.0,0.0238532110091743,0.0238532110091743,0.031700288184438,0.0083333333333333,0.0618225094134584
U_5832617,C_1824926,0.0,武汉职业技术学院,2020-07-15 15:50:25,3,D,511,58,0.1111111111111111,0.0,0.1963302752293578,0.1963302752293578,0.2103746397694524,0.0689393939393939,0.072580942319082
U_10467480,C_1750793,0.0,北京体育大学,2020-05-24 10:55:22,0,A,159,17,0.1111111111111111,0.0,0.1798165137614679,0.2568807339449541,0.1873198847262247,0.0863636363636363,0.0691264065035481
U_6159346,C_735197,0.0,华南理工大学,2020-10-15 16:48:02,4,E,211,141,0.0694444444444444,0.0,0.0440366972477064,0.0440366972477064,0.0403458213256484,0.0416666666666666,0.0504399080948173
U_21165023,C_801420,0.0,南京邮电大学通达学院,2020-09-04 09:30:51,4,E,229,155,0.0277777777777777,0.0,0.0036697247706422,0.0036697247706422,0.0028818443804034,0.0007575757575757,0.0612704371940118
U_8154793,C_1918363,0.0,昆明理工大学,2020-11-12 09:47:18,0,A,476,76,0.0972222222222222,0.0,0.2036697247706422,0.2844036697247706,0.2074927953890489,0.0757575757575757,0.0751826006673677
U_33554748,C_697076,1.0,辽宁对外经贸学院,2020-11-30 10:56:17,4,E,781,121,0.0555555555555555,0.0,0.1834862385321101,0.1834862385321101,0.2737752161383285,0.0871212121212121,0.0646823283933321
U_11081920,C_735164,0.0,昆明理工大学,2020-10-19 20:42:14,0,A,476,138,0.1111111111111111,0.0,0.1908256880733945,0.273394495412844,0.2161383285302593,0.059090909090909,0.056518059776128
U_15219518,C_948120,0.0,中国农业大学,2020-10-03 18:44:47,0,A,67,167,0.0972222222222222,0.0,0.1211009174311926,0.1211009174311926,0.1873198847262247,0.0598484848484848,0.0631402533114054
U_30662823,C_1755893,0.0,辽宁对外经贸学院,2020-08-24 11:50:09,4,E,781,19,0.0277777777777777,0.0,0.0073394495412844,0.0073394495412844,0.0115273775216138,0.003030303030303,0.0611841178744665
U_33554615,C_697076,1.0,辽宁对外经贸学院,2020-11-20 08:28:21,4,E,781,121,0.0416666666666666,0.0,0.0715596330275229,0.0715596330275229,0.0201729106628242,0.0196969696969696,0.0639084655413073
U_11267501,C_1786221,1.0,北京体育大学,2020-09-15 09:37:11,4,E,159,51,0.0416666666666666,0.0,0.0091743119266055,0.0091743119266055,0.0086455331412103,0.0053030303030303,0.0614297292716467
U_31029153,C_735283,1.0,辽宁对外经贸学院,2020-07-20 20:55:52,4,E,781,143,0.0138888888888888,0.0,0.0036697247706422,0.0036697247706422,0.0028818443804034,0.0007575757575757,0.0611453014185516
U_30110431,C_747056,0.0,辽宁对外经贸学院,2020-05-21 19:47:26,4,E,781,147,0.0277777777777777,0.0,0.0073394495412844,0.0073394495412844,0.0028818443804034,0.0007575757575757,0.0615290930597911
U_30716525,C_948436,2.0,辽宁对外经贸学院,2020-06-29 20:43:35,4,E,781,171,0.0416666666666666,0.0,0.0495412844036697,0.0495412844036697,0.0489913544668587,0.0007575757575757,0.0626839395751906
U_33329294,C_697076,0.0,辽宁对外经贸学院,2020-11-30 10:14:35,4,E,781,121,0.0555555555555555,0.0,0.1834862385321101,0.1834862385321101,0.2536023054755043,0.0803030303030303,0.0649275733172106
U_312990,C_1017355,1.0,乌鲁木齐市师大附中,2020-05-07 14:03:29,1,B,97,0,0.1527777777777777,0.0,0.073394495412844,0.073394495412844,0.0778097982708933,0.0234848484848484,0.1141301450726802
U_12923148,C_1829948,0.0,北方民族大学,2020-06-19 14:42:29,4,E,190,61,0.0416666666666666,0.0,0.0073394495412844,0.0073394495412844,0.0057636887608069,0.0015151515151515,0.0611236349226818
U_29811707,C_674920,2.0,辽宁对外经贸学院,2020-05-12 07:19:03,4,E,781,87,0.0416666666666666,0.0,0.018348623853211,0.018348623853211,0.0144092219020172,0.0037878787878787,0.060437938613736
U_21397786,C_948120,0.0,中国农业大学,2020-09-27 09:41:15,0,A,67,167,0.0138888888888888,0.0,0.0385321100917431,0.0385321100917431,0.0547550432276657,0.0151515151515151,0.0323941223987383
U_31030072,C_682675,0.0,辽宁对外经贸学院,2020-07-20 22:18:55,4,E,781,114,0.0416666666666666,0.0,0.0073394495412844,0.0073394495412844,0.0115273775216138,0.003030303030303,0.0611015029066722
U_29712461,C_1714448,2.0,辽宁对外经贸学院,2020-04-28 19:48:29,4,E,781,8,0.0416666666666666,0.0,0.0697247706422018,0.0697247706422018,0.0691642651296829,0.0371212121212121,0.0621444463042033
U_33655768,C_697076,2.0,辽宁对外经贸学院,2020-11-26 13:06:04,4,E,781,121,0.0555555555555555,0.0,0.2110091743119266,0.2110091743119266,0.239193083573487,0.0734848484848484,0.0662432669456057
U_29247067,C_735283,2.0,辽宁对外经贸学院,2020-04-08 16:45:04,4,E,781,143,0.0416666666666666,0.0,0.0697247706422018,0.0697247706422018,0.0461095100864553,0.034090909090909,0.0629684615227819
U_31104062,C_747056,0.0,辽宁对外经贸学院,2020-07-30 16:23:08,4,E,781,147,0.0555555555555555,0.0,0.2880733944954128,0.2880733944954128,0.1152737752161383,0.0303030303030303,0.0717420056943192
U_16629629,C_854832,1.0,辽宁对外经贸学院,2020-05-31 23:21:43,4,E,781,161,0.0277777777777777,0.0,0.0073394495412844,0.0073394495412844,0.0,0.0,0.0613462278346499
U_14245453,C_1714448,2.0,中国医科大学,2020-03-18 16:23:38,2,C,69,8,0.125,0.0,0.2055045871559633,0.2055045871559633,0.1642651296829971,0.0651515151515151,0.0804992467562785
U_33554746,C_697076,2.0,辽宁对外经贸学院,2020-12-01 22:07:33,4,E,781,121,0.0555555555555555,0.0,0.1834862385321101,0.1834862385321101,0.2881844380403458,0.0931818181818181,0.0645015282947686
U_32538033,C_735164,0.0,昆明理工大学,2020-11-26 22:04:27,0,A,476,138,0.125,0.0,0.2862385321100917,0.2862385321100917,0.4495677233429394,0.1636363636363636,0.0690676271573815
U_15299629,C_1944729,0.0,辽宁对外经贸学院,2020-09-14 11:15:24,4,E,781,79,0.0416666666666666,0.0,0.018348623853211,0.018348623853211,0.0259365994236311,0.0068181818181818,0.0616583442313811
U_9794228,C_948078,1.0,重庆大学,2020-02-14 19:25:57,4,E,835,164,0.0277777777777777,0.0,0.0880733944954128,0.0880733944954128,0.0576368876080691,0.0325757575757575,0.0641281365715467
U_9329203,C_735283,1.0,辽宁对外经贸学院,2020-06-18 13:25:20,4,E,781,143,0.0277777777777777,0.0,0.0055045871559633,0.0055045871559633,0.0057636887608069,0.0015151515151515,0.0618012688189931
U_30962848,C_682575,2.0,广州中医药大学,2020-07-15 08:49:57,1,B,423,113,0.2222222222222222,0.0,0.110091743119266,0.110091743119266,0.1498559077809798,0.0393939393939393,0.111936495317589
U_32754056,C_735164,0.0,昆明理工大学,2020-11-02 21:34:38,0,A,476,138,0.125,0.0,0.1889908256880734,0.2715596330275229,0.2247838616714697,0.0666666666666666,0.0667101935505403
U_1117716,C_735164,2.0,嘉兴学院,2020-11-23 10:21:04,0,A,283,138,0.0972222222222222,0.0,0.1504587155963302,0.2642201834862385,0.1757925072046109,0.0401515151515151,0.0646691799255528
U_32872314,C_735164,0.0,昆明理工大学,2020-09-16 08:19:24,0,A,476,138,0.1111111111111111,0.0,0.2018348623853211,0.2844036697247706,0.2449567723342939,0.0659090909090909,0.0644114600523951
U_12696065,C_948387,2.0,深圳信息职业技术学院,2020-10-20 09:04:21,4,E,610,169,0.0138888888888888,0.0,0.073394495412844,0.073394495412844,0.063400576368876,0.0166666666666666,0.0627047344588837
U_31204147,C_735385,1.0,辽宁对外经贸学院,2020-08-15 20:56:21,4,E,781,146,0.0277777777777777,0.0,0.0036697247706422,0.0036697247706422,0.0028818443804034,0.0007575757575757,0.0612311255039057
U_34327838,C_735164,2.0,昆明理工大学,2020-10-06 14:23:18,0,A,476,138,0.0972222222222222,0.0,0.055045871559633,0.055045871559633,0.0864553314121037,0.0401515151515151,0.0639825822903788
U_29579162,C_801420,1.0,辽宁对外经贸学院,2020-08-16 21:35:59,4,E,781,155,0.0277777777777777,0.0,0.0165137614678899,0.0165137614678899,0.0144092219020172,0.0037878787878787,0.061713003229076
U_32538165,C_735164,1.0,昆明理工大学,2020-11-26 21:55:23,0,A,476,138,0.0972222222222222,0.0,0.1798165137614679,0.2568807339449541,0.1671469740634005,0.0454545454545454,0.0692736396286246
U_950723,C_735164,0.0,重庆交通大学,2020-11-29 12:31:39,0,A,830,138,0.125,0.0,0.2862385321100917,0.2899082568807339,0.4438040345821325,0.1621212121212121,0.0648347119539981
U_20242873,C_801420,2.0,南京邮电大学通达学院,2020-09-01 09:44:00,4,E,229,155,0.0277777777777777,0.0,0.0018348623853211,0.0018348623853211,0.0028818443804034,0.0007575757575757,0.0611950179790172
U_21106711,C_948120,0.0,辽宁对外经贸学院,2020-10-12 19:40:04,4,E,781,167,0.0138888888888888,0.0,0.1027522935779816,0.1027522935779816,0.1239193083573487,0.0386363636363636,0.063296994932955
U_3012348,C_801420,2.0,湖北民族学院,2020-08-22 11:04:17,4,E,627,155,0.0416666666666666,0.0,0.0165137614678899,0.0165137614678899,0.0086455331412103,0.0022727272727272,0.0616178340745319
U_33803977,C_735164,2.0,昆明理工大学,2020-09-26 16:34:47,0,A,476,138,0.1111111111111111,0.0,0.1908256880733945,0.273394495412844,0.2219020172910662,0.0643939393939393,0.0671127347582628
U_6160532,C_735197,0.0,华南理工大学,2020-10-22 21:46:39,4,E,211,141,0.0416666666666666,0.0,0.0715596330275229,0.0715596330275229,0.0403458213256484,0.0227272727272727,0.0522829557256606
U_19952141,C_948436,2.0,王佳宁,2020-05-29 13:03:48,4,E,662,171,0.0138888888888888,0.0,0.0532110091743119,0.0532110091743119,0.0662824207492795,0.0113636363636363,0.0628713906689433
U_6759188,C_1824911,2.0,三峡医药高等专科学校,2020-06-29 23:02:36,4,E,36,57,0.0972222222222222,0.0,0.0862385321100917,0.0862385321100917,0.1354466858789625,0.0356060606060606,0.0637430325597002
U_12305585,C_948488,1.0,合肥工业大学,2020-03-06 08:26:04,0,A,248,172,0.0138888888888888,0.0,0.1889908256880734,0.2678899082568807,0.2103746397694524,0.0598484848484848,0.0696868729425374
U_29924068,C_813262,1.0,昆明理工大学,2020-05-11 14:27:02,0,A,476,157,0.2083333333333333,0.2,0.0,0.2073394495412844,0.0,0.1106060606060606,0.0326593316875659
U_32095393,C_682392,0.0,昆明理工大学,2020-09-27 20:03:02,0,A,476,108,0.0555555555555555,0.0,0.1266055045871559,0.2532110091743119,0.1383285302593659,0.0272727272727272,0.0630427367467946
U_33224694,C_697076,1.0,辽宁对外经贸学院,2020-09-28 14:38:35,0,A,781,121,0.1111111111111111,0.0,0.1853211009174312,0.273394495412844,0.1930835734870317,0.0583333333333333,0.0415424753817748
U_7207464,C_1017355,0.0,广州中医药大学,2020-03-08 10:10:53,2,C,423,0,0.0138888888888888,0.0,0.1834862385321101,0.1834862385321101,0.1585014409221901,0.0628787878787878,0.0768098609825416
U_16159382,C_735164,1.0,昆明理工大学,2020-09-20 08:23:41,0,A,476,138,0.1111111111111111,0.0,0.2,0.2825688073394495,0.2507204610951008,0.0681818181818181,0.0645219468004763
U_30354726,C_1829948,0.0,辽宁对外经贸学院,2020-06-04 16:27:19,4,E,781,61,0.0416666666666666,0.0,0.0220183486238532,0.0220183486238532,0.0172910662824207,0.0045454545454545,0.0607138137723471
U_33366258,C_697076,2.0,辽宁对外经贸学院,2020-10-03 22:43:26,4,E,781,121,0.0416666666666666,0.0,0.0091743119266055,0.0091743119266055,0.0086455331412103,0.0022727272727272,0.0607180678340505
U_6165618,C_1829948,2.0,北方民族大学,2020-06-05 10:57:27,3,D,190,61,0.4583333333333333,0.0,0.4770642201834862,0.4770642201834862,0.585014409221902,0.1537878787878787,0.0771976244019953
U_23776830,C_948120,2.0,中国农业大学,2020-09-23 20:32:43,0,A,67,167,0.0972222222222222,0.0,0.2238532110091743,0.2752293577981651,0.2190201729106628,0.0848484848484848,0.0744501393937365
U_30093921,C_676635,0.0,商丘师范学院,2020-07-05 16:35:54,4,E,282,89,0.0277777777777777,0.0,0.0018348623853211,0.0018348623853211,0.0028818443804034,0.0007575757575757,0.0612276638169084
U_30443470,C_1829948,0.0,辽宁对外经贸学院,2020-06-10 21:29:51,4,E,781,61,0.0555555555555555,0.0,0.0440366972477064,0.0440366972477064,0.0288184438040345,0.0075757575757575,0.0622560374245311
U_33169163,C_1778562,2.0,中国医科大学,2020-09-20 16:09:03,2,C,69,49,0.1111111111111111,0.0,0.0018348623853211,0.0018348623853211,0.0,0.0,0.075194268384915
U_30383715,C_674920,0.0,辽宁对外经贸学院,2020-06-06 14:41:52,4,E,781,87,0.0416666666666666,0.0,0.073394495412844,0.073394495412844,0.0806916426512968,0.0212121212121212,0.0625534255564127
U_31084683,C_682392,0.0,华南理工大学,2020-07-30 20:53:35,3,D,211,108,0.0972222222222222,0.0,0.4495412844036697,0.4495412844036697,0.2219020172910662,0.0681818181818181,0.0822054771155986
U_30369838,C_1829948,2.0,昆明理工大学,2020-06-05 15:04:06,0,A,476,61,0.1527777777777777,0.0,0.0220183486238532,0.0220183486238532,0.0230547550432276,0.006060606060606,0.0681946332772823
U_4185333,C_1017355,1.0,上海中医药大学,2020-04-19 22:16:29,1,B,40,0,0.2222222222222222,0.0,0.0293577981651376,0.0495412844036697,0.0461095100864553,0.0212121212121212,0.112392913052984
U_14346019,C_735283,1.0,辽宁对外经贸学院,2020-06-16 13:25:36,4,E,781,143,0.0277777777777777,0.0,0.0018348623853211,0.0018348623853211,0.0028818443804034,0.0007575757575757,0.0616844381209212
U_34040679,C_735164,1.0,昆明昆明大学,2020-11-08 19:14:17,0,A,474,138,0.0972222222222222,0.0,0.1339449541284403,0.2532110091743119,0.1902017291066282,0.0454545454545454,0.0500381691664848
U_30112085,C_1750793,2.0,昆明理工大学,2020-05-22 08:17:04,0,A,476,17,0.0972222222222222,0.0,0.036697247706422,0.036697247706422,0.0432276657060518,0.0227272727272727,0.070296045664242
U_14532760,C_1017355,0.0,广州中医药大学,2020-05-05 10:33:51,4,E,423,0,0.1111111111111111,0.0,0.018348623853211,0.018348623853211,0.0259365994236311,0.0106060606060606,0.0616981214416271
U_29734729,C_680897,0.0,广州中医药大学,2020-05-07 20:18:49,1,B,423,99,0.2222222222222222,0.0,0.1009174311926605,0.1009174311926605,0.0403458213256484,0.0106060606060606,0.1137077994496472
U_33499393,C_2027893,1.0,辽宁对外经贸学院,2020-09-23 14:32:48,4,E,781,84,0.0416666666666666,0.0,0.0165137614678899,0.0165137614678899,0.0201729106628242,0.0068181818181818,0.0615423356220667
U_32314361,C_735197,1.0,辽宁对外经贸学院,2020-09-09 21:33:04,4,E,781,141,0.0277777777777777,0.0,0.0238532110091743,0.0238532110091743,0.0230547550432276,0.006060606060606,0.0583271019201157
U_29037371,C_801420,1.0,辽宁对外经贸学院,2020-07-09 08:47:24,4,E,781,155,0.0277777777777777,0.0,0.0036697247706422,0.0036697247706422,0.0,0.0,0.0613551222407258
U_30683267,C_735283,2.0,辽宁对外经贸学院,2020-06-25 11:14:55,4,E,781,143,0.0416666666666666,0.0,0.0330275229357798,0.0330275229357798,0.0518731988472622,0.0136363636363636,0.0623883838098168
U_20225230,C_1714448,0.0,中国医科大学,2020-03-19 17:14:33,0,A,69,8,0.0277777777777777,0.0,0.1926605504587156,0.2623853211009174,0.2046109510086455,0.0598484848484848,0.0669733312857509
U_6129782,C_1017355,0.0,广州中医药大学,2020-04-21 11:20:03,0,A,423,0,0.1111111111111111,0.0,0.2036697247706422,0.273394495412844,0.2046109510086455,0.0659090909090909,0.0698928259856774
U_32718435,C_735164,1.0,昆明理工大学,2020-11-17 08:03:16,0,A,476,138,0.0972222222222222,0.0,0.2055045871559633,0.2807339449541284,0.1930835734870317,0.0439393939393939,0.0675045789074529
U_2104097,C_1828106,0.0,华中科技大学,2020-08-27 19:51:46,4,E,200,59,0.0416666666666666,0.0,0.0844036697247706,0.0844036697247706,0.0518731988472622,0.0,0.0340616224949032
U_30121501,C_677087,2.0,辽宁对外经贸学院,2020-05-22 15:03:56,4,E,781,92,0.0416666666666666,0.0,0.0403669724770642,0.0403669724770642,0.0345821325648414,0.009090909090909,0.0622968645312627
U_20322438,C_823315,0.0,西安石油大学,2020-06-13 19:31:12,4,E,725,158,0.0277777777777777,0.0,0.0348623853211009,0.0348623853211009,0.0432276657060518,0.0121212121212121,0.0657796039339917
U_20322233,C_823315,0.0,西安石油大学,2020-07-02 11:47:03,4,E,725,158,0.0416666666666666,0.0,0.0825688073394495,0.0825688073394495,0.1095100864553314,0.0303030303030303,0.0627837985975263
U_20535011,C_1714448,0.0,中国医科大学,2020-03-18 13:40:17,2,C,69,8,0.0138888888888888,0.0,0.1853211009174312,0.1853211009174312,0.1585014409221901,0.0628787878787878,0.0765521213000162
U_318169,C_697076,0.0,职业技术学院,2020-11-16 15:36:05,4,E,690,121,0.0416666666666666,0.0,0.0972477064220183,0.0972477064220183,0.0461095100864553,0.0265151515151515,0.0619588127199326
U_11991338,C_697076,0.0,长沙理工大学,2020-09-08 19:24:06,0,A,862,121,0.125,0.0,0.1926605504587156,0.2660550458715596,0.2593659942363112,0.0704545454545454,0.0674575168022528
U_33618543,C_948120,2.0,辽宁对外经贸学院,2020-09-24 17:38:31,4,E,781,167,0.0138888888888888,0.0,0.0385321100917431,0.0385321100917431,0.0518731988472622,0.0136363636363636,0.0614998791948457
U_12140616,C_674920,0.0,沈阳化工大学,2020-06-02 22:26:25,4,E,534,87,0.0416666666666666,0.0,0.091743119266055,0.091743119266055,0.0547550432276657,0.0143939393939393,0.0639396801523856
U_17904785,C_786631,1.0,北华航天工业学院,2020-04-23 10:06:24,2,C,186,154,0.0555555555555555,0.0,0.2018348623853211,0.2018348623853211,0.1671469740634005,0.0613636363636363,0.0841886622440669
U_10491367,C_697766,0.0,武汉职业技术学院,2020-07-09 11:08:54,4,E,511,128,0.0416666666666666,0.0,0.036697247706422,0.036697247706422,0.0259365994236311,0.0068181818181818,0.0622021708015423
U_7751093,C_1017355,2.0,广州中医药大学,2020-04-21 11:24:20,4,E,423,0,0.0277777777777777,0.0,0.0844036697247706,0.0844036697247706,0.0489913544668587,0.0295454545454545,0.0651953613014777
U_32758190,C_1774987,2.0,昆明理工大学,2020-11-30 20:30:37,4,E,476,47,0.0416666666666666,0.0,0.036697247706422,0.036697247706422,0.0547550432276657,0.0265151515151515,0.0617492296101703
U_3384867,C_786631,2.0,昆明理工大学,2020-03-02 12:39:13,0,A,476,154,0.1111111111111111,0.0,0.1889908256880734,0.2770642201834862,0.2161383285302593,0.0583333333333333,0.0680988203182896
U_32612144,C_735164,2.0,昆明理工大学,2020-11-29 22:04:08,0,A,476,138,0.0972222222222222,0.0,0.055045871559633,0.055045871559633,0.0864553314121037,0.0401515151515151,0.0658138246166113
U_28294145,C_1750795,1.0,中国人民解放军陆军工程大学,2020-06-13 10:21:32,4,E,63,18,0.0416666666666666,0.0,0.0055045871559633,0.0055045871559633,0.0086455331412103,0.0045454545454545,0.0612703084331221
U_31066311,C_682392,0.0,昆明理工大学,2020-09-18 20:53:58,0,A,476,108,0.1388888888888889,0.0,0.1871559633027523,0.3082568807339449,0.2074927953890489,0.0234848484848484,0.1051409778051313
U_5643324,C_1824911,2.0,重庆三峡医药高等专科学校,2020-06-10 20:03:57,4,E,822,57,0.0416666666666666,0.0,0.0678899082568807,0.0678899082568807,0.0432276657060518,0.0272727272727272,0.0624581722120562
U_30666172,C_676635,0.0,辽宁对外经贸学院,2020-07-22 22:05:12,4,E,781,89,0.0416666666666666,0.0,0.0091743119266055,0.0091743119266055,0.0086455331412103,0.0022727272727272,0.061832107052086
U_6131804,C_1017355,1.0,广州中医药大学,2020-05-08 10:55:48,3,D,423,0,0.0833333333333333,0.0,0.0825688073394495,0.0825688073394495,0.0432276657060518,0.0136363636363636,0.0803083191185028
U_30111691,C_1750793,2.0,昆明理工大学,2020-05-21 21:37:38,0,A,476,17,0.0555555555555555,0.0,0.036697247706422,0.036697247706422,0.0461095100864553,0.0242424242424242,0.0698615469941543
U_22284938,C_948113,0.0,西安思源学院,2020-07-07 14:30:09,0,A,721,166,0.1111111111111111,0.0,0.2642201834862385,0.2642201834862385,0.4121037463976945,0.1257575757575757,0.0714374812377408
U_31127631,C_682392,2.0,华南理工大学,2020-08-10 10:29:09,3,D,211,108,0.125,0.0,0.4495412844036697,0.4495412844036697,0.2507204610951008,0.0765151515151515,0.0821263783105626
U_30563435,C_1829948,1.0,辽宁对外经贸学院,2020-06-16 17:07:14,4,E,781,61,0.0416666666666666,0.0,0.0073394495412844,0.0073394495412844,0.0057636887608069,0.0015151515151515,0.0612373753594
U_7374725,C_1824911,2.0,辽宁对外经贸学院,2020-06-10 19:18:14,4,E,781,57,0.0833333333333333,0.0,0.055045871559633,0.055045871559633,0.0576368876080691,0.0409090909090909,0.0611914126741045
U_29646226,C_1918363,2.0,郑州工业应用技术学院,2020-11-12 09:47:41,2,C,808,76,0.1666666666666666,0.0,0.1779816513761468,0.1779816513761468,0.1873198847262247,0.0696969696969697,0.0746056726438593
U_12169397,C_1025079,2.0,中国医科大学,2020-04-16 19:16:15,2,C,69,1,0.1527777777777777,0.0,0.1926605504587156,0.1926605504587156,0.1527377521613832,0.0613636363636363,0.0790775482492336
U_1571508,C_676646,1.0,天津财经大学,2020-06-10 08:42:02,3,D,327,90,0.1388888888888889,0.0,0.0660550458715596,0.0660550458715596,0.0432276657060518,0.0113636363636363,0.0806367138631023
U_9889856,C_749807,0.0,辽宁对外经贸学院,2020-05-05 14:03:04,4,E,781,148,0.0277777777777777,0.0,0.0018348623853211,0.0018348623853211,0.0,0.0,0.0612915935986646
U_18584100,C_749807,1.0,辽宁对外经贸学院,2020-07-10 08:45:17,4,E,781,148,0.0416666666666666,0.0,0.0238532110091743,0.0238532110091743,0.0201729106628242,0.0053030303030303,0.0619585601504951
U_33713447,C_697076,2.0,辽宁对外经贸学院,2020-11-16 16:45:36,4,E,781,121,0.0416666666666666,0.0,0.0495412844036697,0.0495412844036697,0.031700288184438,0.009090909090909,0.0644937333085974
U_3925872,C_735164,1.0,昆明理工大学,2020-10-20 18:09:06,2,C,476,138,0.0694444444444444,0.0,0.2862385321100917,0.3559633027522936,0.4005763688760806,0.1469696969696969,0.0785993847804981
U_12685732,C_948387,2.0,深圳信息职业技术学院,2020-10-28 11:10:48,4,E,610,169,0.0416666666666666,0.0,0.0752293577981651,0.0752293577981651,0.1095100864553314,0.0287878787878787,0.0628505165477796
U_30133135,C_735283,0.0,辽宁对外经贸学院,2020-06-06 10:01:04,4,E,781,143,0.0277777777777777,0.0,0.0146788990825688,0.0146788990825688,0.0201729106628242,0.0053030303030303,0.0620083113773541
U_14794406,C_735385,1.0,辽宁对外经贸学院,2020-05-16 09:07:24,4,E,781,146,0.0416666666666666,0.0,0.0605504587155963,0.0605504587155963,0.0720461095100864,0.0189393939393939,0.0627528761746209
U_15019021,C_1992950,0.0,辽宁对外经贸学院,2020-10-13 07:44:15,4,E,781,83,0.0416666666666666,0.0,0.0091743119266055,0.0091743119266055,0.0028818443804034,0.0151515151515151,0.0608448428346839
U_4458287,C_735197,1.0,华南理工大学,2020-10-23 10:32:00,3,D,211,141,0.1388888888888889,0.0,0.0238532110091743,0.0238532110091743,0.0345821325648414,0.009090909090909,0.4793014578605223
U_34394553,C_2059281,0.0,辽宁对外经贸学院,2020-10-07 17:28:32,4,E,781,85,0.0416666666666666,0.0,0.018348623853211,0.018348623853211,0.0144092219020172,0.006060606060606,0.0621392067264592
U_29821364,C_756642,2.0,昆明理工大学,2020-05-07 21:11:19,0,A,476,149,0.0972222222222222,0.0,0.2110091743119266,0.2532110091743119,0.1815561959654178,0.0901515151515151,0.0780886547113421
U_12670623,C_813262,1.0,昆明理工大学,2019-11-14 16:30:15,0,A,476,157,0.0277777777777777,0.0,0.1614678899082569,0.2110091743119266,0.1556195965417867,0.0712121212121212,0.0648659018033668
U_15031540,C_1774969,2.0,华南理工大学,2020-06-28 15:57:45,4,E,211,43,0.0277777777777777,0.0,0.0036697247706422,0.0036697247706422,0.0,0.0,0.0613007653358877
U_5235953,C_674920,0.0,西昌幼专,2020-06-05 09:39:46,4,E,739,87,0.0277777777777777,0.0,0.1137614678899082,0.1137614678899082,0.0864553314121037,0.0181818181818181,0.0587426182636504
U_2822476,C_735164,0.0,兰州交通大学,2020-09-20 22:08:12,2,C,135,138,0.0138888888888888,0.0,0.1889908256880734,0.1889908256880734,0.1585014409221901,0.0606060606060606,0.0742330188195824
U_5643237,C_1824911,2.0,重庆三峡医药高等专科学校,2020-06-03 19:59:20,4,E,822,57,0.0416666666666666,0.0,0.0715596330275229,0.0715596330275229,0.0403458213256484,0.0287878787878787,0.0665905499222618
U_5316997,C_1750793,0.0,内蒙古农业大学职业技术学院,2020-05-21 12:37:40,4,E,142,17,0.0972222222222222,0.0,0.0238532110091743,0.0238532110091743,0.0201729106628242,0.0106060606060606,0.0618593003615308
U_5199963,C_674920,0.0,西昌民族幼儿师范高等专科学校,2020-06-11 07:56:55,4,E,751,87,0.0138888888888888,0.0,0.2201834862385321,0.2201834862385321,0.3458213256484149,0.0931818181818181,0.0631381782801439
U_30814228,C_1755959,1.0,辽宁对外经贸学院,2020-09-03 18:47:15,4,E,781,26,0.0416666666666666,0.0,0.0201834862385321,0.0201834862385321,0.0288184438040345,0.0106060606060606,0.0612863787826301
U_32744336,C_735164,2.0,昆明理工大学,2020-10-30 09:28:39,0,A,476,138,0.125,0.0,0.2862385321100917,0.2899082568807339,0.4438040345821325,0.1606060606060606,0.0691487960413372
U_27902992,C_735283,0.0,辽宁对外经贸学院,2020-04-20 14:20:16,4,E,781,143,0.0416666666666666,0.0,0.0715596330275229,0.0715596330275229,0.0518731988472622,0.034090909090909,0.0632438463995437
U_29925594,C_735115,1.0,昆明理工大学,2020-05-11 15:26:41,0,A,476,136,0.0138888888888888,0.0,0.3486238532110092,0.3486238532110092,0.5360230547550432,0.1833333333333333,0.0676255992867834
U_31147266,C_2027893,0.0,江苏理工学院,2020-10-18 13:51:57,4,E,524,84,0.0277777777777777,0.0,0.0091743119266055,0.0091743119266055,0.0086455331412103,0.0022727272727272,0.0032734546293803
U_1106737,C_735164,0.0,昆明理工大学,2020-09-16 13:44:56,2,C,476,138,0.1527777777777777,0.0,0.1926605504587156,0.1926605504587156,0.1642651296829971,0.0598484848484848,0.0755617915829699
U_16757744,C_1776290,2.0,河北农业大学,2020-04-27 21:39:08,2,C,545,48,0.1388888888888889,0.0,0.1743119266055046,0.1743119266055046,0.1844380403458213,0.0659090909090909,0.0819323505067493
U_8488523,C_735197,2.0,华南理工大学,2020-09-13 16:07:07,4,E,211,141,0.0416666666666666,0.0,0.073394495412844,0.073394495412844,0.0547550432276657,0.0303030303030303,0.0647442277149039
U_30657017,C_1714448,2.0,辽宁对外经贸学院,2020-06-23 15:29:04,4,E,781,8,0.0277777777777777,0.0,0.0201834862385321,0.0201834862385321,0.0201729106628242,0.0053030303030303,0.0618409667917685
U_4661751,C_682392,0.0,陕西工业职业技术学院,2019-10-31 12:27:21,0,A,876,108,0.1111111111111111,0.0,0.1853211009174312,0.2825688073394495,0.2247838616714697,0.0553030303030303,0.06498232145706
U_23147438,C_948120,0.0,昆明理工大学,2020-10-10 16:47:46,0,A,476,167,0.0694444444444444,0.0,0.018348623853211,0.018348623853211,0.0230547550432276,0.0068181818181818,0.0702453980634967
U_20248641,C_948395,2.0,西安美术学院,2020-05-14 15:43:36,0,A,727,170,0.0277777777777777,0.0,0.110091743119266,0.110091743119266,0.1556195965417867,0.0878787878787878,0.0608644045852407
U_5076028,C_1864065,0.0,湖北理工学院,2020-06-20 10:38:21,4,E,631,67,0.0416666666666666,0.0,0.1082568807339449,0.1082568807339449,0.0749279538904899,0.0378787878787878,0.0586538227731486
U_10626120,C_735164,0.0,生物161,2020-09-16 08:20:19,2,C,664,138,0.1666666666666666,0.0,0.0899082568807339,0.0935779816513761,0.0864553314121037,0.0575757575757575,0.0742087356233411
U_24669547,C_948436,2.0,西安美术学院,2020-05-26 17:30:38,4,E,727,171,0.0416666666666666,0.0,0.0715596330275229,0.0715596330275229,0.0461095100864553,0.0333333333333333,0.0627382469566096
U_33064274,C_735164,1.0,昆明理工大学,2020-09-17 19:33:34,0,A,476,138,0.0138888888888888,0.0,0.1944954128440367,0.2715596330275229,0.2363112391930835,0.0643939393939393,0.0643942110455118
U_4516933,C_735197,1.0,华南理工大学,2020-10-20 13:10:16,3,D,211,141,0.1805555555555555,0.0,0.0715596330275229,0.2,0.031700288184438,0.1378787878787878,0.0181770973573873
U_30355154,C_1829948,2.0,中国医科大学,2020-06-04 16:51:44,2,C,69,61,0.375,0.0,0.4440366972477064,0.4440366972477064,0.4553314121037464,0.1196969696969696,0.0735704202333193
U_32719301,C_735164,1.0,昆明理工,2020-11-30 21:11:27,4,E,475,138,0.0416666666666666,0.0,0.055045871559633,0.0568807339449541,0.0864553314121037,0.0401515151515151,0.0619085068307794
U_4681866,C_682392,0.0,陕西工业职业技术学院,2020-08-03 14:34:32,0,A,876,108,0.1527777777777777,0.0,0.4495412844036697,0.4495412844036697,0.6224783861671469,0.2181818181818181,0.0717256728706898
U_11181106,C_1808506,0.0,辽宁对外经贸学院,2020-06-13 19:27:44,4,E,781,56,0.0277777777777777,0.0,0.0018348623853211,0.0018348623853211,0.0028818443804034,0.0015151515151515,0.0614277631919072
U_33454496,C_697076,2.0,辽宁对外经贸学院,2020-11-16 16:26:56,4,E,781,121,0.0416666666666666,0.0,0.055045871559633,0.055045871559633,0.0576368876080691,0.0166666666666666,0.0640399155527067
U_32904207,C_735164,2.0,昆明理工大学,2020-11-30 18:02:14,0,A,476,138,0.125,0.0,0.2862385321100917,0.2880733944954128,0.446685878962536,0.1621212121212121,0.0691644355370988
U_31143936,C_2027893,1.0,辽宁对外经贸学院,2020-09-03 17:04:28,4,E,781,84,0.0416666666666666,0.0,0.0348623853211009,0.0348623853211009,0.0374639769452449,0.0113636363636363,0.0620924665234834
U_30645867,C_1829948,0.0,辽宁对外经贸学院,2020-06-22 12:15:15,4,E,781,61,0.2916666666666666,0.0,0.3155963302752294,0.3155963302752294,0.3746397694524495,0.0984848484848484,0.0715859673053213
U_32886429,C_735164,1.0,昆明理工大学,2020-09-16 10:45:22,0,A,476,138,0.0138888888888888,0.0,0.0091743119266055,0.0091743119266055,0.0144092219020172,0.006060606060606,0.0066776935800284
U_9089290,C_707079,0.0,内蒙古医科大学,2020-05-22 20:00:31,4,E,143,132,0.0833333333333333,0.0,0.236697247706422,0.236697247706422,0.1815561959654178,0.0696969696969697,0.0672757807110678
U_6766410,C_1824911,2.0,重庆三峡医药高等专科学校,2020-06-02 10:24:26,4,E,822,57,0.0416666666666666,0.0,0.0623853211009174,0.0623853211009174,0.0951008645533141,0.025,0.0676364350108892
U_31104831,C_1864063,0.0,辽宁对外经贸学院,2020-07-30 18:26:03,4,E,781,66,0.0416666666666666,0.0,0.018348623853211,0.018348623853211,0.0115273775216138,0.0037878787878787,0.0621026980618758
U_17035142,C_680821,2.0,辽宁对外经贸学院,2020-08-03 13:59:56,4,E,781,97,0.0416666666666666,0.0,0.0055045871559633,0.0055045871559633,0.0028818443804034,0.0007575757575757,0.0613526807361627
U_29821645,C_682575,1.0,辽宁对外经贸学院,2020-05-07 21:21:11,4,E,781,113,0.0277777777777777,0.0,0.0128440366972477,0.0128440366972477,0.0172910662824207,0.0045454545454545,0.0615875554560753
U_1256916,C_735164,0.0,河北工业大学城市学院,2020-12-01 15:53:45,4,E,553,138,0.0277777777777777,0.0,0.0018348623853211,0.0036697247706422,0.0,0.0,0.0612972739348389
U_19438134,C_1778564,2.0,China Medical University,2020-10-25 00:24:49,3,D,7,50,0.125,0.0,0.1247706422018348,0.2385321100917431,0.1123919308357348,0.1439393939393939,0.0826189382372395
U_34230480,C_1912004,1.0,辽宁对外经贸学院,2020-10-05 01:37:18,4,E,781,74,0.0277777777777777,0.0,0.0055045871559633,0.0055045871559633,0.0028818443804034,0.0007575757575757,0.0618643913690175
U_6233854,C_1017355,0.0,华南理工大学,2020-05-06 13:57:49,3,D,211,0,0.1666666666666666,0.0,0.0825688073394495,0.0825688073394495,0.0518731988472622,0.0151515151515151,0.0812950088642429
U_15064353,C_786631,2.0,河北师范大学汇华学院,2020-06-05 19:55:15,0,A,557,154,0.2361111111111111,0.0,0.255045871559633,0.255045871559633,0.4005763688760806,0.1409090909090909,0.0702829467198818
U_7799430,C_735197,0.0,华南理工大学,2020-10-04 11:08:39,4,E,211,141,0.0694444444444444,0.0,0.1247706422018348,0.1247706422018348,0.0461095100864553,0.0462121212121212,0.0543912925651248
U_26967694,C_735115,1.0,华南理工大学,2020-02-24 12:13:45,3,D,211,136,0.0138888888888888,0.0,0.1834862385321101,0.3155963302752294,0.0720461095100864,0.1257575757575757,0.0744496590165709
U_30082658,C_948136,2.0,辽宁对外经贸学院,2020-05-20 10:21:15,4,E,781,168,0.0416666666666666,0.0,0.018348623853211,0.018348623853211,0.0230547550432276,0.006060606060606,0.0616907325474928
U_20020327,C_948395,0.0,昆明理工大学,2020-05-26 13:37:14,0,A,476,170,0.1944444444444444,0.0,0.110091743119266,0.110091743119266,0.1642651296829971,0.0909090909090909,0.0700539850962135
U_30161564,C_758928,2.0,辽宁对外经贸学院,2020-05-25 11:03:15,4,E,781,150,0.0416666666666666,0.0,0.0055045871559633,0.0055045871559633,0.0057636887608069,0.0015151515151515,0.0613181133896092
U_18409069,C_677087,1.0,辽宁对外经贸学院,2020-10-27 09:12:35,4,E,781,92,0.0416666666666666,0.0,0.036697247706422,0.036697247706422,0.0230547550432276,0.006060606060606,0.0622820718859683
U_28292082,C_735283,2.0,辽宁对外经贸学院,2020-03-04 15:10:04,4,E,781,143,0.0277777777777777,0.0,0.073394495412844,0.073394495412844,0.0432276657060518,0.0295454545454545,0.0623016732552603
U_33329526,C_697076,2.0,辽宁对外经贸学院,2020-11-17 14:55:42,4,E,781,121,0.0416666666666666,0.0,0.0715596330275229,0.0715596330275229,0.0518731988472622,0.0287878787878787,0.0606024801737987
U_1773617,C_747056,0.0,北京建筑大学,2020-06-23 17:33:29,4,E,171,147,0.0416666666666666,0.0,0.0825688073394495,0.0825688073394495,0.0547550432276657,0.0151515151515151,0.0636217942773257
U_33459877,C_2027893,1.0,辽宁对外经贸学院,2020-09-23 10:45:16,4,E,781,84,0.0416666666666666,0.0,0.0110091743119266,0.0110091743119266,0.0115273775216138,0.0037878787878787,0.0614216866683798
U_1555348,C_735164,0.0,宁波工程学院,2020-09-16 11:01:48,0,A,337,138,0.1111111111111111,0.0,0.1871559633027523,0.2752293577981651,0.1930835734870317,0.0727272727272727,0.0767925822616068
U_30271561,C_766175,1.0,辽宁对外经贸学院,2020-06-01 00:45:16,4,E,781,151,0.0416666666666666,0.0,0.0201834862385321,0.0201834862385321,0.031700288184438,0.0083333333333333,0.06162546563342
U_15267868,C_735385,1.0,辽宁对外经贸学院,2020-10-03 16:34:36,4,E,781,146,0.0555555555555555,0.0,0.2110091743119266,0.2110091743119266,0.0893371757925072,0.0234848484848484,0.0687333143641959
U_14441580,C_1776290,1.0,辽宁对外经贸学院,2020-05-06 21:12:46,4,E,781,48,0.0416666666666666,0.0,0.0146788990825688,0.0146788990825688,0.0230547550432276,0.0121212121212121,0.0615732828066817
U_5076096,C_1864065,1.0,湖北理工学院,2020-06-20 10:57:55,3,D,631,67,0.0138888888888888,0.0,0.0990825688073394,0.0990825688073394,0.1498559077809798,0.0757575757575757,0.0788165499257294
U_30594098,C_1829948,2.0,华南理工大学,2020-06-18 09:20:21,3,D,211,61,0.2916666666666666,0.0,0.4770642201834862,0.4770642201834862,0.440922190201729,0.1159090909090909,0.074578162384532
U_3892217,C_735164,0.0,西北农林科技大学,2020-09-16 10:58:00,0,A,702,138,0.1111111111111111,0.0,0.1743119266055046,0.2660550458715596,0.201729106628242,0.0772727272727272,0.0720069658913538
U_30356613,C_1829948,0.0,辽宁对外经贸学院,2020-06-04 18:25:10,4,E,781,61,0.0277777777777777,0.0,0.0220183486238532,0.0220183486238532,0.0086455331412103,0.0022727272727272,0.0634796719691035
U_11623959,C_1829948,0.0,北方民族大学,2020-06-18 09:08:14,4,E,190,61,0.0138888888888888,0.0,0.0220183486238532,0.0220183486238532,0.0172910662824207,0.0045454545454545,0.0609763918929216
U_10720616,C_1017355,1.0,广州中医药大学,2020-05-01 16:53:42,0,A,423,0,0.1805555555555555,0.0,0.0825688073394495,0.0825688073394495,0.1152737752161383,0.0393939393939393,0.0685358496350948
U_11352961,C_948109,2.0,西京学院,2020-08-19 20:53:52,0,A,701,165,0.375,0.0,0.5522935779816514,0.5522935779816514,0.7118155619596541,0.8068181818181818,4.231257452782936e-05
U_5794842,C_1824911,2.0,重庆三峡医药高专专科学校,2020-06-11 09:15:44,4,E,819,57,0.0416666666666666,0.0,0.1009174311926605,0.1009174311926605,0.0576368876080691,0.0333333333333333,0.0648140408788529
U_29807832,C_735115,0.0,昆明理工大学,2020-06-17 10:07:41,0,A,476,136,0.1388888888888889,0.0,0.5211009174311927,0.5211009174311927,0.6887608069164265,0.2340909090909091,0.0727985927938208
U_29882777,C_681130,2.0,辽宁对外经贸学院,2020-07-04 10:58:39,4,E,781,102,0.0416666666666666,0.0,0.018348623853211,0.018348623853211,0.0259365994236311,0.0068181818181818,0.0615068273305498
U_10208720,C_1714448,2.0,中国医科大学,2020-05-13 08:12:53,4,E,69,8,0.0416666666666666,0.0,0.0752293577981651,0.0752293577981651,0.063400576368876,0.0325757575757575,0.0612916480744256
U_28610895,C_1750795,1.0,辽宁对外经贸学院,2020-05-01 10:56:46,4,E,781,18,0.0138888888888888,0.0,0.0477064220183486,0.0477064220183486,0.0691642651296829,0.0386363636363636,0.0607090743811363
U_32719299,C_735164,2.0,昆明理工大学,2020-11-28 11:27:39,4,E,476,138,0.0416666666666666,0.0,0.0293577981651376,0.0311926605504587,0.0461095100864553,0.0204545454545454,0.0615798099933232
U_30609377,C_1829948,0.0,辽宁对外经贸学院,2020-06-19 08:53:31,4,E,781,61,0.0138888888888888,0.0,0.0220183486238532,0.0220183486238532,0.0144092219020172,0.0037878787878787,0.0611241450138989
U_32739313,C_735164,1.0,昆明理工大学,2020-09-22 10:49:13,0,A,476,138,0.1111111111111111,0.0,0.2,0.2807339449541284,0.2334293948126801,0.0613636363636363,0.067767409597465
U_12089945,C_948488,1.0,合肥工业大学,2020-03-06 14:31:27,0,A,248,172,0.0138888888888888,0.0,0.1908256880733945,0.2697247706422018,0.2103746397694524,0.059090909090909,0.0693960565683745
U_15196524,C_1750793,0.0,昆明理工大学,2020-06-16 21:57:56,0,A,476,17,0.0555555555555555,0.0,0.036697247706422,0.036697247706422,0.0518731988472622,0.0272727272727272,0.0697863654915715
U_33713701,C_697076,1.0,辽宁对外经贸学院,2020-11-20 20:20:17,4,E,781,121,0.0416666666666666,0.0,0.0715596330275229,0.0715596330275229,0.0172910662824207,0.0212121212121212,0.0647906608726811
U_5732039,C_1824911,2.0,重庆三峡医药高等专科学校,2020-06-13 16:09:24,4,E,822,57,0.125,0.0,0.0256880733944954,0.0256880733944954,0.0374639769452449,0.0098484848484848,0.0589544794506929
U_12981401,C_1829948,0.0,北方民族大学,2020-06-17 14:31:46,4,E,190,61,0.0555555555555555,0.0,0.0605504587155963,0.0605504587155963,0.0778097982708933,0.0204545454545454,0.062242879052068
U_31063147,C_735115,1.0,昆明理工大学,2020-07-26 07:58:46,0,A,476,136,0.125,0.0,0.5211009174311927,0.5211009174311927,0.5129682997118156,0.1742424242424242,0.0749377766925518
U_2180637,C_735164,0.0,云南农业大学,2020-09-17 14:18:19,0,A,105,138,0.125,0.0,0.1853211009174312,0.2972477064220183,0.2507204610951008,0.05,0.0096100126937723
U_30846264,C_823315,1.0,辽宁对外经贸学院,2020-07-05 08:18:31,4,E,781,158,0.0833333333333333,0.0,0.091743119266055,0.091743119266055,0.1210374639769452,0.0348484848484848,0.0632419991760101
U_33405066,C_2027893,1.0,辽宁对外经贸学院,2020-09-22 19:34:15,4,E,781,84,0.0416666666666666,0.0,0.0293577981651376,0.0293577981651376,0.031700288184438,0.009090909090909,0.0020902796476516
U_28744925,C_1774985,2.0,辽宁对外经贸学院,2020-08-30 21:44:04,4,E,781,46,0.0416666666666666,0.0,0.0110091743119266,0.0110091743119266,0.0057636887608069,0.0015151515151515,0.0614662032698367
U_30942403,C_801420,1.0,辽宁对外经贸学院,2020-07-13 10:54:57,4,E,781,155,0.0277777777777777,0.0,0.0055045871559633,0.0055045871559633,0.0,0.0,0.0614305414557204
U_31871149,C_948387,0.0,辽宁对外经贸学院,2020-09-03 13:39:03,4,E,781,169,0.0416666666666666,0.0,0.0275229357798165,0.0275229357798165,0.031700288184438,0.0083333333333333,0.0620279672224072
U_7103244,C_1017355,1.0,广州中医药大学,2020-03-11 11:44:36,3,D,423,0,0.1388888888888889,0.0,0.1871559633027523,0.218348623853211,0.1181556195965417,0.1356060606060606,0.0824517521265951
U_20090535,C_948436,2.0,西安美术学院,2020-07-02 08:09:55,4,E,727,171,0.0277777777777777,0.0,0.0165137614678899,0.0165137614678899,0.0201729106628242,0.0,0.0618753558540131
U_30259640,C_735197,1.0,华南理工大学,2020-09-26 18:05:11,3,D,211,141,0.1388888888888889,0.0,0.0256880733944954,0.0256880733944954,0.0403458213256484,0.0159090909090909,0.0795535425922111
U_30600789,C_1829948,0.0,辽宁对外经贸学院,2020-06-18 15:05:51,4,E,781,61,0.0416666666666666,0.0,0.0311926605504587,0.0311926605504587,0.0288184438040345,0.0075757575757575,0.0619457484419659
U_33713785,C_697076,2.0,辽宁对外经贸学院,2020-11-16 16:44:46,4,E,781,121,0.0277777777777777,0.0,0.0825688073394495,0.0825688073394495,0.0576368876080691,0.0363636363636363,0.0605470981341845
U_30372368,C_1714448,0.0,辽宁对外经贸学院,2020-06-05 17:14:33,4,E,781,8,0.0277777777777777,0.0,0.0073394495412844,0.0073394495412844,0.0,0.0,0.0620333652750924
U_32883704,C_735164,2.0,昆明理工大学,2020-11-07 14:57:34,4,E,476,138,0.0416666666666666,0.0,0.0788990825688073,0.0788990825688073,0.0461095100864553,0.0287878787878787,0.0624435132799934
U_7374858,C_1824911,1.0,重庆三峡医药高等专科学校,2020-07-01 10:32:41,4,E,822,57,0.1666666666666666,0.0,0.0862385321100917,0.0862385321100917,0.1354466858789625,0.0356060606060606,0.064057223987693
U_30690172,C_676646,2.0,华南理工大学,2020-08-22 19:39:00,3,D,211,90,0.125,0.0,0.0587155963302752,0.0587155963302752,0.0201729106628242,0.0053030303030303,0.080733670813077
U_9817281,C_735385,0.0,哈尔滨工业大学,2020-06-08 09:32:19,4,E,270,146,0.0416666666666666,0.0,0.0422018348623853,0.0422018348623853,0.0576368876080691,0.0151515151515151,0.0617573910696431
U_31633586,C_1992917,2.0,辽宁对外经贸学院,2020-08-29 09:10:04,4,E,781,80,0.0416666666666666,0.0,0.073394495412844,0.073394495412844,0.0489913544668587,0.0356060606060606,0.0620467365982578
U_27878870,C_735283,2.0,辽宁对外经贸学院,2020-04-20 14:30:33,4,E,781,143,0.0416666666666666,0.0,0.0715596330275229,0.0715596330275229,0.0547550432276657,0.034090909090909,0.0633023731762727
U_7469619,C_1017355,1.0,广州中医药大学,2020-05-08 09:47:42,4,E,423,0,0.0277777777777777,0.0,0.0091743119266055,0.0091743119266055,0.0028818443804034,0.0007575757575757,0.0612994628699645
U_33442598,C_697076,2.0,辽宁对外经贸学院,2020-11-09 15:26:26,4,E,781,121,0.0416666666666666,0.0,0.0807339449541284,0.0807339449541284,0.0662824207492795,0.0265151515151515,0.0617947663940612
U_30639763,C_1774985,2.0,辽宁对外经贸学院,2020-06-26 13:58:26,4,E,781,46,0.0416666666666666,0.0,0.0715596330275229,0.0715596330275229,0.0605187319884726,0.0318181818181818,0.0612309472195968
U_4121767,C_1017355,0.0,广州中医药大学,2020-05-10 00:20:23,0,A,423,0,0.0972222222222222,0.0,0.073394495412844,0.073394495412844,0.100864553314121,0.0318181818181818,0.0673718313824723
U_31066431,C_682392,0.0,昆明理工大学,2020-08-14 12:46:19,0,A,476,108,0.0972222222222222,0.0,0.4495412844036697,0.4495412844036697,0.6743515850144092,0.2340909090909091,0.0628323909763776
U_32744344,C_735164,2.0,昆明理工大学,2020-10-17 16:46:30,0,A,476,138,0.0138888888888888,0.0,0.2,0.2678899082568807,0.2247838616714697,0.0598484848484848,0.0677480954640039
U_19954534,C_948395,0.0,西安美术学院,2020-02-23 11:09:36,2,C,727,170,0.0833333333333333,0.0,0.1853211009174312,0.1853211009174312,0.1642651296829971,0.0628787878787878,0.0780050096564298
U_30581669,C_1829948,1.0,辽宁对外经贸学院,2020-06-17 14:29:43,4,E,781,61,0.0138888888888888,0.0,0.0220183486238532,0.0220183486238532,0.0259365994236311,0.0068181818181818,0.0609880942768622
U_26629649,C_735164,2.0,昆明理工大学,2020-11-02 20:59:05,0,A,476,138,0.0416666666666666,0.0,0.2862385321100917,0.2862385321100917,0.4495677233429394,0.1636363636363636,0.0687194874255745
U_30324150,C_697367,1.0,辽宁对外经贸学院,2020-06-02 17:15:36,4,E,781,127,0.0416666666666666,0.0,0.0642201834862385,0.0642201834862385,0.0806916426512968,0.0212121212121212,0.062829746425796
U_32879802,C_735164,2.0,昆明理工大学,2020-10-08 18:54:28,0,A,476,138,0.1111111111111111,0.0,0.1889908256880734,0.1981651376146789,0.2939481268011527,0.1189393939393939,0.0674014711488222
U_33440747,C_735164,1.0,昆明理工大学,2020-11-21 14:57:28,0,A,476,138,0.125,0.0,0.2862385321100917,0.2954128440366972,0.4495677233429394,0.1636363636363636,0.06936371282334
U_1414508,C_1750793,1.0,北京体育大学,2020-06-05 10:00:46,0,A,159,17,0.1111111111111111,0.0,0.036697247706422,0.036697247706422,0.0547550432276657,0.0287878787878787,0.070222018057325
U_33268505,C_697076,2.0,辽宁对外经贸学院,2020-11-16 15:47:11,4,E,781,121,0.0416666666666666,0.0,0.0715596330275229,0.0715596330275229,0.0230547550432276,0.0204545454545454,0.0640181004865795
U_31060034,C_676646,0.0,广州中医药大学,2020-07-25 13:07:51,1,B,423,90,0.2222222222222222,0.0,0.0422018348623853,0.0422018348623853,0.0518731988472622,0.0136363636363636,0.1149485889066066
U_1084415,C_735164,0.0,昆明理工大学,2020-11-18 08:00:43,0,A,476,138,0.0972222222222222,0.0,0.1743119266055046,0.2568807339449541,0.1930835734870317,0.0575757575757575,0.064409186927457
U_3629559,C_1714448,2.0,辽宁对外经贸学院,2020-04-23 10:03:39,4,E,781,8,0.0416666666666666,0.0,0.0587155963302752,0.0587155963302752,0.0432276657060518,0.0303030303030303,0.0631422342481707
U_14843232,C_680821,0.0,辽宁对外经贸学院,2020-05-04 14:33:19,4,E,781,97,0.0277777777777777,0.0,0.0018348623853211,0.0018348623853211,0.0,0.0,0.0612358500380907
U_3665176,C_674920,1.0,中南财经政法大学,2020-06-25 16:21:08,4,E,58,87,0.0416666666666666,0.0,0.036697247706422,0.036697247706422,0.0461095100864553,0.0121212121212121,0.0612201511142262
U_12286302,C_682392,2.0,陕西工业职业技术学院,2020-11-13 11:59:49,4,E,876,108,0.0277777777777777,0.0,0.0623853211009174,0.0623853211009174,0.0518731988472622,0.0143939393939393,0.0619544645637329
U_24991372,C_735283,1.0,辽宁对外经贸学院,2020-06-06 11:41:16,4,E,781,143,0.0277777777777777,0.0,0.0091743119266055,0.0091743119266055,0.0115273775216138,0.003030303030303,0.0618840868328059
U_32953678,C_735164,2.0,昆明理工大学,2020-09-21 22:32:22,0,A,476,138,0.0277777777777777,0.0,0.1889908256880734,0.2660550458715596,0.2132564841498559,0.0583333333333333,0.0661592306556823
U_31086847,C_682392,0.0,昆明理工大学,2020-08-14 10:54:40,0,A,476,108,0.125,0.0,0.4495412844036697,0.4495412844036697,0.6772334293948127,0.2333333333333333,0.0630701380545998
U_19276107,C_749807,0.0,辽宁对外经贸学院,2020-07-13 08:29:22,4,E,781,148,0.0416666666666666,0.0,0.073394495412844,0.073394495412844,0.0547550432276657,0.034090909090909,0.0627905932106311
U_19171837,C_707358,1.0,辽宁对外经贸学院,2020-05-14 11:05:26,4,E,781,134,0.0416666666666666,0.0,0.0678899082568807,0.0678899082568807,0.0489913544668587,0.028030303030303,0.0624120659088452
U_34074447,C_735164,1.0,昆明理工大学,2020-11-17 10:00:46,0,A,476,138,0.0972222222222222,0.0,0.1724770642201835,0.2568807339449541,0.1959654178674351,0.0583333333333333,0.0644636032603981
U_30608074,C_1829948,0.0,华南理工大学,2020-06-18 23:25:14,3,D,211,61,0.2222222222222222,0.0,0.4770642201834862,0.4770642201834862,0.7319884726224783,0.1924242424242424,0.0704814118220493
U_16985799,C_1736024,1.0,广州中医药大学,2020-05-14 20:56:06,4,E,423,14,0.0416666666666666,0.0,0.0110091743119266,0.0256880733944954,0.0057636887608069,0.0015151515151515,0.0619481701371614
U_10244782,C_735197,0.0,华南理工大学,2020-09-24 22:02:18,3,D,211,141,0.1527777777777777,0.0,0.1853211009174312,0.2568807339449541,0.0720461095100864,0.1553030303030303,0.089143866610792
U_31099714,C_682392,1.0,中国医科大学,2020-07-30 11:14:39,2,C,69,108,0.1666666666666666,0.0,0.1486238532110091,0.2018348623853211,0.1556195965417867,0.0696969696969697,0.0737075010574739
U_30603029,C_735283,0.0,辽宁对外经贸学院,2020-06-18 17:04:12,4,E,781,143,0.0277777777777777,0.0,0.0110091743119266,0.0110091743119266,0.0086455331412103,0.0022727272727272,0.0619935187320596
U_8934346,C_735197,0.0,华南理工大学,2020-09-27 10:57:42,4,E,211,141,0.0555555555555555,0.0,0.0293577981651376,0.0293577981651376,0.0403458213256484,0.0121212121212121,0.0317305842981882
U_11129675,C_1410126,0.0,昆明理工大学,2020-05-28 19:18:21,0,A,476,2,0.0972222222222222,0.0,0.2256880733944954,0.2642201834862385,0.1988472622478386,0.075,0.0768501779980561
U_23214532,C_697076,2.0,长沙理工大学,2020-11-23 10:15:50,0,A,862,121,0.1527777777777777,0.0,0.5541284403669725,0.5541284403669725,0.8703170028818443,0.2931818181818181,0.0777558920011752
U_30264221,C_948395,0.0,华南理工大学,2020-05-29 01:22:40,3,D,211,170,0.1527777777777777,0.0,0.0660550458715596,0.0660550458715596,0.0461095100864553,0.0242424242424242,0.0804947698391891
U_33200331,C_697076,1.0,辽宁对外经贸学院,2020-11-16 09:48:01,4,E,781,121,0.0138888888888888,0.0,0.0513761467889908,0.0513761467889908,0.0806916426512968,0.0409090909090909,0.059864348468677
U_27859601,C_747056,0.0,辽宁对外经贸学院,2020-02-28 22:14:04,4,E,781,147,0.0694444444444444,0.0,0.0568807339449541,0.0568807339449541,0.0230547550432276,0.0416666666666666,0.0599163332017388
U_11064827,C_676646,2.0,天津商业大学,2020-08-11 07:46:13,4,E,316,90,0.0416666666666666,0.0,0.018348623853211,0.018348623853211,0.0201729106628242,0.0053030303030303,0.0623990660113234
U_30699593,C_735283,2.0,辽宁对外经贸学院,2020-06-27 19:21:54,4,E,781,143,0.0416666666666666,0.0,0.0330275229357798,0.0330275229357798,0.0518731988472622,0.0136363636363636,0.0623883838098168
U_31094972,C_735283,0.0,辽宁对外经贸学院,2020-07-29 19:34:06,4,E,781,143,0.0277777777777777,0.0,0.0018348623853211,0.0018348623853211,0.0,0.0,0.0617184508051804
U_18292062,C_2059281,0.0,辽宁对外经贸学院,2020-10-21 17:32:12,4,E,781,85,0.0416666666666666,0.0,0.0715596330275229,0.0715596330275229,0.0605187319884726,0.0318181818181818,0.0631295810145827
U_12705553,C_735164,0.0,天津理工大学,2020-10-26 12:56:59,0,A,323,138,0.0972222222222222,0.0,0.0293577981651376,0.0403669724770642,0.0374639769452449,0.0189393939393939,0.0665402786995019
U_30111647,C_1750793,1.0,昆明理工大学,2020-05-21 21:33:26,0,A,476,17,0.0972222222222222,0.0,0.036697247706422,0.036697247706422,0.0432276657060518,0.0227272727272727,0.070296045664242
U_7067897,C_1682756,1.0,辽宁对外经贸学院,2020-04-19 12:43:20,4,E,781,6,0.0277777777777777,0.0,0.0623853211009174,0.0623853211009174,0.0576368876080691,0.0325757575757575,0.0613709895442154
U_11317857,C_735385,0.0,石河子大学,2020-09-13 19:42:06,4,E,674,146,0.0416666666666666,0.0,0.0146788990825688,0.0146788990825688,0.0201729106628242,0.0053030303030303,0.0614374648297149
U_23875824,C_948113,0.0,思源学院,2020-05-27 08:48:32,4,E,450,166,0.0416666666666666,0.0,0.0165137614678899,0.0165137614678899,0.0230547550432276,0.006060606060606,0.0614734089273202
U_5798968,C_1824911,0.0,三峡医药高等专科学校,2020-06-10 18:04:16,4,E,36,57,0.0416666666666666,0.0,0.0807339449541284,0.0807339449541284,0.0605187319884726,0.0333333333333333,0.0633208899826857
U_17465810,C_697076,1.0,中国医科大学,2020-08-01 22:53:04,2,C,69,121,0.2361111111111111,0.0,0.3889908256880734,0.3889908256880734,0.5100864553314121,0.1651515151515151,0.090040299925166
U_13535167,C_948120,0.0,中国农业大学,2020-09-25 19:08:35,0,A,67,167,0.0138888888888888,0.0,0.0091743119266055,0.0091743119266055,0.0144092219020172,0.0037878787878787,0.0698148959333329
U_30410905,C_680719,1.0,辽宁对外经贸学院,2020-06-09 00:49:21,4,E,781,94,0.0277777777777777,0.0,0.0018348623853211,0.0018348623853211,0.0,0.0,0.0610898401414668
U_4990890,C_1017355,2.0,广州中医药大学,2020-05-05 10:28:20,3,D,423,0,0.1388888888888889,0.0,0.0825688073394495,0.0825688073394495,0.0403458213256484,0.0121212121212121,0.080875114650457
U_19793064,C_1714448,0.0,中国医科大学,2020-03-18 15:05:30,2,C,69,8,0.1388888888888889,0.0,0.1981651376146789,0.1981651376146789,0.1642651296829971,0.0636363636363636,0.0766917723896237
U_30543760,C_1738818,0.0,辽宁对外经贸学院,2020-06-22 14:44:01,4,E,781,15,0.1388888888888889,0.0,0.0055045871559633,0.0055045871559633,0.0028818443804034,0.0015151515151515,0.0621470165696562
U_30497365,C_1829948,1.0,辽宁对外经贸学院,2020-06-14 14:51:08,4,E,781,61,0.0416666666666666,0.0,0.0073394495412844,0.0073394495412844,0.0028818443804034,0.0007575757575757,0.0612713880436592
U_15049461,C_801420,0.0,辽宁对外经贸学院,2020-07-17 02:13:38,4,E,781,155,0.0277777777777777,0.0,0.0036697247706422,0.0036697247706422,0.0,0.0,0.0613551222407258
U_10272794,C_1918363,0.0,新乡医学院三全学院,2020-11-15 15:11:15,4,E,461,76,0.0416666666666666,0.0,0.0568807339449541,0.0568807339449541,0.0662824207492795,0.0439393939393939,0.0628062574681022
U_6101975,C_1017355,0.0,广州中医药大学,2020-05-01 20:45:44,3,D,423,0,0.1388888888888889,0.0,0.0825688073394495,0.0825688073394495,0.0691642651296829,0.0227272727272727,0.0805188877443058
U_3581814,C_1017355,2.0,北京中医药大学,2020-04-19 09:31:22,1,B,155,0,0.2083333333333333,0.0,0.0348623853211009,0.0477064220183486,0.0547550432276657,0.0265151515151515,0.1109338342691791
U_30255659,C_766175,1.0,昆明理工大学,2020-05-28 16:53:31,0,A,476,151,0.0972222222222222,0.0,0.1834862385321101,0.1834862385321101,0.2132564841498559,0.0575757575757575,0.0682585680113804
U_34024529,C_735385,0.0,海南医学院,2020-10-21 00:56:30,4,E,606,146,0.0416666666666666,0.0,0.0788990825688073,0.0788990825688073,0.0893371757925072,0.0234848484848484,0.0628894270981908
U_34268570,C_697076,2.0,辽宁对外经贸学院,2020-11-16 22:12:51,4,E,781,121,0.0277777777777777,0.0,0.110091743119266,0.110091743119266,0.0374639769452449,0.0333333333333333,0.0608014355578156
U_8167071,C_756642,0.0,辽宁对外经贸学院,2020-05-07 21:41:18,4,E,781,149,0.0416666666666666,0.0,0.0678899082568807,0.0678899082568807,0.0547550432276657,0.0318181818181818,0.063134582879915
U_6987774,C_756642,2.0,广州中医药大学,2020-05-11 16:32:54,1,B,423,149,0.2222222222222222,0.0,0.0091743119266055,0.0091743119266055,0.0144092219020172,0.0053030303030303,0.1152495130106142
U_9544128,C_680897,0.0,山西医科大学,2020-05-13 09:43:08,4,E,380,99,0.0416666666666666,0.0,0.0825688073394495,0.0825688073394495,0.0518731988472622,0.0136363636363636,0.0636762650860278
U_10272871,C_1918363,0.0,新乡医学院三全学院,2020-11-15 15:43:17,4,E,461,76,0.0416666666666666,0.0,0.0073394495412844,0.0073394495412844,0.0115273775216138,0.0083333333333333,0.0615163506840487
U_4824901,C_682392,0.0,昆明理工大学,2020-09-14 20:21:41,0,A,476,108,0.125,0.0,0.1761467889908257,0.1761467889908257,0.2737752161383285,0.0939393939393939,0.0586443538954107
U_14950069,C_1025079,1.0,中国医科大学,2020-04-30 19:25:57,2,C,69,1,0.1388888888888889,0.0,0.0458715596330275,0.0458715596330275,0.0576368876080691,0.0378787878787878,0.0737493879653749
U_33656946,C_697076,2.0,辽宁对外贸易学院,2020-09-25 08:50:39,4,E,783,121,0.0416666666666666,0.0,0.055045871559633,0.055045871559633,0.0691642651296829,0.0196969696969696,0.0620121642993625
U_14946342,C_674920,0.0,西昌民族幼儿师范高等专科学校,2020-06-11 15:21:32,4,E,751,87,0.0138888888888888,0.0,0.036697247706422,0.036697247706422,0.0576368876080691,0.0151515151515151,0.0582613595812193
U_33220323,C_697076,1.0,辽宁对外经贸学院,2020-11-25 09:39:07,4,E,781,121,0.0416666666666666,0.0,0.0091743119266055,0.0091743119266055,0.0144092219020172,0.0045454545454545,0.0648729143195158
U_29742084,C_948113,1.0,华南理工大学,2020-04-30 15:48:22,3,D,211,166,0.0138888888888888,0.0,0.2146788990825688,0.2220183486238532,0.1210374639769452,0.1265151515151515,0.0882326555081494
U_18678838,C_948136,0.0,辽宁对外经贸学院,2020-07-06 22:11:38,4,E,781,168,0.0416666666666666,0.0,0.0422018348623853,0.0422018348623853,0.0518731988472622,0.0136363636363636,0.0623310852138822
U_15285324,C_1760297,2.0,辽宁对外经贸学院,2020-08-31 14:35:33,4,E,781,29,0.0416666666666666,0.0,0.0073394495412844,0.0073394495412844,0.0057636887608069,0.003030303030303,0.1259095280224641
U_30491861,C_1806527,1.0,昆明理工大学,2020-06-13 19:36:38,0,A,476,53,0.1111111111111111,0.0,0.2256880733944954,0.2825688073394495,0.2305475504322766,0.0909090909090909,0.0766761180368364
U_32725479,C_735164,1.0,昆明理工大学,2020-10-11 18:16:30,0,A,476,138,0.0416666666666666,0.0,0.2293577981651376,0.2385321100917431,0.3602305475504322,0.1348484848484848,0.0560787398545986
U_5832590,C_697766,0.0,昆明理工大学,2020-07-12 11:05:56,0,A,476,128,0.1111111111111111,0.0,0.2055045871559633,0.2807339449541284,0.2276657060518732,0.0727272727272727,0.0695241241302472
U_9723423,C_1761368,1.0,昆明理工大学,2020-10-20 23:22:59,0,A,476,31,0.0972222222222222,0.0,0.0,0.1486238532110091,0.0,0.1075757575757575,0.122664644652414
U_30615081,C_1829948,0.0,辽宁对外经贸学院,2020-06-19 14:33:08,4,E,781,61,0.0277777777777777,0.0,0.128440366972477,0.128440366972477,0.0835734870317002,0.0219696969696969,0.0648145608747537
U_33344815,C_697076,2.0,辽宁对外经贸学院,2020-10-28 20:55:43,4,E,781,121,0.0277777777777777,0.0,0.0678899082568807,0.0678899082568807,0.0979827089337175,0.0393939393939393,0.0614633507208947
U_30297023,C_735385,1.0,辽宁对外经贸学院,2020-06-02 23:16:43,4,E,781,146,0.0416666666666666,0.0,0.0697247706422018,0.0697247706422018,0.0749279538904899,0.0196969696969696,0.0630959694700185
U_33713321,C_697076,2.0,辽宁对外经贸学院,2020-10-07 09:57:18,4,E,781,121,0.0416666666666666,0.0,0.0844036697247706,0.0844036697247706,0.0778097982708933,0.034090909090909,0.0607018736759946
U_31082708,C_801420,2.0,辽宁对外经贸学院,2020-08-19 16:05:10,4,E,781,155,0.0416666666666666,0.0,0.0715596330275229,0.0715596330275229,0.0576368876080691,0.031060606060606,0.0629187301052906
U_7970370,C_1918363,0.0,昆明理工大学,2020-11-15 17:36:12,0,A,476,76,0.0138888888888888,0.0,0.0605504587155963,0.0605504587155963,0.0893371757925072,0.059090909090909,0.0738647923889758
U_31118661,C_735164,1.0,辽宁对外经贸学院,2020-12-07 20:51:41,4,E,781,138,0.0416666666666666,0.0,0.055045871559633,0.055045871559633,0.0864553314121037,0.0401515151515151,0.0621814254412684
U_15129624,C_674920,1.0,辽宁对外经贸学院,2020-06-30 15:57:05,4,E,781,87,0.0416666666666666,0.0,0.036697247706422,0.036697247706422,0.0461095100864553,0.0121212121212121,0.0614531538488956
U_11991361,C_697076,0.0,长沙理工大学,2020-09-07 18:08:40,4,E,862,121,0.0416666666666666,0.0,0.0091743119266055,0.0091743119266055,0.0086455331412103,0.0022727272727272,0.062053565877756
U_12578513,C_735283,1.0,郑州轻工业学院,2020-06-25 20:43:07,4,E,810,143,0.0277777777777777,0.0,0.0018348623853211,0.0018348623853211,0.0028818443804034,0.0007575757575757,0.0612276638169084
U_34268605,C_697076,2.0,辽宁对外经贸学院,2020-11-25 19:47:22,4,E,781,121,0.0555555555555555,0.0,0.1119266055045871,0.1119266055045871,0.1066282420749279,0.031060606060606,0.0637708993876453
U_2434397,C_680979,1.0,西安交通大学,2020-06-29 11:18:56,4,E,715,100,0.0277777777777777,0.0,0.0788990825688073,0.0788990825688073,0.0547550432276657,0.0318181818181818,0.065026258634513
U_6766252,C_1824911,2.0,重庆三峡医药高等专科学校,2020-06-02 10:23:33,4,E,822,57,0.0416666666666666,0.0,0.073394495412844,0.073394495412844,0.0489913544668587,0.0325757575757575,0.0657413966161322
U_28112995,C_707358,1.0,昆明理工大学,2020-06-30 04:18:23,0,A,476,134,0.0972222222222222,0.0,0.1853211009174312,0.273394495412844,0.1786743515850144,0.0598484848484848,0.0720147014494221
U_10206280,C_735164,1.0,昆明理工大学,2019-12-01 11:58:25,0,A,476,138,0.0694444444444444,0.0,0.1908256880733945,0.2715596330275229,0.2190201729106628,0.0598484848484848,0.0665561360983076
U_34264408,C_697076,1.0,辽宁对外经贸学院,2020-12-03 09:39:34,4,E,781,121,0.0555555555555555,0.0,0.1743119266055046,0.1743119266055046,0.0951008645533141,0.0257575757575757,0.0664819995398685
U_15032538,C_747056,0.0,武汉大学,2020-05-28 10:44:17,4,E,506,147,0.0416666666666666,0.0,0.0091743119266055,0.0091743119266055,0.0057636887608069,0.0015151515151515,0.061388847689154
U_13143306,C_1992929,1.0,北京体育大学,2020-12-03 16:43:58,0,A,159,81,0.1111111111111111,0.0,0.1669724770642202,0.1669724770642202,0.2622478386167147,0.0689393939393939,0.066539075280417
U_31111114,C_801420,0.0,辽宁对外经贸学院,2020-08-01 15:50:32,4,E,781,155,0.0277777777777777,0.0,0.0055045871559633,0.0055045871559633,0.0028818443804034,0.0007575757575757,0.0613965287714613
U_31127656,C_682392,1.0,华南理工大学,2020-08-09 13:32:45,3,D,211,108,0.1527777777777777,0.0,0.4495412844036697,0.4495412844036697,0.2881844380403458,0.0962121212121212,0.0819022848389949
U_8491949,C_801420,0.0,广东理工学院,2020-07-11 23:47:56,4,E,410,155,0.0277777777777777,0.0,0.0036697247706422,0.0036697247706422,0.0,0.0,0.0613007653358877
U_26644389,C_735385,1.0,辽宁对外经贸学院,2020-04-20 14:06:17,4,E,781,146,0.0416666666666666,0.0,0.0697247706422018,0.0697247706422018,0.0489913544668587,0.0295454545454545,0.0619213036822828
U_13788608,C_682392,2.0,辽宁对外经贸学院,2019-11-01 14:40:25,4,E,781,108,0.6666666666666666,0.0,0.1009174311926605,0.1009174311926605,0.1037463976945244,0.059090909090909,0.0645060894016706
U_29724183,C_674920,1.0,辽宁对外经贸学院,2020-04-29 14:20:35,4,E,781,87,0.0416666666666666,0.0,0.018348623853211,0.018348623853211,0.0288184438040345,0.0075757575757575,0.0609030179951371
U_15039793,C_674920,1.0,辽宁对外经贸学院,2020-04-12 22:26:45,4,E,781,87,0.0416666666666666,0.0,0.0788990825688073,0.0788990825688073,0.0605187319884726,0.034090909090909,0.0618143628110114
U_32578798,C_735164,1.0,昆明理工大学,2020-10-21 08:53:29,0,A,476,138,0.1111111111111111,0.0,0.2,0.2770642201834862,0.2363112391930835,0.0621212121212121,0.0675272655857568
U_30018207,C_681031,2.0,辽宁对外经贸学院,2020-05-17 07:58:25,4,E,781,101,0.0416666666666666,0.0,0.0146788990825688,0.0146788990825688,0.0172910662824207,0.0053030303030303,0.0615394979301505
U_30554216,C_1829948,0.0,辽宁对外经贸学院,2020-06-16 11:28:36,4,E,781,61,0.0416666666666666,0.0,0.0146788990825688,0.0146788990825688,0.0086455331412103,0.0022727272727272,0.0615050444874611
U_12328554,C_674920,0.0,大连外国语大学,2020-07-07 16:12:45,4,E,305,87,0.0416666666666666,0.0,0.110091743119266,0.110091743119266,0.100864553314121,0.0272727272727272,0.0637634312560403
U_31066301,C_735115,1.0,昆明理工大学,2020-07-26 18:19:14,0,A,476,136,0.1388888888888889,0.0,0.5211009174311927,0.5211009174311927,0.8184438040345821,0.2825757575757576,0.0712000313000334
U_30781764,C_948436,2.0,辽宁对外经贸学院,2020-06-30 19:46:36,4,E,781,171,0.0416666666666666,0.0,0.0513761467889908,0.0513761467889908,0.0461095100864553,0.0,0.0627933714744443
U_255598,C_735164,1.0,重庆三峡学院,2020-11-27 13:17:56,0,A,826,138,0.125,0.0,0.2862385321100917,0.3009174311926605,0.440922190201729,0.1590909090909091,0.0671715982942419
U_33459771,C_2027893,0.0,辽宁对外经贸学院,2020-09-23 10:47:33,4,E,781,84,0.0416666666666666,0.0,0.0110091743119266,0.0110091743119266,0.0115273775216138,0.0037878787878787,0.0614216866683798
U_22712749,C_801420,2.0,南京邮电大学,2020-09-08 13:47:11,4,E,228,155,0.0833333333333333,0.0,0.0091743119266055,0.0091743119266055,0.0057636887608069,0.0015151515151515,0.0615469561570716
U_14090746,C_682340,0.0,北京联合大学,2020-06-02 19:15:25,4,E,181,106,0.0416666666666666,0.0,0.018348623853211,0.018348623853211,0.0201729106628242,0.006060606060606,0.0615693655042284
U_30318220,C_676635,0.0,辽宁对外经贸学院,2020-06-02 10:23:22,4,E,781,89,0.0416666666666666,0.0,0.0275229357798165,0.0275229357798165,0.0259365994236311,0.0068181818181818,0.0619760518221321
U_30295144,C_948395,0.0,中国医科大学,2020-05-31 16:47:02,2,C,69,170,0.1388888888888889,0.0,0.055045871559633,0.055045871559633,0.0403458213256484,0.0212121212121212,0.0734989331778037
U_11065088,C_676646,2.0,天津商业大学,2020-08-11 08:38:09,4,E,316,90,0.0416666666666666,0.0,0.018348623853211,0.018348623853211,0.0288184438040345,0.0075757575757575,0.0622969289117076
U_31169650,C_801420,1.0,辽宁对外经贸学院,2020-08-12 22:08:48,4,E,781,155,0.0277777777777777,0.0,0.0073394495412844,0.0073394495412844,0.0,0.0,0.061505960670715
U_27005835,C_1844112,2.0,昆明理工大学,2020-08-24 19:48:27,0,A,476,63,0.1527777777777777,0.0,0.3669724770642202,0.3889908256880734,0.5446685878962536,0.5643939393939394,0.2050178866792321
U_31094363,C_801420,0.0,辽宁对外经贸学院,2020-07-29 17:32:55,4,E,781,155,0.0277777777777777,0.0,0.0036697247706422,0.0036697247706422,0.0,0.0,0.0613551222407258
U_33343325,C_697076,2.0,辽宁对外经贸学院,2020-11-23 14:53:36,4,E,781,121,0.0555555555555555,0.0,0.1192660550458715,0.1192660550458715,0.132564841498559,0.0393939393939393,0.0636799991518303
U_9899776,C_1912002,1.0,铜仁学院经济管理学院,2020-09-08 23:38:54,4,E,851,73,0.0416666666666666,0.0,0.0091743119266055,0.0091743119266055,0.0086455331412103,0.009090909090909,0.0613750455122422
U_33270247,C_697076,1.0,辽宁对外经贸学院,2020-10-16 13:37:12,4,E,781,121,0.0138888888888888,0.0,0.128440366972477,0.128440366972477,0.1066282420749279,0.0295454545454545,0.0631894548283121
U_30374716,C_1829948,0.0,辽宁对外经贸学院,2020-06-05 19:26:24,4,E,781,61,0.0277777777777777,0.0,0.0073394495412844,0.0073394495412844,0.0057636887608069,0.0015151515151515,0.0554308188467359
U_6220272,C_1829948,1.0,北方民族大学,2020-06-17 12:10:35,4,E,190,61,0.0277777777777777,0.0,0.0220183486238532,0.0220183486238532,0.0115273775216138,0.003030303030303,0.0611767190756483
U_30016224,C_1732845,2.0,铜仁学院,2020-05-16 20:23:25,0,A,850,13,0.1111111111111111,0.0,0.1871559633027523,0.2715596330275229,0.2219020172910662,0.05,0.0668138213050719
U_32753978,C_1774987,2.0,昆明理工大学,2020-11-24 19:13:23,4,E,476,47,0.0416666666666666,0.0,0.018348623853211,0.018348623853211,0.0259365994236311,0.0128787878787878,0.0613637789343899
U_30399875,C_697076,1.0,辽宁医药职业学院,2020-12-06 20:58:15,0,A,773,121,0.1388888888888889,0.0,0.5541284403669725,0.5541284403669725,0.8703170028818443,0.2931818181818181,0.0740234802808973
U_30104674,C_823315,1.0,辽宁对外经贸学院,2020-06-13 18:36:57,4,E,781,158,0.0277777777777777,0.0,0.0770642201834862,0.0770642201834862,0.0489913544668587,0.031060606060606,0.0657107069532967
U_29000255,C_948436,1.0,辽宁对外经贸学院,2020-05-18 11:08:19,4,E,781,171,0.0416666666666666,0.0,0.0275229357798165,0.0275229357798165,0.0403458213256484,0.0045454545454545,0.0618522878453819
U_33454977,C_697076,2.0,辽宁对外经贸学院,2020-11-23 12:22:46,4,E,781,121,0.0555555555555555,0.0,0.2110091743119266,0.2110091743119266,0.1095100864553314,0.0287878787878787,0.0678239306757192
U_30603088,C_1829948,0.0,辽宁对外经贸学院,2020-06-18 17:07:46,4,E,781,61,0.3194444444444444,0.0,0.073394495412844,0.073394495412844,0.0778097982708933,0.0204545454545454,0.0627668962545769
U_22286682,C_676635,2.0,中国矿业大学(北京),2020-04-29 15:14:55,4,E,84,89,0.0416666666666666,0.0,0.0623853211009174,0.0623853211009174,0.0576368876080691,0.0318181818181818,0.0613226200207502
U_30602804,C_1829948,0.0,辽宁对外经贸学院,2020-06-18 16:50:05,4,E,781,61,0.0138888888888888,0.0,0.0073394495412844,0.0073394495412844,0.0057636887608069,0.0015151515151515,0.0606228144896939
U_12186600,C_1714448,0.0,中国医科大学,2020-05-13 10:06:57,4,E,69,8,0.0416666666666666,0.0,0.0073394495412844,0.0073394495412844,0.0057636887608069,0.0015151515151515,0.0612664307494041
U_33127114,C_697076,2.0,辽宁对外经贸学院,2020-09-24 15:20:08,0,A,781,121,0.0972222222222222,0.0,0.0275229357798165,0.0275229357798165,0.0432276657060518,0.0136363636363636,0.0652267541968648
U_11065353,C_676646,2.0,天津商业大学,2020-08-27 15:16:46,4,E,316,90,0.0277777777777777,0.0,0.0073394495412844,0.0073394495412844,0.0086455331412103,0.0022727272727272,0.0616657826489346
U_2043656,C_1875539,0.0,北京体育大学,2020-10-13 11:30:41,0,A,159,69,0.0277777777777777,0.0,0.073394495412844,0.2091743119266055,0.1152737752161383,0.0719696969696969,0.101859549230285
U_14842983,C_801420,0.0,南京邮电大学通达学院,2020-09-04 09:25:19,4,E,229,155,0.0277777777777777,0.0,0.0036697247706422,0.0036697247706422,0.0,0.0,0.061304449878271
U_2436073,C_735164,0.0,集美大学,2020-10-29 08:14:33,0,A,884,138,0.0694444444444444,0.0,0.055045871559633,0.0788990825688073,0.0691642651296829,0.031060606060606,0.078473446725648
U_10208666,C_1714448,1.0,中国医科大学,2020-05-16 12:51:40,0,A,69,8,0.0972222222222222,0.0,0.0055045871559633,0.0055045871559633,0.0086455331412103,0.0022727272727272,0.0647807462841711
U_33543410,C_697076,2.0,辽宁对外经贸学院,2020-10-15 10:30:09,4,E,781,121,0.0416666666666666,0.0,0.0844036697247706,0.0844036697247706,0.0778097982708933,0.0333333333333333,0.060665325392676
U_30282679,C_674920,1.0,辽宁对外经贸学院,2020-06-05 13:33:05,4,E,781,87,0.0416666666666666,0.0,0.091743119266055,0.091743119266055,0.1181556195965417,0.0318181818181818,0.062861892077154
U_30116391,C_681031,0.0,辽宁对外经贸学院,2020-05-22 11:11:59,4,E,781,101,0.0277777777777777,0.0,0.0055045871559633,0.0055045871559633,0.0086455331412103,0.003030303030303,0.0612644300032712
U_3350420,C_1774985,0.0,山西工程技术学院,2020-07-13 22:31:58,4,E,383,46,0.0416666666666666,0.0,0.0036697247706422,0.0036697247706422,0.0057636887608069,0.0015151515151515,0.0612483497490794
U_30326347,C_676635,0.0,辽宁对外经贸学院,2020-06-02 19:08:45,4,E,781,89,0.0416666666666666,0.0,0.018348623853211,0.018348623853211,0.0259365994236311,0.0068181818181818,0.0613065942423194
U_30809903,C_696917,0.0,辽宁对外经贸学院,2020-07-01 19:32:18,4,E,781,119,0.0277777777777777,0.0,0.0110091743119266,0.0110091743119266,0.0086455331412103,0.0022727272727272,0.0619722187094914
U_30601331,C_1829948,2.0,辽宁对外经贸学院,2020-06-18 15:33:41,4,E,781,61,0.0416666666666666,0.0,0.0036697247706422,0.0036697247706422,0.0,0.0,0.0611545573455872
U_28352758,C_1750795,1.0,史莱克学院,2020-06-13 08:17:17,4,E,246,18,0.0416666666666666,0.0,0.0055045871559633,0.0055045871559633,0.0057636887608069,0.003030303030303,0.0612997154394021
U_3702554,C_1017355,1.0,广州中医药大学,2020-03-04 13:31:04,3,D,423,0,0.0277777777777777,0.0,0.181651376146789,0.2036697247706422,0.1037463976945244,0.1318181818181818,0.0810946668244904
U_34652821,C_697076,2.0,辽宁对外经贸学院,2020-10-10 15:47:22,4,E,781,121,0.0555555555555555,0.0,0.091743119266055,0.091743119266055,0.0835734870317002,0.0242424242424242,0.0818147863214986
U_31686181,C_1472684,2.0,辽宁对外经贸学院,2020-09-27 14:59:21,4,E,781,3,0.0416666666666666,0.0,0.018348623853211,0.018348623853211,0.0115273775216138,0.003030303030303,0.0498942185636804
U_30486628,C_1750795,0.0,辽宁对外经贸学院,2020-06-13 09:50:50,4,E,781,18,0.0416666666666666,0.0,0.0055045871559633,0.0055045871559633,0.0086455331412103,0.0045454545454545,0.0612159564806258
U_720573,C_1824911,1.0,公共运输,2020-06-05 11:31:35,4,E,131,57,0.0972222222222222,0.0,0.0935779816513761,0.0935779816513761,0.0,0.0507575757575757,0.0768497124779163
U_29821779,C_756642,1.0,辽宁对外经贸学院,2020-05-07 21:26:21,4,E,781,149,0.0277777777777777,0.0,0.0091743119266055,0.0091743119266055,0.0086455331412103,0.0022727272727272,0.0617174950031911
U_30625966,C_1829948,0.0,辽宁对外经贸学院,2020-06-20 11:52:31,4,E,781,61,0.375,0.0,0.0880733944954128,0.0880733944954128,0.0720461095100864,0.0393939393939393,0.0666093143457705
U_30932173,C_801420,1.0,辽宁对外经贸学院,2020-07-12 16:48:23,4,E,781,155,0.0277777777777777,0.0,0.0036697247706422,0.0036697247706422,0.0028818443804034,0.0007575757575757,0.0613211095564667
U_5256529,C_674920,0.0,西昌民族幼儿师范高等专科学校,2020-06-12 14:55:56,4,E,751,87,0.0138888888888888,0.0,0.018348623853211,0.018348623853211,0.0288184438040345,0.0075757575757575,0.0585939786734707
U_6229022,C_1017355,1.0,广州中医药大学,2020-04-13 17:22:52,3,D,423,0,0.1527777777777777,0.0,0.1853211009174312,0.2165137614678899,0.1123919308357348,0.1378787878787878,0.0840028206614359
U_29779481,C_1774985,1.0,辽宁对外经贸学院,2020-05-05 09:48:38,4,E,781,46,0.0277777777777777,0.0,0.0018348623853211,0.0018348623853211,0.0028818443804034,0.0007575757575757,0.061123109974439
U_16292323,C_697076,1.0,辽宁对外经贸学院,2020-12-02 23:35:55,4,E,781,121,0.0416666666666666,0.0,0.0036697247706422,0.0036697247706422,0.0,0.0,0.0605938432895023
U_30027895,C_758928,1.0,辽宁对外经贸学院,2020-05-18 02:14:37,4,E,781,150,0.0416666666666666,0.0,0.0146788990825688,0.0146788990825688,0.0086455331412103,0.0022727272727272,0.0616612066850069
U_11267476,C_1786221,1.0,北京体育大学,2020-09-22 18:43:16,4,E,159,51,0.0277777777777777,0.0,0.0660550458715596,0.0660550458715596,0.0432276657060518,0.0287878787878787,0.0619730209888813
U_27566620,C_948120,0.0,昆明理工大学,2020-09-23 09:38:49,0,A,476,167,0.0555555555555555,0.0,0.0091743119266055,0.0091743119266055,0.0144092219020172,0.0037878787878787,0.0722600949435581
U_19888035,C_786631,1.0,北华航天工业学院,2020-03-31 19:42:57,0,A,186,154,0.0972222222222222,0.0,0.2055045871559633,0.273394495412844,0.2074927953890489,0.0719696969696969,0.0719386780487141
U_3099939,C_680979,0.0,西安交通大学医学部,2020-07-20 12:12:15,4,E,716,100,0.0416666666666666,0.0,0.0385321100917431,0.0385321100917431,0.0489913544668587,0.0151515151515151,0.0609500999097049
U_33329626,C_697076,1.0,辽宁对外经贸学院,2020-11-22 08:46:51,4,E,781,121,0.0416666666666666,0.0,0.0844036697247706,0.0844036697247706,0.0749279538904899,0.0348484848484848,0.0614609339780411
U_6099804,C_1017355,2.0,广州中医药大学,2020-04-19 22:10:27,0,A,423,0,0.0138888888888888,0.0,0.1908256880733945,0.2623853211009174,0.2190201729106628,0.0719696969696969,0.0686673343128876
U_31060923,C_735115,1.0,辽宁对外经贸学院,2020-07-25 16:07:22,4,E,781,136,0.0277777777777777,0.0,0.5211009174311927,0.5211009174311927,0.2997118155619596,0.0969696969696969,0.0774919817006261
U_30647084,C_1829948,0.0,辽宁对外经贸学院,2020-06-22 13:58:04,4,E,781,61,0.0416666666666666,0.0,0.0073394495412844,0.0073394495412844,0.0028818443804034,0.0007575757575757,0.0612713880436592
U_31512778,C_801420,1.0,辽宁对外经贸学院,2020-08-27 16:52:00,4,E,781,155,0.0416666666666666,0.0,0.0256880733944954,0.0256880733944954,0.0288184438040345,0.0083333333333333,0.0529686117628957
U_32092794,C_682392,0.0,辽宁对外经贸学院,2020-09-21 08:57:46,4,E,781,108,0.0277777777777777,0.0,0.0403669724770642,0.0403669724770642,0.0172910662824207,0.0265151515151515,0.0544194218671912
U_33185738,C_697076,2.0,辽宁对外经贸学院,2020-09-20 21:11:25,4,E,781,121,0.0416666666666666,0.0,0.0018348623853211,0.0018348623853211,0.0028818443804034,0.0007575757575757,0.0604844064379066
U_5277602,C_674920,2.0,西昌民族幼儿师范高等专科学校,2020-06-11 19:28:09,4,E,751,87,0.0416666666666666,0.0,0.0532110091743119,0.0532110091743119,0.0576368876080691,0.0234848484848484,0.0591090866128779
U_33246377,C_2059281,0.0,辽宁对外经贸学院,2020-09-21 13:20:44,4,E,781,85,0.0416666666666666,0.0,0.0091743119266055,0.0091743119266055,0.0086455331412103,0.003030303030303,0.0618372872017271
U_5832618,C_1824926,0.0,武汉职业技术学院,2020-07-06 12:07:28,1,B,511,58,0.1805555555555555,0.0,0.0018348623853211,0.0256880733944954,0.0028818443804034,0.0204545454545454,0.0987541238055731
U_13805861,C_948120,1.0,中国农业大学,2020-10-09 10:30:44,4,E,67,167,0.0277777777777777,0.0,0.0091743119266055,0.0091743119266055,0.0144092219020172,0.0037878787878787,0.06064879447537
U_14654838,C_786631,2.0,北华航天工业学院,2020-05-08 09:58:34,0,A,186,154,0.0555555555555555,0.0,0.1064220183486238,0.1064220183486238,0.1354466858789625,0.0431818181818181,0.0670080472025618
U_6165906,C_735197,0.0,华南理工大学,2020-10-04 23:15:04,3,D,211,141,0.1527777777777777,0.0,0.1541284403669724,0.2440366972477064,0.1123919308357348,0.1507575757575757,0.0856729484482096
U_30109292,C_1736024,1.0,辽宁对外经贸学院,2020-05-21 18:21:20,4,E,781,14,0.0416666666666666,0.0,0.0128440366972477,0.0311926605504587,0.0057636887608069,0.0015151515151515,0.0620425815833927
U_18260140,C_697062,2.0,湖北科技学院,2020-04-27 08:09:35,3,D,633,120,0.1388888888888889,0.0,0.0018348623853211,0.0018348623853211,0.0028818443804034,0.0007575757575757,0.077071186160612
U_29774847,C_1736024,0.0,辽宁对外经贸学院,2020-05-04 12:17:34,4,E,781,14,0.0416666666666666,0.0,0.0238532110091743,0.0403669724770642,0.0345821325648414,0.0098484848484848,0.0620921842399943
U_33820919,C_1912004,2.0,辽宁对外经贸学院,2020-09-27 09:46:45,4,E,781,74,0.0277777777777777,0.0,0.0018348623853211,0.0018348623853211,0.0,0.0,0.0617475606709456
U_32718625,C_735164,1.0,昆明理工大学,2020-11-28 10:40:58,0,A,476,138,0.125,0.0,0.2862385321100917,0.3155963302752294,0.4438040345821325,0.1606060606060606,0.0700902857624365
U_3063332,C_682556,1.0,西南林业大学,2020-04-21 18:06:52,4,E,711,112,0.0416666666666666,0.0,0.0697247706422018,0.0697247706422018,0.0547550432276657,0.0348484848484848,0.063146602213738
U_34124273,C_2027893,0.0,辽宁对外经贸学院,2020-09-30 11:34:03,4,E,781,84,0.0416666666666666,0.0,0.0146788990825688,0.0146788990825688,0.0230547550432276,0.006060606060606,0.0614400598568774
U_31018470,C_801420,1.0,辽宁对外经贸学院,2020-07-24 11:56:30,4,E,781,155,0.0416666666666666,0.0,0.0715596330275229,0.0715596330275229,0.0576368876080691,0.031060606060606,0.0629299768737752
U_30467696,C_1829948,2.0,辽宁对外经贸学院,2020-06-12 10:23:49,4,E,781,61,0.0138888888888888,0.0,0.0073394495412844,0.0073394495412844,0.0086455331412103,0.0022727272727272,0.0605888018054348
U_2023991,C_1750793,0.0,北京体育大学,2020-06-16 16:35:23,0,A,159,17,0.0694444444444444,0.0,0.036697247706422,0.036697247706422,0.0518731988472622,0.0272727272727272,0.069862705842162
U_2437982,C_735164,0.0,江苏大学,2020-11-27 09:54:23,0,A,521,138,0.125,0.0,0.2862385321100917,0.3009174311926605,0.4438040345821325,0.1613636363636363,0.0688602032686933
U_32951526,C_735164,2.0,昆明理工大学,2020-09-16 18:59:53,0,A,476,138,0.0277777777777777,0.0,0.0990825688073394,0.1541284403669724,0.1210374639769452,0.056060606060606,0.0659480429871401
U_33224346,C_697076,2.0,辽宁对外经贸学院,2020-11-20 21:53:25,4,E,781,121,0.0416666666666666,0.0,0.0715596330275229,0.0715596330275229,0.0922190201729106,0.0295454545454545,0.0635520851125569
U_7968154,C_735197,0.0,华南理工大学,2020-09-24 11:28:25,3,D,211,141,0.0138888888888888,0.0,0.0091743119266055,0.0091743119266055,0.0144092219020172,0.0037878787878787,0.0761782591043125
U_11576766,C_1017355,1.0,广州中医药大学,2020-05-07 09:13:11,0,A,423,0,0.0833333333333333,0.0,0.0825688073394495,0.0825688073394495,0.1066282420749279,0.0363636363636363,0.0677153555316164
U_22865189,C_801420,0.0,南京邮电大学,2020-09-08 13:47:51,4,E,228,155,0.0277777777777777,0.0,0.0036697247706422,0.0036697247706422,0.0,0.0,0.0608595116714305
U_12245808,C_1714448,0.0,中国医科大学,2020-03-24 21:33:11,2,C,69,8,0.0694444444444444,0.0,0.1963302752293578,0.1963302752293578,0.1613832853025936,0.0628787878787878,0.0762656877484464
U_30855030,C_682575,1.0,辽宁对外经贸学院,2020-07-09 09:37:13,4,E,781,113,0.0416666666666666,0.0,0.0477064220183486,0.0477064220183486,0.0691642651296829,0.0181818181818181,0.0624083318430428
U_1298953,C_735164,0.0,昆明医科大学,2020-10-26 21:01:07,0,A,471,138,0.0277777777777777,0.0,0.1908256880733945,0.2715596330275229,0.2074927953890489,0.0568181818181818,0.001204715928761
U_30047304,C_756642,2.0,辽宁对外经贸学院,2020-05-19 08:27:04,4,E,781,149,0.0277777777777777,0.0,0.0091743119266055,0.0091743119266055,0.0086455331412103,0.003030303030303,0.061713914459988
U_30938679,C_676635,1.0,辽宁对外经贸学院,2020-07-27 09:31:55,4,E,781,89,0.0416666666666666,0.0,0.018348623853211,0.018348623853211,0.0201729106628242,0.0053030303030303,0.0620731622947061
U_30933299,C_747056,1.0,河南师范大学,2020-07-13 15:08:48,4,E,572,147,0.0416666666666666,0.0,0.0293577981651376,0.0293577981651376,0.0374639769452449,0.0143939393939393,0.0605318993968532
U_19220206,C_697062,1.0,湖北科技学院,2020-04-26 08:05:55,4,E,633,120,0.0416666666666666,0.0,0.0678899082568807,0.0678899082568807,0.0518731988472622,0.0303030303030303,0.0621186644122037
U_29694369,C_1776290,1.0,辽宁对外经贸学院,2020-04-27 21:32:37,4,E,781,48,0.0416666666666666,0.0,0.0697247706422018,0.0697247706422018,0.0605187319884726,0.0318181818181818,0.0613019241838953
U_30744279,C_735115,1.0,辽宁对外经贸学院,2020-06-29 21:42:05,4,E,781,136,0.0555555555555555,0.0,0.055045871559633,0.055045871559633,0.0489913544668587,0.0143939393939393,0.0618551552513496
U_29824847,C_1017355,0.0,辽宁对外经贸学院,2020-05-08 08:20:16,4,E,781,0,0.0416666666666666,0.0,0.0642201834862385,0.0642201834862385,0.0749279538904899,0.0242424242424242,0.0628630707345293
U_30773182,C_1738818,1.0,辽宁对外经贸学院,2020-06-30 12:17:37,4,E,781,15,0.0416666666666666,0.0,0.0715596330275229,0.0715596330275229,0.0576368876080691,0.0318181818181818,0.0629794061984099
U_6758224,C_1824911,2.0,重庆三峡医药高等专科学校,2020-06-11 16:09:29,4,E,822,57,0.0416666666666666,0.0,0.0697247706422018,0.0697247706422018,0.0547550432276657,0.0333333333333333,0.0628098429636473
U_12390607,C_948387,0.0,深圳信息职业技术学院,2020-10-27 13:47:08,4,E,610,169,0.0416666666666666,0.0,0.073394495412844,0.073394495412844,0.0691642651296829,0.0181818181818181,0.0632512699600714
U_1646388,C_735164,0.0,内蒙古科技大学,2020-10-28 13:37:08,0,A,148,138,0.0694444444444444,0.0,0.2862385321100917,0.2935779816513761,0.4438040345821325,0.1606060606060606,0.0112695503327307
U_32891361,C_735164,1.0,昆明理工大学,2020-09-16 23:47:11,0,A,476,138,0.0138888888888888,0.0,0.1889908256880734,0.2642201834862385,0.2132564841498559,0.0583333333333333,0.0660269288414738
U_33459889,C_2027893,1.0,辽宁对外经贸学院,2020-09-23 10:45:32,4,E,781,84,0.0277777777777777,0.0,0.0110091743119266,0.0110091743119266,0.0086455331412103,0.0022727272727272,0.0614592798958421
U_30003282,C_676646,2.0,辽宁对外经贸学院,2020-07-02 09:43:27,4,E,781,90,0.0416666666666666,0.0,0.0660550458715596,0.0660550458715596,0.0374639769452449,0.0098484848484848,0.0632957320857672
U_30255928,C_735197,0.0,昆明理工大学,2020-10-09 17:01:24,0,A,476,141,0.0972222222222222,0.0,0.110091743119266,0.110091743119266,0.0720461095100864,0.0189393939393939,0.0645226351760023
U_10272911,C_1918363,0.0,新乡医学院三全学院,2020-11-02 08:52:42,2,C,461,76,0.125,0.0,0.1908256880733945,0.1908256880733945,0.1844380403458213,0.0613636363636363,0.0773657266958936
U_12918328,C_1829948,0.0,北方民族大学,2020-06-17 08:13:21,4,E,190,61,0.0694444444444444,0.0,0.0605504587155963,0.0605504587155963,0.0835734870317002,0.0219696969696969,0.0623071554977581
U_31650519,C_1808487,0.0,辽宁对外经贸学院,2020-08-30 16:37:19,4,E,781,55,0.0277777777777777,0.0,0.0201834862385321,0.0201834862385321,0.0086455331412103,0.0022727272727272,0.0618972798716624
U_31739148,C_682392,0.0,辽宁对外经贸学院,2020-08-31 18:17:39,4,E,781,108,0.0416666666666666,0.0,0.0752293577981651,0.0752293577981651,0.0662824207492795,0.0189393939393939,0.0625503947231619
U_31553888,C_1806527,2.0,昆明理工大学,2020-08-28 16:56:56,0,A,476,53,0.0833333333333333,0.0,0.0018348623853211,0.0018348623853211,0.0028818443804034,0.0075757575757575,0.2044658999115282
U_1857982,C_1912004,1.0,北京交通大学,2020-07-28 10:17:04,4,E,157,74,0.0416666666666666,0.0,0.0440366972477064,0.0440366972477064,0.0518731988472622,0.0257575757575757,0.0641289338985947
U_27749270,C_801420,1.0,辽宁对外经贸学院,2020-08-25 09:34:35,4,E,781,155,0.0277777777777777,0.0,0.0036697247706422,0.0036697247706422,0.0,0.0,0.0613551222407258
U_4622287,C_674920,2.0,北京第二外国语学院,2020-06-16 10:14:25,4,E,179,87,0.0416666666666666,0.0,0.0018348623853211,0.0018348623853211,0.0028818443804034,0.0007575757575757,0.0608004599464587
U_31278656,C_697076,1.0,辽宁对外经贸学院,2020-08-21 23:14:43,4,E,781,121,0.0277777777777777,0.0,0.0825688073394495,0.0825688073394495,0.0489913544668587,0.0303030303030303,0.0609472721224725
U_28355648,C_1750795,0.0,辽宁对外经贸学院,2020-06-13 14:58:34,4,E,781,18,0.0416666666666666,0.0,0.0055045871559633,0.0055045871559633,0.0086455331412103,0.0045454545454545,0.0612159564806258
U_29794197,C_766175,0.0,广州中医药大学,2020-05-28 16:59:29,1,B,423,151,0.0694444444444444,0.0,0.1834862385321101,0.1834862385321101,0.2420749279538904,0.0651515151515151,0.1107234884987621
U_16593708,C_697155,2.0,辽宁对外经贸学院,2020-05-04 23:35:18,4,E,781,124,0.0416666666666666,0.0,0.0642201834862385,0.0642201834862385,0.0576368876080691,0.0318181818181818,0.061404294043581
U_31099504,C_682392,2.0,昆明理工大学,2020-07-30 11:04:42,0,A,476,108,0.0972222222222222,0.0,0.1119266055045871,0.1119266055045871,0.1123919308357348,0.0325757575757575,0.0544981145801904
U_33220411,C_697076,2.0,辽宁对外经贸学院,2020-09-30 18:07:06,0,A,781,121,0.0972222222222222,0.0,0.0275229357798165,0.0275229357798165,0.0403458213256484,0.0121212121212121,0.0627037984662621
U_32538696,C_735164,1.0,昆明理工大学,2020-11-26 21:33:27,0,A,476,138,0.125,0.0,0.2862385321100917,0.4091743119266055,0.340057636887608,0.1121212121212121,0.0744350248462177
U_9080836,C_735197,0.0,辽宁石油化工大学,2020-09-09 10:10:09,4,E,790,141,0.0277777777777777,0.0,0.0128440366972477,0.0128440366972477,0.0201729106628242,0.031060606060606,0.0711893243368173
U_32538164,C_735164,1.0,昆明理工大学,2020-11-26 21:22:14,0,A,476,138,0.125,0.0,0.2862385321100917,0.3009174311926605,0.4495677233429394,0.1636363636363636,0.0695413632324467
U_11286391,C_1824926,0.0,武汉职业技术学院,2020-07-06 16:41:08,0,A,511,58,0.1111111111111111,0.0,0.163302752293578,0.255045871559633,0.1729106628242074,0.0507575757575757,0.0699973798281468
U_7157569,C_735197,1.0,华南理工大学,2020-09-09 19:22:49,4,E,211,141,0.0416666666666666,0.0,0.0678899082568807,0.0678899082568807,0.0576368876080691,0.0287878787878787,0.0618521541321502
U_7980267,C_735164,0.0,吕梁学院,2020-11-27 15:55:59,0,A,261,138,0.125,0.0,0.2862385321100917,0.2899082568807339,0.446685878962536,0.1628787878787878,0.066838895012178
U_7968143,C_735197,1.0,华南理工大学,2020-10-26 22:48:37,3,D,211,141,0.1805555555555555,0.0,0.1192660550458715,0.1908256880733945,0.0201729106628242,0.1409090909090909,0.0931236280002616
U_29974541,C_1732845,2.0,华南理工大学,2020-05-14 14:47:39,3,D,211,13,0.1527777777777777,0.0,0.0477064220183486,0.0477064220183486,0.0489913544668587,0.0128787878787878,0.0777378555719277
U_18455546,C_948113,0.0,西安思源学院,2020-05-10 14:47:37,0,A,721,166,0.0277777777777777,0.0,0.2642201834862385,0.2642201834862385,0.3573487031700288,0.1083333333333333,0.0694099181733892
U_1024825,C_735164,0.0,昆明理工大学,2020-11-09 17:43:12,0,A,476,138,0.125,0.0,0.1357798165137614,0.1504587155963302,0.2046109510086455,0.0909090909090909,0.0660378239936827
U_15380844,C_674920,1.0,辽宁对外经贸学院,2020-07-24 19:34:46,4,E,781,87,0.0555555555555555,0.0,0.2201834862385321,0.2201834862385321,0.2737752161383285,0.0727272727272727,0.0663046908423538
U_31196551,C_697076,2.0,辽宁对外经贸学院,2020-08-14 13:43:11,4,E,781,121,0.0277777777777777,0.0,0.128440366972477,0.128440366972477,0.132564841498559,0.0386363636363636,0.0857031781489736
U_18090331,C_1771170,2.0,辽宁对外经贸学院,2020-06-01 15:21:52,4,E,781,40,0.0416666666666666,0.0,0.018348623853211,0.018348623853211,0.0115273775216138,0.003030303030303,0.0616232321272172
U_27394282,C_1829948,2.0,辽宁对外经贸学院,2020-06-13 23:54:26,4,E,781,61,0.0416666666666666,0.0,0.073394495412844,0.073394495412844,0.0547550432276657,0.0318181818181818,0.0623002024097122
U_31073599,C_682392,0.0,中国医科大学,2020-08-12 12:40:56,2,C,69,108,0.2222222222222222,0.0,0.4385321100917431,0.4385321100917431,0.5360230547550432,0.184090909090909,0.0672070174436044
U_33763366,C_1472684,2.0,辽宁对外经贸学院,2020-09-25 19:32:58,4,E,781,3,0.0277777777777777,0.0,0.0091743119266055,0.0091743119266055,0.0115273775216138,0.003030303030303,0.0613810626076666
U_11492489,C_1778562,0.0,南开大学,2020-09-22 18:48:04,3,D,231,49,0.125,0.0,0.0036697247706422,0.0036697247706422,0.0028818443804034,0.0007575757575757,0.0753358756495782
U_33748701,C_697076,0.0,辽宁对外经贸学院,2020-11-23 14:55:56,4,E,781,121,0.0416666666666666,0.0,0.0844036697247706,0.0844036697247706,0.0720461095100864,0.0333333333333333,0.061379502619964
U_28443585,C_1017355,2.0,辽宁对外经贸学院,2020-04-25 09:53:17,4,E,781,0,0.0416666666666666,0.0,0.0715596330275229,0.0715596330275229,0.0576368876080691,0.0318181818181818,0.0628659876639161
U_31087666,C_697076,2.0,华南理工大学,2020-07-28 21:11:37,3,D,211,121,0.1805555555555555,0.0,0.4440366972477064,0.4440366972477064,0.1757925072046109,0.0462121212121212,0.0937648275171182
U_14654619,C_786631,0.0,北华航天工业学院,2020-05-07 09:43:45,0,A,186,154,0.0277777777777777,0.0,0.0275229357798165,0.0275229357798165,0.0403458213256484,0.0128787878787878,0.0557680782833599
U_30170978,C_786631,0.0,辽宁对外经贸学院,2020-05-25 16:28:12,4,E,781,154,0.0555555555555555,0.0,0.255045871559633,0.255045871559633,0.1239193083573487,0.0371212121212121,0.0700604776164616
U_29653340,C_674959,2.0,辽宁对外经贸学院,2020-06-23 15:33:27,4,E,781,88,0.0277777777777777,0.0,0.0036697247706422,0.0036697247706422,0.0028818443804034,0.0007575757575757,0.0616001344045345
U_30348777,C_682157,2.0,辽宁对外经贸学院,2020-06-04 10:52:55,4,E,781,105,0.0277777777777777,0.0,0.0055045871559633,0.0055045871559633,0.0086455331412103,0.0022727272727272,0.0615464460658546
U_30350835,C_1829948,1.0,中国医科大学,2020-06-04 12:56:13,2,C,69,61,0.2083333333333333,0.0,0.4403669724770642,0.4403669724770642,0.2593659942363112,0.0681818181818181,0.0763671760912715
U_30919569,C_1778564,0.0,辽宁对外经贸学院,2020-07-21 19:36:47,4,E,781,50,0.0416666666666666,0.0,0.0311926605504587,0.0311926605504587,0.031700288184438,0.0833333333333333,0.058982054090465
U_26345907,C_948395,1.0,西安美术学院,2020-05-11 12:18:44,2,C,727,170,0.1666666666666666,0.0,0.1798165137614679,0.1798165137614679,0.1786743515850144,0.0666666666666666,0.071098899525826
U_33713787,C_697076,2.0,辽宁对外经贸学院,2020-11-24 10:38:11,4,E,781,121,0.0555555555555555,0.0,0.1834862385321101,0.1834862385321101,0.2074927953890489,0.0628787878787878,0.0654968252107538
U_19909144,C_948436,2.0,西安美术学院,2020-05-26 16:14:34,4,E,727,171,0.0277777777777777,0.0,0.0036697247706422,0.0036697247706422,0.0057636887608069,0.0,0.061499577101989
U_12192725,C_1714448,1.0,中国医科大学,2020-05-13 10:19:37,2,C,69,8,0.125,0.0,0.0073394495412844,0.0073394495412844,0.0028818443804034,0.0007575757575757,0.0726369434014354
U_31683132,C_682392,0.0,昆明理工大学,2020-09-14 20:20:54,0,A,476,108,0.0972222222222222,0.0,0.018348623853211,0.018348623853211,0.0259365994236311,0.0068181818181818,0.0003308074008539
U_15379210,C_707079,2.0,铜仁学院,2020-05-24 20:28:50,4,E,850,132,0.0416666666666666,0.0,0.0128440366972477,0.0128440366972477,0.0172910662824207,0.0045454545454545,0.0614015058750839
U_1687819,C_735164,0.0,青岛理工大学,2020-09-16 13:55:48,0,A,888,138,0.1111111111111111,0.0,0.1963302752293578,0.2697247706422018,0.2478386167146974,0.0606060606060606,0.016916548063238
U_12696450,C_948387,1.0,深圳信息职业技术学院,2020-10-20 09:05:50,4,E,610,169,0.0416666666666666,0.0,0.073394495412844,0.073394495412844,0.0864553314121037,0.0227272727272727,0.0630471938545164
U_29784758,C_1017355,1.0,华南理工大学,2020-05-05 20:44:41,3,D,211,0,0.1388888888888889,0.0,0.0642201834862385,0.0642201834862385,0.031700288184438,0.0113636363636363,0.0806292209697878
U_33896246,C_697076,2.0,辽宁对外经贸学院,2020-11-16 18:10:56,4,E,781,121,0.0277777777777777,0.0,0.0990825688073394,0.0990825688073394,0.0345821325648414,0.0303030303030303,0.0608191550371807
U_19866614,C_735164,2.0,齐齐哈尔医学院,2020-12-06 16:30:20,4,E,912,138,0.0833333333333333,0.0,0.1963302752293578,0.2752293577981651,0.2737752161383285,0.1083333333333333,0.0647066988678864
U_33650726,C_697076,2.0,辽宁对外经贸学院,2020-10-13 10:16:21,4,E,781,121,0.0416666666666666,0.0,0.0018348623853211,0.0018348623853211,0.0028818443804034,0.0007575757575757,0.0604844064379066
U_12156146,C_682392,2.0,陕西工业职业技术学院,2020-08-31 16:18:27,4,E,876,108,0.0416666666666666,0.0,0.0715596330275229,0.0715596330275229,0.0518731988472622,0.0287878787878787,0.024679770742778
U_33797107,C_1774985,1.0,辽宁对外经贸学院,2020-09-30 17:34:50,4,E,781,46,0.0277777777777777,0.0,0.0018348623853211,0.0018348623853211,0.0028818443804034,0.0007575757575757,0.061123109974439
U_30359180,C_1829948,0.0,辽宁对外经贸学院,2020-06-04 21:10:38,4,E,781,61,0.0416666666666666,0.0,0.0311926605504587,0.0311926605504587,0.0201729106628242,0.0053030303030303,0.0646254309370925
U_29884186,C_766175,2.0,辽宁对外经贸学院,2020-05-08 19:44:25,4,E,781,151,0.0416666666666666,0.0,0.0348623853211009,0.0348623853211009,0.0259365994236311,0.0068181818181818,0.0622968595789208
U_6758462,C_1824911,2.0,重庆三峡医药高等专科学校,2020-06-10 18:03:23,4,E,822,57,0.0833333333333333,0.0,0.036697247706422,0.036697247706422,0.0461095100864553,0.0257575757575757,0.0483398675065675
U_5740689,C_735197,0.0,华南理工大学,2020-10-04 11:16:06,3,D,211,141,0.1666666666666666,0.0,0.1614678899082569,0.2440366972477064,0.063400576368876,0.1462121212121212,0.0803297825683542
U_33366179,C_697076,0.0,辽宁对外财贸学院,2020-10-04 22:50:40,4,E,782,121,0.0416666666666666,0.0,0.036697247706422,0.036697247706422,0.0432276657060518,0.0128787878787878,0.0619817470153322
U_33383656,C_697076,1.0,辽宁对外经贸学院,2020-11-13 10:30:03,4,E,781,121,0.0416666666666666,0.0,0.055045871559633,0.055045871559633,0.0547550432276657,0.0151515151515151,0.0620558142409845
U_1005500,C_735164,1.0,昆明理工大学,2020-10-23 10:58:09,0,A,476,138,0.0416666666666666,0.0,0.2770642201834862,0.3155963302752294,0.4207492795389049,0.15,0.067146209177982
U_33230679,C_1912004,2.0,辽宁对外经贸学院,2020-09-21 10:36:03,4,E,781,74,0.0277777777777777,0.0,0.0055045871559633,0.0055045871559633,0.0057636887608069,0.0015151515151515,0.0033946224564372
U_30602855,C_1829948,0.0,辽宁对外经贸学院,2020-06-18 16:52:18,4,E,781,61,0.2083333333333333,0.0,0.418348623853211,0.418348623853211,0.3717579250720461,0.0977272727272727,0.075049744190865
U_32725466,C_735164,1.0,昆明理工大学,2020-09-15 09:06:58,0,A,476,138,0.1111111111111111,0.0,0.1963302752293578,0.2990825688073394,0.2046109510086455,0.0689393939393939,0.0670598883177081
U_989573,C_735164,0.0,昆明理工大学,2020-10-20 08:52:51,4,E,476,138,0.0277777777777777,0.0,0.0403669724770642,0.0403669724770642,0.063400576368876,0.028030303030303,0.0617363238071447
U_13496682,C_676635,2.0,广州中医药大学,2020-08-26 14:23:31,1,B,423,89,0.2222222222222222,0.0,0.0642201834862385,0.0642201834862385,0.0835734870317002,0.0219696969696969,0.116283750191062
U_30931981,C_749807,1.0,辽宁对外经贸学院,2020-07-11 11:49:35,4,E,781,148,0.0416666666666666,0.0,0.0165137614678899,0.0165137614678899,0.0172910662824207,0.0045454545454545,0.0616908860700921
U_29991343,C_707358,0.0,华南理工大学,2020-05-15 10:43:59,3,D,211,134,0.1388888888888889,0.0,0.0458715596330275,0.073394495412844,0.0288184438040345,0.0075757575757575,0.078157675500585
U_9254374,C_697766,1.0,湖南城市学院,2020-06-12 11:12:24,2,C,639,128,0.1388888888888889,0.0,0.1045871559633027,0.1045871559633027,0.0893371757925072,0.0242424242424242,0.0762093201927915
U_12923213,C_1829948,2.0,北方民族大学,2020-06-18 09:24:40,2,C,190,61,0.25,0.0,0.4770642201834862,0.4770642201834862,0.4553314121037464,0.1196969696969696,0.0752857133783404
U_30571326,C_1829948,1.0,华南理工大学,2020-06-16 22:01:19,3,D,211,61,0.2777777777777778,0.0,0.4770642201834862,0.4770642201834862,0.7492795389048991,0.1969696969696969,0.0708065429733281
U_30021945,C_948395,0.0,西安美术学院,2020-05-17 16:16:54,0,A,727,170,0.1111111111111111,0.0,0.1871559633027523,0.273394495412844,0.2190201729106628,0.0606060606060606,0.0688859851606929
U_29657743,C_1628052,2.0,辽宁对外经贸学院,2020-06-17 19:31:35,4,E,781,5,0.0277777777777777,0.0,0.0091743119266055,0.0091743119266055,0.0144092219020172,0.0053030303030303,0.0622647832603497
U_30996066,C_1761368,1.0,华南理工大学,2020-07-21 10:59:50,3,D,211,31,0.1388888888888889,0.0,0.0990825688073394,0.0990825688073394,0.0461095100864553,0.0121212121212121,0.0824081318990246
U_1169684,C_1774987,1.0,昆明理工大学,2020-09-17 10:39:04,4,E,476,47,0.0138888888888888,0.0,0.0605504587155963,0.0605504587155963,0.0345821325648414,0.0265151515151515,0.0132669154133169
U_33454466,C_697076,2.0,辽宁对外经贸学院,2020-11-18 11:43:15,4,E,781,121,0.0416666666666666,0.0,0.0091743119266055,0.0091743119266055,0.0086455331412103,0.003030303030303,0.0607144872908473
U_12605393,C_682392,2.0,昆明理工大学,2020-09-04 10:46:44,0,A,476,108,0.1111111111111111,0.0,0.1651376146788991,0.2990825688073394,0.2593659942363112,0.056060606060606,0.0539119207249626
U_8488471,C_735197,0.0,华南理工大学,2020-10-21 21:33:03,3,D,211,141,0.1388888888888889,0.0,0.1357798165137614,0.236697247706422,0.0893371757925072,0.1484848484848485,0.0229776512674539
U_25007473,C_696674,1.0,辽宁对外经贸学院,2020-05-20 15:07:39,4,E,781,118,0.0277777777777777,0.0,0.0128440366972477,0.0128440366972477,0.0057636887608069,0.0022727272727272,0.0617099129677222
U_29715823,C_813262,1.0,昆明理工大学,2020-04-28 23:51:11,0,A,476,157,0.0972222222222222,0.0,0.0256880733944954,0.0256880733944954,0.0201729106628242,0.0068181818181818,0.0663226133677373
U_16316566,C_697076,1.0,辽宁对外经贸学院,2020-12-03 08:11:48,4,E,781,121,0.0555555555555555,0.0,0.1926605504587156,0.1926605504587156,0.2161383285302593,0.0643939393939393,0.0657754736808362
U_15218707,C_948120,0.0,中国农业大学东校区,2020-09-24 07:44:46,1,B,68,167,0.2361111111111111,0.0,0.0146788990825688,0.0293577981651376,0.0230547550432276,0.0303030303030303,0.1196201132238656
U_33142408,C_735164,0.0,昆明理工大学,2020-09-19 12:36:28,0,A,476,138,0.1111111111111111,0.0,0.2,0.3064220183486238,0.1815561959654178,0.0772727272727272,0.0274954802477208
U_30317635,C_1824911,2.0,辽宁对外经贸学院,2020-06-02 09:51:09,4,E,781,57,0.0555555555555555,0.0,0.0587155963302752,0.0587155963302752,0.0461095100864553,0.028030303030303,0.065643330341569
U_30452886,C_756642,0.0,辽宁对外经贸学院,2020-06-11 12:49:40,4,E,781,149,0.0416666666666666,0.0,0.0660550458715596,0.0660550458715596,0.0576368876080691,0.0318181818181818,0.0616929611013536
U_30590394,C_1776290,0.0,辽宁对外经贸学院,2020-06-17 21:23:41,4,E,781,48,0.0277777777777777,0.0,0.0091743119266055,0.0091743119266055,0.0144092219020172,0.0075757575757575,0.0614597949394011
U_31082711,C_1824911,0.0,辽宁对外经贸学院,2020-07-28 10:31:24,4,E,781,57,0.0416666666666666,0.0,0.0844036697247706,0.0844036697247706,0.0951008645533141,0.0,0.0645085210015499
U_33344771,C_697076,1.0,辽宁对外经贸学院,2020-11-12 10:17:48,4,E,781,121,0.0416666666666666,0.0,0.0825688073394495,0.0825688073394495,0.0691642651296829,0.0348484848484848,0.0617427370899222
U_10666935,C_697076,0.0,广东海洋大学,2020-11-18 12:30:52,4,E,408,121,0.0555555555555555,0.0,0.1009174311926605,0.1009174311926605,0.1354466858789625,0.0401515151515151,0.063322697587484
U_26620660,C_1829948,1.0,北方民族大学,2020-06-09 19:50:31,0,A,190,61,0.0833333333333333,0.0,0.0422018348623853,0.0422018348623853,0.0374639769452449,0.0098484848484848,0.0709155341141516
U_33543435,C_697076,2.0,辽宁对外经贸学院,2020-11-24 14:44:13,4,E,781,121,0.0555555555555555,0.0,0.1963302752293578,0.1963302752293578,0.132564841498559,0.0393939393939393,0.0669269922224701
U_12156311,C_682392,0.0,陕西工业职业技术学院,2020-09-02 09:02:45,4,E,876,108,0.0416666666666666,0.0,0.0642201834862385,0.0642201834862385,0.0605187319884726,0.0303030303030303,0.0619950192916593
U_33343485,C_697076,2.0,辽宁对外经贸学院,2020-11-16 22:53:18,4,E,781,121,0.0416666666666666,0.0,0.0825688073394495,0.0825688073394495,0.0922190201729106,0.0265151515151515,0.0629673918169287
U_6902245,C_756642,2.0,华南理工大学,2020-05-11 17:18:16,3,D,211,149,0.125,0.0,0.0091743119266055,0.0091743119266055,0.0028818443804034,0.0007575757575757,0.0764185615909619
U_32992849,C_735164,0.0,昆明理工大学,2020-11-09 11:06:09,0,A,476,138,0.0277777777777777,0.0,0.273394495412844,0.2972477064220183,0.4207492795389049,0.1545454545454545,0.0703372144825656
U_28609916,C_681411,2.0,辽宁对外经贸学院,2020-07-31 20:08:10,4,E,781,103,0.0416666666666666,0.0,0.073394495412844,0.073394495412844,0.100864553314121,0.0265151515151515,0.0630397950556982
U_16820762,C_735385,0.0,辽宁对外经贸学院,2020-05-10 09:52:41,4,E,781,146,0.0416666666666666,0.0,0.0110091743119266,0.0110091743119266,0.0172910662824207,0.0045454545454545,0.061362748847272
U_972767,C_735164,1.0,昆明理工大学,2020-11-29 16:20:44,0,A,476,138,0.125,0.0,0.2862385321100917,0.2880733944954128,0.446685878962536,0.1628787878787878,0.0691608549938956
U_25708230,C_735197,1.0,辽宁对外经贸学院,2020-11-29 17:18:21,4,E,781,141,0.0416666666666666,0.0,0.0165137614678899,0.0165137614678899,0.0172910662824207,0.009090909090909,0.0607073410614667
U_5235944,C_674920,2.0,西昌民族幼儿师范高等专科学校,2020-06-08 20:22:36,4,E,751,87,0.0555555555555555,0.0,0.0770642201834862,0.0770642201834862,0.0605187319884726,0.0227272727272727,0.0618869542387736
U_30565914,C_1829948,0.0,辽宁对外经贸学院,2020-06-17 11:30:12,4,E,781,61,0.0555555555555555,0.0,0.0825688073394495,0.0825688073394495,0.0922190201729106,0.0242424242424242,0.0630916015044512
U_812121,C_948395,2.0,第一中学,2020-05-26 13:41:34,1,B,682,170,0.1666666666666666,0.0,0.110091743119266,0.110091743119266,0.1469740634005763,0.0818181818181818,0.1127253043375074
U_16989359,C_1736024,2.0,辽宁对外经贸学院,2020-05-14 14:37:41,4,E,781,14,0.0416666666666666,0.0,0.0055045871559633,0.0091743119266055,0.0057636887608069,0.003030303030303,0.0600049751696414
U_11064770,C_676646,2.0,天津商业大学,2020-08-11 12:18:07,4,E,316,90,0.0416666666666666,0.0,0.018348623853211,0.018348623853211,0.0288184438040345,0.0075757575757575,0.0622970279585458
U_14345481,C_948113,1.0,南开大学,2020-05-19 01:12:31,4,E,231,166,0.0416666666666666,0.0,0.0055045871559633,0.0055045871559633,0.0086455331412103,0.0022727272727272,0.0612689663484636
U_29898947,C_948136,0.0,辽宁对外经贸学院,2020-05-09 17:35:18,4,E,781,168,0.0277777777777777,0.0,0.0036697247706422,0.0036697247706422,0.0028818443804034,0.0007575757575757,0.0613254527603244
U_966308,C_735164,0.0,昆明理工大学,2020-09-15 20:06:09,4,E,476,138,0.0416666666666666,0.0,0.0752293577981651,0.0752293577981651,0.0403458213256484,0.0371212121212121,0.0616674763498688
U_12606542,C_682392,2.0,昆明理工大学,2020-09-04 10:48:04,0,A,476,108,0.0972222222222222,0.0,0.146788990825688,0.2880733944954128,0.2305475504322766,0.0454545454545454,0.0564363671104811
U_33713370,C_697076,1.0,辽宁对外经贸学院,2020-11-16 13:36:30,3,D,781,121,0.0277777777777777,0.0,0.2862385321100917,0.2862385321100917,0.270893371757925,0.081060606060606,0.084543240020361
U_32053000,C_1760297,1.0,辽宁对外经贸学院,2020-09-05 12:48:20,4,E,781,29,0.0416666666666666,0.0,0.0036697247706422,0.0036697247706422,0.0057636887608069,0.0022727272727272,0.0614173286074963
U_32930779,C_735164,2.0,昆明理工大学,2020-09-16 15:38:51,0,A,476,138,0.0138888888888888,0.0,0.055045871559633,0.055045871559633,0.0864553314121037,0.0401515151515151,0.0633698438824967
U_13770081,C_837698,2.0,华南理工大学,2020-02-21 12:31:10,3,D,211,160,0.0138888888888888,0.0,0.163302752293578,0.1981651376146789,0.1412103746397694,0.1227272727272727,0.0754266174104519
U_33512246,C_1912004,0.0,辽宁对外经贸学院,2020-09-23 17:57:30,4,E,781,74,0.0277777777777777,0.0,0.0055045871559633,0.0055045871559633,0.0086455331412103,0.0022727272727272,0.0617963660004992
U_12667305,C_948387,0.0,深圳信息职业技术学院,2020-10-20 11:13:53,2,C,610,169,0.1527777777777777,0.0,0.0935779816513761,0.0935779816513761,0.1210374639769452,0.0318181818181818,0.0785307502739245
U_29402315,C_674920,1.0,辽宁对外经贸学院,2020-04-22 00:08:54,4,E,781,87,0.0416666666666666,0.0,0.0807339449541284,0.0807339449541284,0.0662824207492795,0.0348484848484848,0.0615072878983477
U_9753480,C_1907852,0.0,辽宁对外经贸学院,2020-11-16 14:35:53,4,E,781,71,0.0416666666666666,0.0,0.0018348623853211,0.0018348623853211,0.0028818443804034,0.0007575757575757,0.0610770928133825
U_33713843,C_697076,2.0,辽宁对外经贸学院,2020-11-20 18:18:16,4,E,781,121,0.0555555555555555,0.0,0.2513761467889908,0.2513761467889908,0.2420749279538904,0.0704545454545454,0.0678864094212948
U_33224730,C_697076,1.0,辽宁对外经贸学院,2020-09-27 16:39:16,2,C,781,121,0.1666666666666666,0.0,0.0275229357798165,0.0275229357798165,0.0432276657060518,0.0136363636363636,0.0730674207698896
U_29749577,C_948113,2.0,辽宁对外经贸学院,2020-04-30 23:56:35,4,E,781,166,0.0416666666666666,0.0,0.0055045871559633,0.0055045871559633,0.0086455331412103,0.0022727272727272,0.0611230208322846
U_31641441,C_1992917,1.0,辽宁对外经贸学院,2020-08-29 19:02:31,4,E,781,80,0.0277777777777777,0.0,0.1027522935779816,0.1027522935779816,0.0979827089337175,0.0,0.0672742405327328
U_29267138,C_1017355,0.0,辽宁对外经贸学院,2020-05-04 10:19:33,4,E,781,0,0.0277777777777777,0.0,0.0091743119266055,0.0091743119266055,0.0086455331412103,0.0022727272727272,0.0614042049014266
U_32878469,C_735164,1.0,昆明理工大学,2020-09-16 10:46:09,2,C,476,138,0.1388888888888889,0.0,0.1926605504587156,0.1926605504587156,0.170028818443804,0.0575757575757575,0.0742637431488113
U_997041,C_735164,0.0,昆明理工大学,2020-09-23 20:41:37,0,A,476,138,0.1111111111111111,0.0,0.1853211009174312,0.273394495412844,0.2132564841498559,0.0575757575757575,0.0285750055583336
U_11064880,C_676646,0.0,天津商业大学,2020-08-11 07:44:05,4,E,316,90,0.0416666666666666,0.0,0.018348623853211,0.018348623853211,0.0230547550432276,0.006060606060606,0.0623649542802259
U_30595395,C_1714448,0.0,辽宁对外经贸学院,2020-06-18 10:44:16,4,E,781,8,0.0416666666666666,0.0,0.0238532110091743,0.0238532110091743,0.0086455331412103,0.0022727272727272,0.062610115014292
U_29938412,C_948395,0.0,昆明理工大学,2020-05-28 15:01:17,0,A,476,170,0.1111111111111111,0.0,0.110091743119266,0.110091743119266,0.170028818443804,0.0969696969696969,0.0691706754879093
U_16295167,C_696575,1.0,辽宁对外经贸学院,2020-08-24 21:40:37,4,E,781,116,0.0416666666666666,0.0,0.0256880733944954,0.0256880733944954,0.0345821325648414,0.009090909090909,0.0237335077124283
U_29991484,C_674959,2.0,辽宁对外经贸学院,2020-07-19 10:22:29,4,E,781,88,0.0416666666666666,0.0,0.0330275229357798,0.0330275229357798,0.0288184438040345,0.0098484848484848,0.0613529679719936
U_32720662,C_735164,1.0,昆明理工大学,2020-12-01 08:06:30,4,E,476,138,0.0416666666666666,0.0,0.0091743119266055,0.0128440366972477,0.0115273775216138,0.0045454545454545,0.0612497562141827
U_14339517,C_682392,1.0,辽宁对外经贸学院,2020-09-02 09:02:37,4,E,781,108,0.0416666666666666,0.0,0.0844036697247706,0.0844036697247706,0.0662824207492795,0.031060606060606,0.0616272039054315
U_12067040,C_749807,2.0,陕西中医药大学,2020-05-02 11:15:45,4,E,873,148,0.0416666666666666,0.0,0.0311926605504587,0.0311926605504587,0.0374639769452449,0.0098484848484848,0.0618354498828773
U_30024258,C_735385,2.0,辽宁对外经贸学院,2020-05-17 20:18:15,4,E,781,146,0.0416666666666666,0.0,0.0091743119266055,0.0091743119266055,0.0144092219020172,0.0037878787878787,0.0613213373641947
U_30353299,C_1829948,2.0,华南理工大学,2020-06-04 15:26:24,3,D,211,61,0.0138888888888888,0.0,0.0348623853211009,0.0348623853211009,0.0345821325648414,0.009090909090909,0.067952166617217
U_5622869,C_2141845,0.0,宝鸡文理学院,2020-09-11 19:31:09,0,A,356,86,0.0833333333333333,0.0,0.055045871559633,0.055045871559633,0.0806916426512968,0.0212121212121212,0.0693772129073951
U_30112271,C_1750793,2.0,昆明理工大学,2020-05-21 22:51:48,0,A,476,17,0.1111111111111111,0.0,0.036697247706422,0.036697247706422,0.0518731988472622,0.0272727272727272,0.0703155727484054
U_1408029,C_735164,0.0,大理大学,2020-10-25 09:10:58,0,A,301,138,0.1111111111111111,0.0,0.0238532110091743,0.0275229357798165,0.0345821325648414,0.0151515151515151,0.0648401100066834
U_33735458,C_697076,1.0,辽宁对外经贸学院,2020-11-19 12:34:31,4,E,781,121,0.0416666666666666,0.0,0.0091743119266055,0.0091743119266055,0.0086455331412103,0.0022727272727272,0.0623908055050123
U_5199965,C_674920,2.0,西昌民族幼儿师范高等专科学校,2020-06-11 09:08:24,4,E,751,87,0.0694444444444444,0.0,0.091743119266055,0.091743119266055,0.1412103746397694,0.0378787878787878,0.0612479387047006
U_15052543,C_786631,2.0,河北师范大学汇华学院,2020-02-12 13:07:52,3,D,557,154,0.1388888888888889,0.0,0.1669724770642202,0.1944954128440367,0.1671469740634005,0.1136363636363636,0.0732371325749096
U_29913498,C_756642,2.0,辽宁对外经贸学院,2020-05-10 22:07:12,4,E,781,149,0.0416666666666666,0.0,0.073394495412844,0.073394495412844,0.0605187319884726,0.0325757575757575,0.0619336696800398
U_29206171,C_735197,1.0,中国民用航空飞行学院,2020-10-05 10:36:15,4,E,73,141,0.0416666666666666,0.0,0.0091743119266055,0.0091743119266055,0.0057636887608069,0.0015151515151515,0.061388847689154
U_13001485,C_1766171,2.0,辽宁对外经贸学院,2020-05-19 17:03:45,4,E,781,34,0.0277777777777777,0.0,0.0146788990825688,0.0146788990825688,0.0144092219020172,0.0037878787878787,0.0612712097593503
U_5442539,C_2141845,0.0,昆明理工大学,2020-09-14 13:56:23,0,A,476,86,0.0972222222222222,0.0,0.055045871559633,0.055045871559633,0.0835734870317002,0.0219696969696969,0.0687781182014837
U_20289474,C_674920,2.0,西安美术学院,2020-06-05 18:51:28,4,E,727,87,0.0,0.0,0.036697247706422,0.036697247706422,0.0576368876080691,0.0431818181818181,0.0588627125550431
U_30577018,C_1829948,2.0,辽宁对外经贸学院,2020-06-17 10:52:05,4,E,781,61,0.0416666666666666,0.0,0.0220183486238532,0.0220183486238532,0.0115273775216138,0.003030303030303,0.0617727185678641
U_14380595,C_1750793,0.0,北京体育大学,2020-06-15 14:50:07,0,A,159,17,0.1111111111111111,0.0,0.036697247706422,0.036697247706422,0.0547550432276657,0.0287878787878787,0.070222018057325
U_30412252,C_786631,2.0,辽宁对外经贸学院,2020-06-09 08:33:56,4,E,781,154,0.0416666666666666,0.0,0.0495412844036697,0.0495412844036697,0.0288184438040345,0.0075757575757575,0.0627572193784787
U_33098665,C_735164,1.0,昆明理工大学,2020-10-21 19:15:53,0,A,476,138,0.0972222222222222,0.0,0.2201834862385321,0.2899082568807339,0.2103746397694524,0.0462121212121212,0.0698012670883881
U_32134035,C_697076,2.0,辽宁对外经贸学院,2020-09-07 19:34:20,4,E,781,121,0.0416666666666666,0.0,0.0844036697247706,0.0844036697247706,0.0749279538904899,0.0333333333333333,0.0621069917423145
U_19124542,C_677087,1.0,广州中医药大学,2020-05-10 16:28:24,1,B,423,92,0.2222222222222222,0.0,0.0256880733944954,0.0513761467889908,0.0403458213256484,0.0272727272727272,0.1158637519780959
U_6758161,C_1824911,2.0,重庆三峡医药高等专科学校,2020-06-02 09:50:25,0,A,822,57,0.1111111111111111,0.0,0.2055045871559633,0.2752293577981651,0.2103746397694524,0.0712121212121212,0.0721644355071646
U_22317400,C_707358,1.0,湖北文理学院理工学院,2020-05-14 13:58:24,0,A,626,134,0.0694444444444444,0.0,0.0458715596330275,0.0678899082568807,0.0576368876080691,0.0151515151515151,0.076198464659318
U_33305603,C_2027893,1.0,辽宁对外经贸学院,2020-09-21 19:05:12,4,E,781,84,0.0277777777777777,0.0,0.0018348623853211,0.0018348623853211,0.0028818443804034,0.0007575757575757,0.0611501992847037
U_33713311,C_697076,2.0,辽宁对外经贸学院,2020-10-07 09:57:12,4,E,781,121,0.0416666666666666,0.0,0.0623853211009174,0.0623853211009174,0.0691642651296829,0.0272727272727272,0.0621595360900125
U_31850807,C_735197,0.0,辽宁对外经贸学院,2020-11-02 20:10:25,4,E,781,141,0.0416666666666666,0.0,0.0165137614678899,0.0165137614678899,0.0144092219020172,0.0037878787878787,0.0605622919191739
U_6445187,C_1829948,0.0,辽宁对外经贸学院,2020-06-17 11:42:49,4,E,781,61,0.0277777777777777,0.0,0.0311926605504587,0.0311926605504587,0.031700288184438,0.0083333333333333,0.0614294767022091
U_29642559,C_676676,1.0,辽宁对外经贸学院,2020-04-25 11:36:19,4,E,781,91,0.0416666666666666,0.0,0.0660550458715596,0.0660550458715596,0.0489913544668587,0.0333333333333333,0.0631072459525546
U_22240190,C_1844112,2.0,内蒙古大学,2020-08-19 08:15:07,0,A,145,63,0.0,0.0,0.0458715596330275,0.0477064220183486,0.0720461095100864,0.0757575757575757,0.1700422734605645
U_11991021,C_948488,1.0,昆明理工大学,2020-03-02 16:46:27,0,A,476,172,0.1527777777777777,0.0,0.1724770642201835,0.236697247706422,0.170028818443804,0.081060606060606,0.0642842145792799
U_28746045,C_1864063,1.0,辽宁对外经贸学院,2020-08-16 23:50:43,4,E,781,66,0.0416666666666666,0.0,0.0110091743119266,0.0110091743119266,0.0086455331412103,0.0022727272727272,0.0779359156825787
U_992190,C_735164,2.0,昆明理工大学,2020-09-16 08:20:39,0,A,476,138,0.1111111111111111,0.0,0.2036697247706422,0.2844036697247706,0.2190201729106628,0.0659090909090909,0.0396526522291033
U_13535188,C_948120,2.0,中国农业大学,2020-09-26 20:23:09,0,A,67,167,0.0833333333333333,0.0,0.0275229357798165,0.0275229357798165,0.0403458213256484,0.0106060606060606,0.0724170148494165
U_33329276,C_697076,2.0,辽宁对外经贸学院,2020-11-17 15:39:34,4,E,781,121,0.0416666666666666,0.0,0.0715596330275229,0.0715596330275229,0.0201729106628242,0.0196969696969696,0.0639084655413073
U_30599276,C_1829948,2.0,辽宁对外经贸学院,2020-06-18 14:16:15,4,E,781,61,0.0555555555555555,0.0,0.0220183486238532,0.0220183486238532,0.0288184438040345,0.0075757575757575,0.0613509870352284
U_5798919,C_1824911,2.0,重庆三峡医药高等专科学校,2020-06-11 13:17:30,4,E,822,57,0.2222222222222222,0.0,0.0532110091743119,0.0532110091743119,0.0806916426512968,0.0212121212121212,0.0630935378701392
U_1023834,C_735164,0.0,昆明理工大学,2020-11-27 13:25:54,4,E,476,138,0.0277777777777777,0.0,0.055045871559633,0.055045871559633,0.031700288184438,0.0295454545454545,0.0596183507888276
U_30597946,C_681411,0.0,辽宁对外经贸学院,2020-06-18 12:59:15,4,E,781,103,0.0416666666666666,0.0,0.018348623853211,0.018348623853211,0.0201729106628242,0.0053030303030303,0.0617295143370142
U_33344215,C_697076,1.0,辽宁对外经贸学院,2020-11-24 14:07:13,4,E,781,121,0.0416666666666666,0.0,0.0715596330275229,0.0715596330275229,0.0201729106628242,0.0196969696969696,0.0639084655413073
U_5643117,C_1824911,1.0,重庆三峡医药高等专科学校,2020-06-03 20:01:14,4,E,822,57,0.0416666666666666,0.0,0.0715596330275229,0.0715596330275229,0.0547550432276657,0.0356060606060606,0.0640955353047327
U_6240598,C_735115,1.0,广州体育学院,2020-05-11 20:45:16,0,A,425,136,0.0694444444444444,0.0,0.3486238532110092,0.3486238532110092,0.4178674351585014,0.1378787878787878,0.0682406256766293
U_4958982,C_1017355,2.0,广州中医药大学,2020-05-05 15:01:09,3,D,423,0,0.1388888888888889,0.0,0.0513761467889908,0.0513761467889908,0.0461095100864553,0.0136363636363636,0.079645245107416
U_11129609,C_1410126,1.0,昆明理工大学,2020-05-28 19:09:29,1,B,476,2,0.2361111111111111,0.0,0.0348623853211009,0.0348623853211009,0.0547550432276657,0.0234848484848484,0.1155638381518386
U_30603656,C_1829948,2.0,辽宁对外经贸学院,2020-06-18 17:55:23,4,E,781,61,0.0416666666666666,0.0,0.0477064220183486,0.0477064220183486,0.031700288184438,0.0083333333333333,0.0622405663083946
U_30332997,C_735115,0.0,昆明理工大学,2020-07-25 12:52:18,0,A,476,136,0.1388888888888889,0.0,0.5211009174311927,0.5211009174311927,0.8126801152737751,0.2795454545454545,0.0712752128026162
U_30626450,C_1829948,0.0,辽宁对外经贸学院,2020-06-20 13:02:14,4,E,781,61,0.1388888888888889,0.0,0.2440366972477064,0.2440366972477064,0.2910662824207493,0.0765151515151515,0.0681755964749683
U_12576252,C_1778562,2.0,茅台学院,2020-10-06 16:36:47,3,D,694,49,0.0138888888888888,0.0,0.0018348623853211,0.0018348623853211,0.0,0.0,0.0697801948735478
U_5635771,C_1824911,2.0,重庆三峡医药高等专科学校,2020-06-05 19:06:14,4,E,822,57,0.0138888888888888,0.0,0.0256880733944954,0.0256880733944954,0.0403458213256484,0.0106060606060606,0.0629433581016244
U_29420634,C_676646,0.0,辽宁对外经贸学院,2020-07-08 17:48:03,4,E,781,90,0.0416666666666666,0.0,0.0660550458715596,0.0660550458715596,0.031700288184438,0.0083333333333333,0.0633637574542855
U_8488506,C_735197,1.0,华南理工大学,2020-09-26 18:52:29,3,D,211,141,0.1666666666666666,0.0,0.0055045871559633,0.0055045871559633,0.0086455331412103,0.0022727272727272,0.0609474999302005
U_30326196,C_676635,1.0,中国医科大学,2020-06-02 19:11:36,2,C,69,89,0.125,0.0,0.0642201834862385,0.0642201834862385,0.0922190201729106,0.0242424242424242,0.0782308612093767
U_30431036,C_707079,1.0,辽宁对外经贸学院,2020-06-12 09:57:26,4,E,781,132,0.0416666666666666,0.0,0.0275229357798165,0.0275229357798165,0.0345821325648414,0.0121212121212121,0.061710834103318
U_28351646,C_1750795,1.0,辽宁对外经贸学院,2020-06-13 11:02:08,4,E,781,18,0.0416666666666666,0.0,0.0055045871559633,0.0055045871559633,0.0057636887608069,0.003030303030303,0.0612535497080882
U_33748897,C_697076,2.0,辽宁对外经贸学院,2020-11-23 14:55:47,4,E,781,121,0.0416666666666666,0.0,0.0807339449541284,0.0807339449541284,0.0461095100864553,0.0356060606060606,0.0652510701956581
U_33713289,C_697076,0.0,辽宁对外经贸学院,2020-10-07 09:50:07,4,E,781,121,0.0416666666666666,0.0,0.0880733944954128,0.0880733944954128,0.0662824207492795,0.0348484848484848,0.0618564824789823
U_33907194,C_1912004,1.0,辽宁对外经贸学院,2020-10-10 08:53:37,4,E,781,74,0.0416666666666666,0.0,0.0660550458715596,0.0660550458715596,0.0547550432276657,0.0318181818181818,0.0618213802795022
U_31066530,C_682392,0.0,昆明理工大学,2020-07-30 14:34:40,0,A,476,108,0.0138888888888888,0.0,0.1431192660550458,0.2587155963302752,0.132564841498559,0.0212121212121212,0.062036356489608
U_33329311,C_697076,2.0,辽宁对外经贸学院,2020-12-01 12:23:17,4,E,781,121,0.0555555555555555,0.0,0.1834862385321101,0.1834862385321101,0.2766570605187319,0.0886363636363636,0.0646447351658697
U_30584928,C_1829948,1.0,辽宁对外经贸学院,2020-06-17 16:39:50,4,E,781,61,0.0416666666666666,0.0,0.0220183486238532,0.0220183486238532,0.0230547550432276,0.006060606060606,0.0616366678308274
U_1394173,C_1750793,0.0,北京体育大学,2020-06-03 14:08:50,0,A,159,17,0.1111111111111111,0.0,0.036697247706422,0.036697247706422,0.0547550432276657,0.0287878787878787,0.0708230392242406
U_33543444,C_697076,2.0,辽宁对外经贸学院,2020-11-15 12:18:29,4,E,781,121,0.0277777777777777,0.0,0.0275229357798165,0.0275229357798165,0.0172910662824207,0.0045454545454545,0.0610011486501452
U_27526952,C_674920,1.0,四川大学,2020-06-12 10:52:25,4,E,285,87,0.0416666666666666,0.0,0.055045871559633,0.055045871559633,0.063400576368876,0.0166666666666666,0.0628730695128518
U_28925309,C_707358,1.0,辽宁对外经贸学院,2020-05-26 23:36:37,4,E,781,134,0.0416666666666666,0.0,0.0458715596330275,0.0605504587155963,0.063400576368876,0.0166666666666666,0.0626323460771399
U_12605494,C_682392,2.0,昆明理工大学,2020-09-04 10:46:32,0,A,476,108,0.1111111111111111,0.0,0.1651376146788991,0.2880733944954128,0.2507204610951008,0.0515151515151515,0.0563529944343741
U_5314767,C_1750793,0.0,内蒙古农业大学职业技术学院,2020-05-20 20:56:48,0,A,142,17,0.0833333333333333,0.0,0.036697247706422,0.036697247706422,0.0489913544668587,0.0257575757575757,0.0701003786352554
U_33139996,C_735164,0.0,昆明理工大学,2020-09-19 09:48:49,0,A,476,138,0.1111111111111111,0.0,0.218348623853211,0.2935779816513761,0.2161383285302593,0.0598484848484848,0.0660388639854844
U_33280550,C_1912004,0.0,辽宁对外经贸学院,2020-09-21 16:18:03,4,E,781,74,0.0416666666666666,0.0,0.0055045871559633,0.0055045871559633,0.0086455331412103,0.0022727272727272,0.0180443897372773
U_7970234,C_1918363,0.0,昆明理工大学,2020-11-12 09:47:54,0,A,476,76,0.1111111111111111,0.0,0.2110091743119266,0.2715596330275229,0.2074927953890489,0.0795454545454545,0.0764973830648507
U_33712350,C_697076,0.0,辽宁对外经贸学院,2020-12-03 23:25:50,4,E,781,121,0.0694444444444444,0.0,0.2110091743119266,0.2110091743119266,0.3285302593659942,0.1053030303030303,0.0651495125200462
U_28629940,C_735164,1.0,辽宁对外经贸学院,2020-11-26 22:14:09,4,E,781,138,0.0416666666666666,0.0,0.055045871559633,0.055045871559633,0.0864553314121037,0.0401515151515151,0.0621814254412684
U_30620875,C_1829948,1.0,辽宁对外经贸学院,2020-06-19 20:18:35,4,E,781,61,0.0416666666666666,0.0,0.0073394495412844,0.0073394495412844,0.0057636887608069,0.0015151515151515,0.0612373753594
U_33222397,C_697076,2.0,辽宁对外经贸学院,2020-09-30 17:15:18,0,A,781,121,0.0972222222222222,0.0,0.0275229357798165,0.0275229357798165,0.0432276657060518,0.0136363636363636,0.0424396853483094
U_26077268,C_1732845,2.0,中国医科大学,2020-04-17 15:53:21,2,C,69,13,0.1666666666666666,0.0,0.1651376146788991,0.1651376146788991,0.1815561959654178,0.0598484848484848,0.0725247183813426
U_6758513,C_1824911,2.0,重庆三峡医药高等专科学校,2020-06-10 18:16:36,4,E,822,57,0.1944444444444444,0.0,0.0862385321100917,0.0862385321100917,0.132564841498559,0.0348484848484848,0.0643558353480272
U_1611259,C_735164,1.0,广州大学,2020-09-16 10:06:30,0,A,430,138,0.0277777777777777,0.0,0.0990825688073394,0.1119266055045871,0.1527377521613832,0.0727272727272727,0.0382948240008763
U_5075154,C_735197,1.0,华南理工大学,2020-10-21 15:00:38,3,D,211,141,0.1527777777777777,0.0,0.1688073394495413,0.2440366972477064,0.0835734870317002,0.1515151515151515,0.0609666499980766
U_11246105,C_1750793,1.0,北京体育大学,2020-06-04 14:53:42,0,A,159,17,0.1111111111111111,0.0,0.036697247706422,0.036697247706422,0.0547550432276657,0.0287878787878787,0.070222018057325
U_16613229,C_697155,2.0,辽宁对外经贸学院,2020-04-28 13:46:17,4,E,781,124,0.0416666666666666,0.0,0.0091743119266055,0.0091743119266055,0.0144092219020172,0.0037878787878787,0.0613890111164372
U_33146581,C_677087,0.0,辽宁对外经贸学院,2020-09-19 18:13:36,4,E,781,92,0.0555555555555555,0.0,0.2880733944954128,0.2880733944954128,0.1210374639769452,0.0318181818181818,0.0714583157401692
U_30635389,C_786631,0.0,辽宁对外经贸学院,2020-06-21 22:11:42,4,E,781,154,0.0416666666666666,0.0,0.0128440366972477,0.0128440366972477,0.0115273775216138,0.003030303030303,0.0614528765177485
U_966048,C_735164,0.0,昆明理工大学,2020-10-22 17:15:02,4,E,476,138,0.0416666666666666,0.0,0.0477064220183486,0.0532110091743119,0.0720461095100864,0.0318181818181818,0.1496211101280917
U_2214517,C_735164,0.0,西南林业大学,2020-10-06 13:55:13,0,A,711,138,0.0138888888888888,0.0,0.0990825688073394,0.110091743119266,0.1556195965417867,0.0742424242424242,0.066781616225611
U_12156334,C_682392,2.0,陕西工业职业技术学院,2020-09-02 09:02:37,1,B,876,108,0.25,0.0,0.0403669724770642,0.0642201834862385,0.063400576368876,0.0227272727272727,0.1020890110404866
U_6100393,C_1017355,2.0,广州中医药大学,2020-05-01 16:41:31,2,C,423,0,0.0833333333333333,0.0,0.0825688073394495,0.0825688073394495,0.0605187319884726,0.0181818181818181,0.0751734388348285
U_32726121,C_735164,2.0,昆明理工大学,2020-09-15 09:16:54,0,A,476,138,0.0972222222222222,0.0,0.2128440366972477,0.2825688073394495,0.1959654178674351,0.0454545454545454,0.0553658691387467
U_7032214,C_1760297,0.0,上海第二工业大学,2020-09-13 16:05:23,4,E,43,29,0.0277777777777777,0.0,0.0036697247706422,0.0036697247706422,0.0,0.0,0.0613007653358877
U_29664524,C_1714448,2.0,中国医科大学,2020-04-26 20:05:40,2,C,69,8,0.1527777777777777,0.0,0.1908256880733945,0.1908256880733945,0.1988472622478386,0.0696969696969697,0.0767180693251823
U_33280550,C_1992945,0.0,辽宁对外经贸学院,2020-09-22 10:02:33,4,E,781,82,0.0416666666666666,0.0,0.0568807339449541,0.0568807339449541,0.0345821325648414,0.0272727272727272,0.0029272608377889
U_14229201,C_735385,1.0,辽宁对外经贸学院,2020-11-23 13:04:42,4,E,781,146,0.0555555555555555,0.0,0.1871559633027523,0.1871559633027523,0.2593659942363112,0.0681818181818181,0.0671411562485021
U_16571968,C_756642,2.0,辽宁对外经贸学院,2020-04-30 09:15:14,4,E,781,149,0.0416666666666666,0.0,0.0660550458715596,0.0660550458715596,0.0576368876080691,0.0318181818181818,0.061656412818035
U_12089210,C_948488,1.0,昆明理工大学,2020-03-06 14:56:53,0,A,476,172,0.0138888888888888,0.4000000000000001,0.2807339449541284,0.4788990825688073,0.377521613832853,0.0,0.084722584130402
U_33246639,C_697076,2.0,辽宁对外经贸学院,2020-11-23 11:24:20,4,E,781,121,0.0416666666666666,0.0,0.0293577981651376,0.0293577981651376,0.0201729106628242,0.0053030303030303,0.0631658173003609
U_30034228,C_1771156,2.0,辽宁对外经贸学院,2020-05-18 12:41:03,4,E,781,36,0.0416666666666666,0.0,0.0660550458715596,0.0660550458715596,0.0374639769452449,0.031060606060606,0.0633617022323916
U_33329235,C_697076,2.0,辽宁对外经贸学院,2020-11-19 12:15:56,4,E,781,121,0.0277777777777777,0.0,0.0091743119266055,0.0091743119266055,0.0115273775216138,0.0037878787878787,0.0596288992771025
U_30839444,C_674920,0.0,辽宁对外经贸学院,2020-07-07 15:42:37,4,E,781,87,0.0555555555555555,0.0,0.218348623853211,0.218348623853211,0.1037463976945244,0.0272727272727272,0.0682395757801437
U_5076234,C_1864065,1.0,湖北理工学院,2020-06-20 10:53:50,1,B,631,67,0.2083333333333333,0.0,0.0880733944954128,0.0880733944954128,0.1037463976945244,0.053030303030303,0.1080634073729275
U_1862945,C_697155,1.0,山东女子学院,2020-04-25 22:26:03,1,B,368,124,0.2083333333333333,0.0,0.0091743119266055,0.0091743119266055,0.0086455331412103,0.0022727272727272,0.1145697842736736
U_34573870,C_735197,0.0,昆明理工大学,2020-10-09 16:59:24,0,A,476,141,0.1111111111111111,0.0,0.3284403669724771,0.3284403669724771,0.1757925072046109,0.0462121212121212,0.074396203437961
U_7374727,C_1824911,2.0,辽宁对外经贸学院,2020-06-10 18:09:47,4,E,781,57,0.2638888888888889,0.0,0.0623853211009174,0.0623853211009174,0.0605187319884726,0.0159090909090909,0.063960796938303
U_33244279,C_697076,1.0,辽宁对外经贸学院,2020-09-25 14:13:15,4,E,781,121,0.0416666666666666,0.0,0.073394495412844,0.073394495412844,0.1123919308357348,0.0356060606060606,0.0135696618840635
U_15268241,C_707013,1.0,辽宁对外经贸学院,2020-09-06 15:14:13,4,E,781,129,0.0416666666666666,0.0,0.0018348623853211,0.0018348623853211,0.0028818443804034,0.0007575757575757,0.0604522360248391
U_1013942,C_735164,0.0,昆明理工大学,2020-11-30 21:08:47,4,E,476,138,0.0416666666666666,0.0,0.055045871559633,0.055045871559633,0.0864553314121037,0.0401515151515151,0.0620573593716614
U_30359857,C_1829948,0.0,辽宁对外经贸学院,2020-06-04 22:04:53,4,E,781,61,0.0416666666666666,0.0,0.0018348623853211,0.0018348623853211,0.0028818443804034,0.0007575757575757,0.0610451254463335
U_11286404,C_697766,0.0,武汉职业技术学院,2020-07-07 07:04:21,0,A,511,128,0.0972222222222222,0.0,0.1045871559633027,0.1045871559633027,0.1585014409221901,0.0431818181818181,0.067939627287493
U_16064729,C_2027893,1.0,华南理工大学,2020-10-10 09:53:05,3,D,211,84,0.1527777777777777,0.0,0.0642201834862385,0.0642201834862385,0.0864553314121037,0.0287878787878787,0.0324691310535831
U_30545444,C_1750793,2.0,中国医科大学,2020-06-15 21:31:18,2,C,69,17,0.1111111111111111,0.0,0.036697247706422,0.036697247706422,0.0345821325648414,0.0181818181818181,0.0769210806772259
U_32578769,C_735164,1.0,昆明理工大学,2020-11-19 09:57:53,0,A,476,138,0.0833333333333333,0.0,0.0018348623853211,0.0018348623853211,0.0,0.0,0.060728467752068
U_12156187,C_682392,2.0,陕西工业职业技术学院,2020-09-09 08:17:41,4,E,876,108,0.0138888888888888,0.0,0.0807339449541284,0.0807339449541284,0.0576368876080691,0.0303030303030303,0.0651997639334384
U_6758987,C_1824911,2.0,重庆三峡医学专科学校,2020-06-02 10:25:01,4,E,816,57,0.0138888888888888,0.0,0.0623853211009174,0.0623853211009174,0.0806916426512968,0.0212121212121212,0.0633053000103433
U_11772667,C_696917,2.0,云南大学滇池学院,2020-06-18 20:41:23,2,C,107,119,0.1388888888888889,0.0,0.0825688073394495,0.0825688073394495,0.0662824207492795,0.0174242424242424,0.0765560039360761
U_14911871,C_674920,0.0,西昌民族幼儿师范高等专科学校,2020-06-04 12:10:25,4,E,751,87,0.0138888888888888,0.0,0.2201834862385321,0.2201834862385321,0.3342939481268011,0.0901515151515151,0.0632742290171805
U_5795700,C_1824911,2.0,重庆三峡医药高等专科学校,2020-06-11 18:44:36,4,E,822,57,0.0416666666666666,0.0,0.0623853211009174,0.0623853211009174,0.0432276657060518,0.0272727272727272,0.0634968714525677
U_33343473,C_697076,2.0,辽宁对外经贸学院,2020-11-17 15:00:07,4,E,781,121,0.0416666666666666,0.0,0.073394495412844,0.073394495412844,0.031700288184438,0.0212121212121212,0.0641283693316166
U_12408489,C_735197,0.0,华南理工大学,2020-10-21 21:00:14,4,E,211,141,0.0555555555555555,0.0,0.0513761467889908,0.0513761467889908,0.0605187319884726,0.028030303030303,0.0551741538224057
U_483607,C_735164,1.0,辽宁对外经贸学院,2020-11-27 13:44:11,4,E,781,138,0.0555555555555555,0.0,0.1229357798165137,0.1266055045871559,0.1902017291066282,0.0757575757575757,0.0627376180091866
U_8679363,C_682392,0.0,日照职业技术学院,2020-09-14 19:56:00,2,C,468,108,0.0555555555555555,0.0,0.1137614678899082,0.1137614678899082,0.0547550432276657,0.0159090909090909,0.0532077175142875
U_31063979,C_697144,1.0,温州护士学校,2020-07-26 15:45:51,4,E,618,123,0.0416666666666666,0.0,0.0844036697247706,0.0844036697247706,0.0432276657060518,0.0136363636363636,0.0638689607098665
U_29486375,C_948488,2.0,辽宁对外经贸学院,2020-04-21 15:40:36,4,E,781,172,0.0416666666666666,0.0,0.0660550458715596,0.0660550458715596,0.0518731988472622,0.034090909090909,0.0630447919686885
U_16869461,C_735385,0.0,安徽新华学院,2020-11-03 16:14:38,4,E,347,146,0.0416666666666666,0.0,0.0146788990825688,0.0146788990825688,0.0144092219020172,0.0037878787878787,0.0615009340436732
U_32593189,C_735164,1.0,昆明理工大学,2020-09-16 08:19:21,0,A,476,138,0.0972222222222222,0.0,0.1559633027522936,0.2311926605504587,0.239193083573487,0.056060606060606,0.0714980434269961
U_14749858,C_1918363,2.0,新乡医学院三全学院,2020-10-30 07:53:56,0,A,461,76,0.1111111111111111,0.0,0.1981651376146789,0.2807339449541284,0.1930835734870317,0.0689393939393939,0.0723280113605543
U_33344122,C_697076,1.0,辽宁对外经贸学院,2020-11-17 14:55:02,4,E,781,121,0.0277777777777777,0.0,0.036697247706422,0.036697247706422,0.0288184438040345,0.0075757575757575,0.0609255214367902
U_32577204,C_735164,1.0,昆明理工大学,2020-10-21 13:17:50,2,C,476,138,0.0416666666666666,0.0,0.1853211009174312,0.1853211009174312,0.1671469740634005,0.0583333333333333,0.0957869626880024
U_30473387,C_786631,0.0,华南理工大学,2020-06-12 15:13:29,3,D,211,154,0.1388888888888889,0.0,0.0128440366972477,0.0128440366972477,0.0115273775216138,0.003030303030303,0.0792077156040775
U_11049386,C_735385,0.0,湖南大学,2020-05-21 21:35:57,4,E,640,146,0.0416666666666666,0.0,0.1009174311926605,0.1009174311926605,0.1181556195965417,0.031060606060606,0.0629319528581986
U_30823305,C_948436,2.0,辽宁对外经贸学院,2020-07-02 16:53:34,4,E,781,171,0.0416666666666666,0.0,0.0440366972477064,0.0440366972477064,0.0518731988472622,0.006060606060606,0.0624021859867286
U_21018997,C_1732845,2.0,广州中医药大学,2020-04-08 08:05:13,1,B,423,13,0.0416666666666666,0.0,0.036697247706422,0.0568807339449541,0.0576368876080691,0.0265151515151515,0.1005067675133028
U_7226457,C_1017355,1.0,广州中医药大学,2020-05-06 10:44:53,4,E,423,0,0.0416666666666666,0.0,0.018348623853211,0.018348623853211,0.0086455331412103,0.0022727272727272,0.061608543481103
U_15778964,C_1714448,2.0,中国医科大学,2020-03-18 18:25:21,0,A,69,8,0.0138888888888888,0.0,0.1908256880733945,0.2605504587155963,0.201729106628242,0.0598484848484848,0.0668410294715425
U_14295566,C_682392,1.0,陕西工业职业技术学院,2020-09-03 10:23:29,4,E,876,108,0.0138888888888888,0.0,0.018348623853211,0.018348623853211,0.0201729106628242,0.0053030303030303,0.0603897770886311
U_30646764,C_1824911,0.0,辽宁对外经贸学院,2020-06-22 13:26:08,4,E,781,57,0.0416666666666666,0.0,0.0165137614678899,0.0165137614678899,0.0172910662824207,0.0045454545454545,0.0613947805947659
U_33555006,C_697076,2.0,辽宁对外经贸学院,2020-11-04 11:43:00,4,E,781,121,0.0416666666666666,0.0,0.0275229357798165,0.0275229357798165,0.0201729106628242,0.006060606060606,0.0636735165362661
U_30489305,C_1829948,2.0,辽宁对外经贸学院,2020-06-13 14:41:30,4,E,781,61,0.0138888888888888,0.0,0.0238532110091743,0.0238532110091743,0.031700288184438,0.0083333333333333,0.0609954881233385
U_8495411,C_735164,1.0,四川轻化工大学,2020-12-04 08:12:32,4,E,292,138,0.0555555555555555,0.0,0.1192660550458715,0.1192660550458715,0.1873198847262247,0.075,0.0628481245666355
U_31066429,C_682392,0.0,昆明理工大学,2020-08-14 13:38:07,0,A,476,108,0.1527777777777777,0.0,0.4495412844036697,0.4495412844036697,0.6714697406340058,0.2325757575757575,0.0633991865083319
U_33221883,C_697076,1.0,辽宁对外经贸,2020-09-21 10:08:37,4,E,777,121,0.0277777777777777,0.0,0.018348623853211,0.018348623853211,0.0172910662824207,0.0053030303030303,0.0055000576989652
U_32612147,C_735164,1.0,昆明理工大学,2020-11-30 17:43:59,0,A,476,138,0.0972222222222222,0.0,0.055045871559633,0.055045871559633,0.0864553314121037,0.0401515151515151,0.0650102625701337
U_33554851,C_697076,2.0,辽宁对外经贸学院,2020-10-08 10:17:44,4,E,781,121,0.0416666666666666,0.0,0.073394495412844,0.073394495412844,0.1123919308357348,0.0356060606060606,0.063366981428871
U_24704547,C_948395,2.0,西安美术学院,2020-05-11 15:14:24,2,C,727,170,0.1666666666666666,0.0,0.1834862385321101,0.1834862385321101,0.1786743515850144,0.0666666666666666,0.0720772000043654
U_6758523,C_1824911,2.0,重庆三峡医药高等专科学校,2020-06-10 18:04:18,4,E,822,57,0.0416666666666666,0.0,0.0697247706422018,0.0697247706422018,0.0432276657060518,0.028030303030303,0.0629696649418668
U_30116903,C_681031,0.0,辽宁对外经贸学院,2020-05-22 11:44:54,4,E,781,101,0.0277777777777777,0.0,0.0055045871559633,0.0055045871559633,0.0086455331412103,0.003030303030303,0.0612644300032712
U_31084725,C_682392,0.0,华南理工大学,2020-08-14 11:55:24,3,D,211,108,0.125,0.0,0.0,0.1394495412844036,0.0,0.1954545454545454,0.1140772540610483
U_6101941,C_1017355,1.0,广州中医药大学,2020-05-08 08:04:25,3,D,423,0,0.125,0.0,0.0825688073394495,0.0825688073394495,0.0518731988472622,0.0181818181818181,0.0805906570833105
U_1711555,C_674920,0.0,西北工业大学,2020-05-29 17:17:54,4,E,703,87,0.0416666666666666,0.0,0.018348623853211,0.018348623853211,0.0259365994236311,0.0068181818181818,0.0615068273305498
U_33219908,C_697076,2.0,辽宁对外经贸学院,2020-10-26 16:56:44,0,A,781,121,0.0972222222222222,0.0,0.0091743119266055,0.0091743119266055,0.0144092219020172,0.0045454545454545,0.0644239250969904
U_12479796,C_697062,2.0,湖北科技学院,2020-04-25 22:51:52,0,A,633,120,0.1111111111111111,0.0,0.1889908256880734,0.273394495412844,0.2074927953890489,0.0583333333333333,0.0672346317021118
U_30562729,C_1829948,1.0,北方民族大学,2020-06-16 16:37:16,4,E,190,61,0.2361111111111111,0.0,0.0990825688073394,0.0990825688073394,0.1181556195965417,0.031060606060606,0.0639151412982062
U_30319640,C_676635,2.0,广州中医药大学,2020-06-02 12:05:40,1,B,423,89,0.2222222222222222,0.0,0.0275229357798165,0.0275229357798165,0.0432276657060518,0.0113636363636363,0.1138120858656533
U_30595364,C_1829948,0.0,辽宁对外经贸学院,2020-06-18 10:29:18,4,E,781,61,0.0416666666666666,0.0,0.0220183486238532,0.0220183486238532,0.0288184438040345,0.0075757575757575,0.0612186852210199
U_30595598,C_1829948,1.0,辽宁对外经贸学院,2020-06-18 10:42:52,4,E,781,61,0.0416666666666666,0.0,0.0073394495412844,0.0073394495412844,0.0057636887608069,0.0015151515151515,0.0612373753594
U_32937446,C_735164,0.0,昆明理工大学,2020-09-16 17:49:25,0,A,476,138,0.1111111111111111,0.0,0.0990825688073394,0.1174311926605504,0.1440922190201729,0.0689393939393939,0.0901046274570142
U_31761706,C_735130,1.0,辽宁对外经贸学院,2020-09-01 14:21:55,4,E,781,137,0.0416666666666666,0.0,0.0403669724770642,0.0403669724770642,0.063400576368876,0.0166666666666666,0.0129380313113051
U_2373704,C_735164,1.0,昆明理工大学,2020-09-16 23:15:30,0,A,476,138,0.1111111111111111,0.0,0.0091743119266055,0.0091743119266055,0.0144092219020172,0.006060606060606,0.0097934377043505
U_33167736,C_1912004,0.0,辽宁对外经贸学院,2020-09-20 15:08:13,4,E,781,74,0.0277777777777777,0.0,0.0055045871559633,0.0055045871559633,0.0057636887608069,0.0015151515151515,0.0047851675193291
U_33220284,C_697076,2.0,辽宁对外经贸学院,2020-09-21 11:45:41,0,A,781,121,0.125,0.0,0.1963302752293578,0.2899082568807339,0.2420749279538904,0.0696969696969697,0.0664279892989643
U_29914852,C_735115,1.0,辽宁对外经贸学院,2020-05-11 07:52:40,4,E,781,136,0.0138888888888888,0.0,0.110091743119266,0.110091743119266,0.1268011527377521,0.0409090909090909,0.0625562533436451
U_21349194,C_948436,2.0,西安美术学院,2020-05-25 11:14:12,4,E,727,171,0.0277777777777777,0.0,0.0110091743119266,0.0110091743119266,0.0144092219020172,0.0,0.0617099624911413
U_30088759,C_674920,0.0,辽宁对外经贸学院,2020-05-20 14:48:50,4,E,781,87,0.0555555555555555,0.0,0.1834862385321101,0.1834862385321101,0.2824207492795388,0.0765151515151515,0.0641346984245815
U_30360751,C_677087,2.0,广州中医药大学,2020-09-27 12:39:18,1,B,423,92,0.2083333333333333,0.0,0.0165137614678899,0.0477064220183486,0.0259365994236311,0.0196969696969696,0.115304345340276
U_32548470,C_707013,0.0,辽宁对外经贸学院,2020-09-13 19:08:22,4,E,781,129,0.0416666666666666,0.0,0.0201834862385321,0.0201834862385321,0.0144092219020172,0.0037878787878787,0.0616227616547355
U_16484709,C_1765596,1.0,辽宁对外经贸学院,2020-05-06 11:26:06,4,E,781,33,0.0277777777777777,0.0,0.0036697247706422,0.0055045871559633,0.0028818443804034,0.0015151515151515,0.0613201537544774
U_20431766,C_676646,2.0,西安美术学院,2020-08-21 18:49:27,1,B,727,90,0.2222222222222222,0.0,0.0660550458715596,0.0660550458715596,0.0461095100864553,0.0121212121212121,0.1160826355859711
U_33554427,C_697076,2.0,辽宁对外经贸学院,2020-10-08 10:18:27,4,E,781,121,0.0416666666666666,0.0,0.0788990825688073,0.0788990825688073,0.0662824207492795,0.0333333333333333,0.0245671423625802
U_5235985,C_674920,0.0,西昌民族幼儿师范高等专科学校,2020-06-04 15:06:35,4,E,751,87,0.0416666666666666,0.0,0.0807339449541284,0.0807339449541284,0.100864553314121,0.0234848484848484,0.0597585466360456
U_15165523,C_735283,1.0,中国矿业大学(北京),2020-05-22 22:46:10,4,E,84,143,0.0277777777777777,0.0,0.0055045871559633,0.0055045871559633,0.0,0.0,0.0613476194427275
U_34177199,C_697076,2.0,辽宁对外经贸学院,2020-11-18 20:53:16,4,E,781,121,0.0416666666666666,0.0,0.073394495412844,0.073394495412844,0.0230547550432276,0.0212121212121212,0.064144414919415
U_6902271,C_756642,2.0,辽宁对外经贸学院,2020-05-11 17:26:13,4,E,781,149,0.0416666666666666,0.0,0.0091743119266055,0.0091743119266055,0.0086455331412103,0.003030303030303,0.0611897536395636
U_33219991,C_697076,2.0,辽宁对外经贸学院,2020-09-21 10:33:52,0,A,781,121,0.125,0.0,0.2,0.2844036697247706,0.2247838616714697,0.0628787878787878,0.0692427122533772
U_29902304,C_735283,2.0,辽宁对外经贸学院,2020-05-09 22:04:49,4,E,781,143,0.0416666666666666,0.0,0.0678899082568807,0.0678899082568807,0.0489913544668587,0.0318181818181818,0.0626974990873486
U_20317787,C_948395,0.0,西安美术学院,2020-05-25 12:14:04,2,C,727,170,0.125,0.0,0.110091743119266,0.110091743119266,0.1152737752161383,0.0651515151515151,0.0737004439702477
U_29432407,C_1017355,2.0,华南理工大学,2020-04-16 23:54:14,3,D,211,0,0.1527777777777777,0.0,0.1908256880733945,0.2055045871559633,0.1152737752161383,0.1401515151515151,0.0842004686271877
U_32593475,C_735164,2.0,昆明理工大学,2020-09-18 10:48:41,0,A,476,138,0.1111111111111111,0.0,0.1963302752293578,0.2788990825688073,0.2363112391930835,0.0613636363636363,0.0707262159874976
U_16706401,C_749807,2.0,辽宁对外经贸学院,2020-07-11 17:50:47,4,E,781,148,0.0138888888888888,0.0,0.0238532110091743,0.0238532110091743,0.0259365994236311,0.0068181818181818,0.0612759739122707
U_17910912,C_1992950,1.0,华南农业大学,2020-08-28 18:53:36,4,E,209,83,0.0416666666666666,0.0,0.0091743119266055,0.0091743119266055,0.0144092219020172,0.0757575757575757,0.0578516325253809
U_12918218,C_1829948,0.0,北方民族大学,2020-06-17 11:18:53,4,E,190,61,0.0972222222222222,0.0,0.0311926605504587,0.0311926605504587,0.0345821325648414,0.009090909090909,0.061943232652274
U_19887945,C_948436,2.0,西安美术学院,2020-05-17 18:48:39,4,E,727,171,0.0277777777777777,0.0,0.0036697247706422,0.0036697247706422,0.0057636887608069,0.0,0.0610173180464914
U_24488356,C_948395,2.0,西安美术学院,2020-05-07 15:04:20,0,A,727,170,0.125,0.0,0.1651376146788991,0.2788990825688073,0.1786743515850144,0.0666666666666666,0.0651583128316258
U_31066858,C_682392,0.0,中国医科大学,2020-09-14 19:58:30,2,C,69,108,0.0416666666666666,0.0,0.1192660550458715,0.1192660550458715,0.0605187319884726,0.0189393939393939,0.0605472021333647
U_20169106,C_676646,2.0,辽宁对外经贸学院,2020-06-29 21:44:26,4,E,781,90,0.0277777777777777,0.0,0.0055045871559633,0.0055045871559633,0.0057636887608069,0.0015151515151515,0.0611809780896936
U_1037951,C_735164,0.0,昆明理工大学,2020-09-22 16:50:15,0,A,476,138,0.1111111111111111,0.0,0.1981651376146789,0.2844036697247706,0.2420749279538904,0.0674242424242424,0.0316008193253067
U_28729806,C_682750,1.0,辽宁对外经贸学院,2020-07-15 15:00:57,4,E,781,115,0.0416666666666666,0.0,0.0110091743119266,0.0110091743119266,0.0057636887608069,0.003030303030303,0.0614689518195984
U_282225,C_948120,2.0,中国农业大学,2020-10-13 07:42:14,4,E,67,167,0.0138888888888888,0.0,0.0385321100917431,0.0385321100917431,0.0374639769452449,0.0106060606060606,0.06144754779785
U_11970057,C_948488,1.0,合肥工业大学,2020-03-06 14:48:56,1,B,248,172,0.0138888888888888,0.0,0.0440366972477064,0.0458715596330275,0.0691642651296829,0.0227272727272727,0.1072748360654209
U_29764234,C_1017355,0.0,华南理工大学,2020-05-02 18:40:51,3,D,211,0,0.1388888888888889,0.0,0.073394495412844,0.073394495412844,0.031700288184438,0.009090909090909,0.0810152758312815
U_22871799,C_674959,1.0,辽宁对外经贸学院,2020-08-02 18:55:47,4,E,781,88,0.0138888888888888,0.0,0.036697247706422,0.036697247706422,0.0230547550432276,0.0068181818181818,0.0621014847381071
U_5798674,C_1829948,1.0,北方民族大学,2020-06-04 10:45:21,3,D,190,61,0.0555555555555555,0.0,0.0422018348623853,0.0422018348623853,0.0288184438040345,0.0075757575757575,0.0562220248001403
U_14329531,C_682392,2.0,陕西工业职业技术学院,2020-09-14 19:54:32,0,A,876,108,0.1111111111111111,0.0,0.146788990825688,0.2587155963302752,0.1729106628242074,0.0507575757575757,0.0612310066476997
U_30586880,C_1829948,1.0,辽宁对外经贸学院,2020-06-17 18:16:50,4,E,781,61,0.0416666666666666,0.0,0.0146788990825688,0.0146788990825688,0.0028818443804034,0.0007575757575757,0.0615730698559794
U_29715552,C_747056,0.0,辽宁对外经贸学院,2020-04-28 23:05:54,4,E,781,147,0.0416666666666666,0.0,0.0275229357798165,0.0275229357798165,0.0230547550432276,0.0068181818181818,0.0621170598534238
U_6075043,C_1829948,2.0,辽宁对外经贸学院,2020-06-18 14:36:29,4,E,781,61,0.2777777777777778,0.0,0.3522935779816514,0.3522935779816514,0.4207492795389049,0.1106060606060606,0.0724178864615932
U_4329027,C_735164,2.0,云南财经大学,2020-11-17 22:12:17,0,A,117,138,0.1111111111111111,0.0,0.1761467889908257,0.2238532110091743,0.1527377521613832,0.0454545454545454,0.0685048875934541
U_11250398,C_948120,0.0,中国农业大学,2020-10-22 14:28:04,4,E,67,167,0.0416666666666666,0.0,0.0752293577981651,0.0752293577981651,0.0576368876080691,0.0318181818181818,0.0645174451216773
U_22341471,C_1829948,0.0,中国医科大学,2020-06-04 11:27:11,2,C,69,61,0.3194444444444444,0.0,0.3577981651376147,0.3577981651376147,0.2219020172910662,0.0583333333333333,0.0753823434737488
U_10592362,C_1750793,0.0,北京体育大学,2020-04-14 20:47:39,2,C,159,17,0.1388888888888889,0.0,0.2073394495412844,0.2073394495412844,0.1613832853025936,0.0575757575757575,0.0801782953815744
U_33455771,C_697076,2.0,辽宁对外经贸学院,2020-11-23 11:43:33,4,E,781,121,0.0416666666666666,0.0,0.0844036697247706,0.0844036697247706,0.0778097982708933,0.0333333333333333,0.060665325392676
U_31153876,C_676646,1.0,辽宁对外经贸学院,2020-08-08 05:35:10,4,E,781,90,0.0277777777777777,0.0,0.0091743119266055,0.0091743119266055,0.0028818443804034,0.0007575757575757,0.0613658341562839
U_33224723,C_697076,2.0,辽宁对外经贸学院,2020-09-24 14:07:10,0,A,781,121,0.0694444444444444,0.0,0.0275229357798165,0.0275229357798165,0.0432276657060518,0.0136363636363636,0.0800258078217281
U_5200019,C_674920,2.0,辽宁对外经贸学院,2020-06-11 07:39:50,4,E,781,87,0.0277777777777777,0.0,0.018348623853211,0.018348623853211,0.0288184438040345,0.0075757575757575,0.0600439352434717
U_3389057,C_735164,0.0,山东大学,2020-11-17 00:28:36,0,A,367,138,0.0972222222222222,0.0,0.1449541284403669,0.2495412844036697,0.1786743515850144,0.0401515151515151,0.0494790002410767
U_12649614,C_735197,0.0,辽宁石油化工大学,2020-09-13 20:35:48,4,E,790,141,0.0277777777777777,0.0,0.0385321100917431,0.0385321100917431,0.0605187319884726,0.0265151515151515,0.00061930222718
U_33268831,C_697076,0.0,辽宁对外经贸学院,2020-10-07 12:13:00,4,E,781,121,0.0416666666666666,0.0,0.0807339449541284,0.0807339449541284,0.0691642651296829,0.034090909090909,0.0616581312806788
U_32719321,C_735164,1.0,昆明理工大学,2020-11-30 21:54:47,4,E,476,138,0.0416666666666666,0.0,0.055045871559633,0.0697247706422018,0.0691642651296829,0.0318181818181818,0.0627530693159555
U_32134026,C_697076,2.0,辽宁对外经贸学院,2020-09-07 19:33:50,4,E,781,121,0.0416666666666666,0.0,0.0844036697247706,0.0844036697247706,0.0749279538904899,0.0333333333333333,0.0609127889657316
U_29821915,C_756642,2.0,辽宁对外经贸学院,2020-05-07 21:32:32,4,E,781,149,0.0277777777777777,0.0,0.0091743119266055,0.0091743119266055,0.0086455331412103,0.003030303030303,0.061713914459988
U_29494995,C_735385,1.0,昆明理工大学,2020-04-21 09:14:37,0,A,476,146,0.0972222222222222,0.0,0.1853211009174312,0.218348623853211,0.2103746397694524,0.1,0.0880707535463263
U_16632909,C_1844112,2.0,内蒙古大学,2020-08-19 08:07:15,0,A,145,63,0.1666666666666666,0.2,0.3669724770642202,0.3669724770642202,0.5504322766570605,0.571969696969697,0.0392199099896141
U_30669752,C_682157,2.0,辽宁对外经贸学院,2020-10-27 11:07:13,4,E,781,105,0.0416666666666666,0.0,0.1174311926605504,0.1174311926605504,0.1527377521613832,0.0401515151515151,0.0644465028237722
U_9752341,C_707358,2.0,湖北文理学院理工学院,2020-05-14 13:30:24,0,A,626,134,0.0138888888888888,0.0,0.018348623853211,0.0293577981651376,0.0259365994236311,0.0068181818181818,0.0761467671620871
U_31403252,C_801420,0.0,辽宁对外经贸学院,2020-08-24 09:26:03,4,E,781,155,0.0277777777777777,0.0,0.0018348623853211,0.0018348623853211,0.0,0.0,0.0612796980733893
U_14513493,C_1771170,1.0,辽宁对外经贸学院,2020-10-10 15:59:56,4,E,781,40,0.0277777777777777,0.0,0.0036697247706422,0.0036697247706422,0.0028818443804034,0.0007575757575757,0.0611219016030122
U_985815,C_735164,2.0,昆明理工大学,2020-09-16 23:14:50,0,A,476,138,0.1111111111111111,0.0,0.1889908256880734,0.273394495412844,0.2247838616714697,0.0659090909090909,0.0666109733803114
U_30593848,C_1829948,1.0,中国医科大学,2020-06-18 09:09:53,2,C,69,61,0.0972222222222222,0.0,0.4770642201834862,0.4770642201834862,0.5734870317002881,0.1507575757575757,0.0731098425307172
U_31066540,C_682392,0.0,昆明理工大学,2020-08-06 11:21:15,0,A,476,108,0.0972222222222222,0.0,0.0935779816513761,0.255045871559633,0.1469740634005763,0.0378787878787878,0.0464432196006887
U_32725482,C_735164,1.0,昆明理工大学,2020-10-13 19:08:38,0,A,476,138,0.0972222222222222,0.0,0.0330275229357798,0.0330275229357798,0.0518731988472622,0.0242424242424242,0.0632375470206302
U_26653713,C_735197,1.0,辽宁对外经贸学院,2020-12-07 17:13:14,4,E,781,141,0.0555555555555555,0.0,0.1944954128440367,0.1944954128440367,0.2997118155619596,0.0893939393939394,0.0653233149594864
U_5076040,C_1864065,2.0,湖北理工学院,2020-06-21 20:48:03,4,E,631,67,0.0416666666666666,0.0,0.1045871559633027,0.1045871559633027,0.0835734870317002,0.0401515151515151,0.0641174296083306
U_18089484,C_677087,2.0,辽宁对外经贸学院,2020-08-05 23:55:38,4,E,781,92,0.0416666666666666,0.0,0.0935779816513761,0.0935779816513761,0.1469740634005763,0.0,0.067557747250232
U_12704232,C_1829948,2.0,中国医科大学,2020-06-05 10:35:35,2,C,69,61,0.0694444444444444,0.0,0.0513761467889908,0.0513761467889908,0.0605187319884726,0.0159090909090909,0.0711002267534587
U_32754060,C_735164,0.0,昆明理工大学,2020-11-27 16:43:09,4,E,476,138,0.0555555555555555,0.0,0.1779816513761468,0.1853211009174312,0.2737752161383285,0.1128787878787878,0.0650256643534834
U_32740255,C_735164,1.0,昆明理工大学,2020-09-15 11:12:27,2,C,476,138,0.1527777777777777,0.0,0.1963302752293578,0.1963302752293578,0.1959654178674351,0.0606060606060606,0.0714639019818472
U_30354471,C_1829948,1.0,中国医科大学,2020-06-04 16:16:31,2,C,69,61,0.2638888888888889,0.0,0.4770642201834862,0.4770642201834862,0.3487031700288184,0.0916666666666666,0.0773504190070402
U_28577774,C_1736024,2.0,辽宁对外经贸学院,2020-05-17 21:15:30,4,E,781,14,0.0416666666666666,0.0,0.0110091743119266,0.0110091743119266,0.0172910662824207,0.0075757575757575,0.0612246181266318
U_27878258,C_735283,1.0,辽宁对外经贸学院,2020-04-20 16:05:48,4,E,781,143,0.0416666666666666,0.0,0.0697247706422018,0.0697247706422018,0.0547550432276657,0.034090909090909,0.0633120054812937
U_31185632,C_697076,2.0,辽宁对外经贸学院,2020-08-13 07:21:12,4,E,781,121,0.0277777777777777,0.0,0.1559633027522936,0.1559633027522936,0.1815561959654178,0.0545454545454545,0.0774061526629302
U_12617603,C_948113,2.0,沈阳师范大学,2020-05-05 15:31:35,4,E,538,166,0.0138888888888888,0.0,0.0238532110091743,0.0238532110091743,0.031700288184438,0.009090909090909,0.0611446873281544
U_31060168,C_735115,2.0,辽宁对外经贸学院,2020-07-25 14:12:23,4,E,781,136,0.0833333333333333,0.0,0.5211009174311927,0.5211009174311927,0.3371757925072046,0.1113636363636363,0.0775106025062194
U_31104172,C_682392,0.0,昆明理工大学,2020-08-01 17:31:57,0,A,476,108,0.1111111111111111,0.0,0.1596330275229358,0.1596330275229358,0.2507204610951008,0.0863636363636363,0.0589617990120404
U_30011436,C_948136,0.0,辽宁对外经贸学院,2020-05-16 13:03:37,4,E,781,168,0.0277777777777777,0.0,0.0036697247706422,0.0036697247706422,0.0028818443804034,0.0007575757575757,0.0613254527603244
U_30617390,C_1829948,0.0,辽宁对外经贸学院,2020-06-19 16:31:28,4,E,781,61,0.0138888888888888,0.0,0.0073394495412844,0.0073394495412844,0.0057636887608069,0.0015151515151515,0.0606228144896939
U_21342805,C_676635,2.0,辽宁对外经贸学院,2020-04-30 10:03:20,4,E,781,89,0.0416666666666666,0.0,0.0678899082568807,0.0678899082568807,0.0461095100864553,0.0325757575757575,0.0629065423918425
U_3702544,C_1017355,2.0,广州中医药大学,2020-03-11 15:26:09,4,E,423,0,0.0277777777777777,0.0,0.0715596330275229,0.0715596330275229,0.0432276657060518,0.028030303030303,0.0611327521841438
U_31167540,C_1738818,1.0,辽宁对外经贸学院,2020-09-22 00:02:48,4,E,781,15,0.0277777777777777,0.0,0.0055045871559633,0.0055045871559633,0.0,0.0,0.0616084592912904
U_31212220,C_801420,1.0,辽宁对外经贸学院,2020-08-21 12:56:49,4,E,781,155,0.0416666666666666,0.0,0.0660550458715596,0.0660550458715596,0.100864553314121,0.0098484848484848,0.062807748123018
U_13814234,C_682392,0.0,广州中医药大学,2019-11-02 16:26:09,1,B,423,108,0.0416666666666666,0.0,0.0513761467889908,0.0990825688073394,0.0806916426512968,0.0174242424242424,0.0865831492731019
U_30318241,C_676635,2.0,辽宁对外经贸学院,2020-06-02 10:34:48,4,E,781,89,0.0416666666666666,0.0,0.0275229357798165,0.0275229357798165,0.0432276657060518,0.0113636363636363,0.0609680323397723
U_22138636,C_948395,2.0,西安美术学院,2020-05-25 09:19:33,0,A,727,170,0.1388888888888889,0.0,0.110091743119266,0.110091743119266,0.1729106628242074,0.1,0.0683069028684523
U_33329275,C_697076,2.0,辽宁对外经贸学院,2020-11-20 21:34:47,4,E,781,121,0.0555555555555555,0.0,0.1302752293577981,0.1302752293577981,0.0720461095100864,0.0189393939393939,0.0649475758261977
U_3775506,C_735164,1.0,潍坊科技学院,2020-10-24 20:56:43,0,A,652,138,0.0694444444444444,0.0,0.055045871559633,0.0660550458715596,0.0778097982708933,0.0363636363636363,0.0752986588001012
U_10272632,C_1918363,2.0,新乡医学院三全学院,2020-11-16 08:32:39,4,E,461,76,0.0416666666666666,0.0,0.0073394495412844,0.0073394495412844,0.0086455331412103,0.006060606060606,0.0615575244547142
U_10467552,C_1750793,0.0,北京体育大学,2020-05-24 08:08:50,0,A,159,17,0.1111111111111111,0.0,0.2018348623853211,0.2623853211009174,0.1902017291066282,0.0787878787878787,0.0729809231660354
U_31153484,C_676646,0.0,辽宁对外经贸学院,2020-08-07 22:22:03,4,E,781,90,0.0416666666666666,0.0,0.0256880733944954,0.0256880733944954,0.0288184438040345,0.0075757575757575,0.0617385077899284
U_11520556,C_1918363,0.0,新乡医学院三全学院,2020-10-30 07:53:29,2,C,461,76,0.1388888888888889,0.0,0.2018348623853211,0.2018348623853211,0.1671469740634005,0.0628787878787878,0.0850447537812167
U_1091763,C_735164,0.0,湖北大学,2020-09-17 10:52:33,0,A,621,138,0.1111111111111111,0.0,0.2,0.273394495412844,0.2190201729106628,0.0787878787878787,0.0748684538104522
U_29772177,C_1017355,2.0,广州中医药大学,2020-05-03 22:19:55,1,B,423,0,0.125,0.0,0.0752293577981651,0.0752293577981651,0.0778097982708933,0.0242424242424242,0.1117816157765987
U_31045867,C_801420,1.0,华北电力大学,2020-07-23 08:10:07,4,E,205,155,0.0833333333333333,0.0,0.0201834862385321,0.0256880733944954,0.031700288184438,0.0386363636363636,0.072065081623704
U_14213713,C_813262,0.0,昆明理工大学,2019-11-14 17:39:12,0,A,476,157,0.0833333333333333,0.0,0.181651376146789,0.2587155963302752,0.201729106628242,0.0522727272727272,0.0657116528506021
U_33200323,C_697076,2.0,辽宁对外经贸学院,2020-11-16 10:30:55,4,E,781,121,0.0138888888888888,0.0,0.0495412844036697,0.0495412844036697,0.0778097982708933,0.0363636363636363,0.060340659761537
U_32753736,C_735164,1.0,昆明理工大学,2020-12-01 17:08:26,4,E,476,138,0.0416666666666666,0.0,0.0018348623853211,0.0018348623853211,0.0,0.0,0.0609728509684537
U_6987801,C_756642,2.0,辽宁对外经贸学院,2020-05-11 21:12:15,4,E,781,149,0.0138888888888888,0.0,0.0091743119266055,0.0091743119266055,0.0144092219020172,0.0053030303030303,0.0602676424323703
U_22870108,C_1864065,1.0,湖北理工学院,2020-06-20 10:14:41,4,E,631,67,0.0555555555555555,0.0,0.1706422018348624,0.1706422018348624,0.1757925072046109,0.0901515151515151,0.0647539343050536
U_13535145,C_948120,1.0,昆明理工大学,2020-09-24 15:58:16,0,A,476,167,0.0972222222222222,0.0,0.2330275229357798,0.2697247706422018,0.2161383285302593,0.0863636363636363,0.0714687156581867
U_11475703,C_735385,1.0,清华大学,2020-06-16 15:16:51,4,E,612,146,0.0416666666666666,0.0,0.036697247706422,0.036697247706422,0.0288184438040345,0.0075757575757575,0.0620997563707794
U_31018340,C_1761368,2.0,昆明理工大学,2020-09-08 09:20:47,0,A,476,31,0.0972222222222222,0.0,0.0990825688073394,0.0990825688073394,0.1296829971181556,0.0409090909090909,0.109433383621032
U_15313117,C_707035,2.0,辽宁对外经贸学院,2020-07-11 17:29:00,4,E,781,130,0.0416666666666666,0.0,0.0348623853211009,0.0348623853211009,0.0403458213256484,0.0136363636363636,0.0629790892485274
U_31094901,C_735115,2.0,昆明理工大学,2020-07-29 21:17:20,0,A,476,136,0.1388888888888889,0.0,0.5211009174311927,0.5211009174311927,0.7723342939481268,0.2636363636363636,0.071776439327641
U_28976140,C_948436,2.0,辽宁对外经贸学院,2020-05-17 23:51:40,4,E,781,171,0.0416666666666666,0.0,0.0165137614678899,0.0165137614678899,0.0259365994236311,0.0045454545454545,0.0612156345784015
U_30955375,C_1829948,1.0,广州中医药大学,2020-07-14 20:05:25,1,B,423,61,0.2361111111111111,0.0,0.4697247706422018,0.4697247706422018,0.2968299711815562,0.078030303030303,0.1033778283093192
U_12201794,C_677087,2.0,昆明理工大学,2020-11-05 11:30:00,0,A,476,92,0.125,0.0,0.3614678899082569,0.3614678899082569,0.5677233429394812,0.1492424242424242,0.0683483044468458
U_30256087,C_674920,1.0,辽宁对外经贸学院,2020-05-28 15:08:18,4,E,781,87,0.0555555555555555,0.0,0.2201834862385321,0.2201834862385321,0.3314121037463977,0.0893939393939394,0.065617285975448
U_11518204,C_735197,1.0,辽宁石油化工大学,2020-09-11 17:16:37,4,E,790,141,0.0694444444444444,0.0,0.0256880733944954,0.0256880733944954,0.0288184438040345,0.0075757575757575,0.0610120883734312
U_31201675,C_1907855,1.0,辽宁对外经贸学院,2020-08-15 10:30:09,4,E,781,72,0.0416666666666666,0.0,0.0330275229357798,0.0330275229357798,0.031700288184438,0.0083333333333333,0.0620914166269978
U_27781527,C_1017355,2.0,华南理工大学,2020-04-19 19:00:47,3,D,211,0,0.1527777777777777,0.0,0.1871559633027523,0.2055045871559633,0.1123919308357348,0.1371212121212121,0.0787741628312952
U_18069778,C_948113,0.0,辽宁对外经贸学院,2020-04-01 19:38:45,4,E,781,166,0.0277777777777777,0.0,0.0697247706422018,0.0697247706422018,0.0461095100864553,0.0295454545454545,0.0618028337590377
U_15339030,C_801420,2.0,辽宁对外经贸学院,2020-08-04 08:52:45,4,E,781,155,0.0416666666666666,0.0,0.0605504587155963,0.0605504587155963,0.0461095100864553,0.0121212121212121,0.0632178366998161
U_3745502,C_735164,1.0,昆仑学院,2020-11-11 19:08:20,0,A,469,138,0.1111111111111111,0.0,0.1779816513761468,0.2220183486238532,0.1527377521613832,0.0462121212121212,0.0666507010671383
U_31211817,C_676646,2.0,辽宁对外经贸学院,2020-08-16 23:25:50,4,E,781,90,0.0277777777777777,0.0,0.0091743119266055,0.0091743119266055,0.0086455331412103,0.0022727272727272,0.0612978087877655
U_33345003,C_697076,0.0,辽宁对外经贸学院,2020-11-24 18:41:39,4,E,781,121,0.0416666666666666,0.0,0.0091743119266055,0.0091743119266055,0.0086455331412103,0.0022727272727272,0.0645905961640757
U_29668137,C_735283,1.0,辽宁对外经贸学院,2020-04-26 21:24:29,4,E,781,143,0.0416666666666666,0.0,0.0715596330275229,0.0715596330275229,0.0576368876080691,0.0363636363636363,0.0630347436669469
U_10720613,C_1017355,2.0,广中医,2020-03-02 02:50:45,0,A,420,0,0.1111111111111111,0.0,0.2036697247706422,0.2715596330275229,0.2074927953890489,0.0568181818181818,0.0720035289660661
U_17700423,C_756642,2.0,江苏大学,2020-05-07 20:57:37,4,E,521,149,0.0416666666666666,0.0,0.0348623853211009,0.0348623853211009,0.0201729106628242,0.0068181818181818,0.058928712415719
U_31771647,C_1992950,1.0,辽宁对外经贸学院,2020-11-24 01:46:24,4,E,781,83,0.0416666666666666,0.0,0.0146788990825688,0.0146788990825688,0.0144092219020172,0.0757575757575757,0.0606630225536864
U_31125859,C_1912004,1.0,辽宁对外经贸学院,2020-08-03 18:17:09,4,E,781,74,0.0416666666666666,0.0,0.0990825688073394,0.0990825688073394,0.0489913544668587,0.0295454545454545,0.0578815397181941
U_4458461,C_735197,1.0,华南理工大学,2020-10-19 21:41:21,3,D,211,141,0.2083333333333333,0.0,0.0458715596330275,0.2165137614678899,0.0662824207492795,0.1856060606060606,0.0621682621164634
U_30556073,C_1829948,0.0,华南理工大学,2020-06-16 12:16:09,3,D,211,61,0.3194444444444444,0.0,0.4770642201834862,0.4770642201834862,0.7492795389048991,0.1969696969696969,0.0712034484159535
U_31099290,C_674920,1.0,辽宁对外经贸学院,2020-07-30 10:16:39,4,E,781,87,0.0416666666666666,0.0,0.018348623853211,0.018348623853211,0.0230547550432276,0.006060606060606,0.0609710433636554
U_34293448,C_2027893,0.0,辽宁对外经贸学院,2020-10-05 20:03:38,4,E,781,84,0.0416666666666666,0.0,0.0165137614678899,0.0165137614678899,0.0201729106628242,0.0068181818181818,0.0615423356220667
U_31273688,C_801420,0.0,辽宁对外经贸学院,2020-08-25 23:08:28,4,E,781,155,0.0277777777777777,0.0,0.0055045871559633,0.0055045871559633,0.0,0.0,0.0614305414557204
U_30541272,C_1829948,2.0,辽宁对外经贸学院,2020-06-15 17:12:18,4,E,781,61,0.25,0.0,0.1596330275229358,0.1596330275229358,0.1383285302593659,0.0363636363636363,0.0675673003177824
